<?xml version="1.0"?>
<opencv_storage>
<imagelist>
"/image_0/000000.png"
"/image_1/000000.png"
"/image_0/000001.png"
"/image_1/000001.png"
"/image_0/000002.png"
"/image_1/000002.png"
"/image_0/000003.png"
"/image_1/000003.png"
"/image_0/000004.png"
"/image_1/000004.png"
"/image_0/000005.png"
"/image_1/000005.png"
"/image_0/000006.png"
"/image_1/000006.png"
"/image_0/000007.png"
"/image_1/000007.png"
"/image_0/000008.png"
"/image_1/000008.png"
"/image_0/000009.png"
"/image_1/000009.png"
"/image_0/000010.png"
"/image_1/000010.png"
"/image_0/000011.png"
"/image_1/000011.png"
"/image_0/000012.png"
"/image_1/000012.png"
"/image_0/000013.png"
"/image_1/000013.png"
"/image_0/000014.png"
"/image_1/000014.png"
"/image_0/000015.png"
"/image_1/000015.png"
"/image_0/000016.png"
"/image_1/000016.png"
"/image_0/000017.png"
"/image_1/000017.png"
"/image_0/000018.png"
"/image_1/000018.png"
"/image_0/000019.png"
"/image_1/000019.png"
</imagelist>
</opencv_storage>
