<?xml version="1.0"?>
<opencv_storage>
<imagelist>
"/image_0/001820.png"
"/image_1/001820.png"
"/image_0/001821.png"
"/image_1/001821.png"
"/image_0/001822.png"
"/image_1/001822.png"
"/image_0/001823.png"
"/image_1/001823.png"
"/image_0/001824.png"
"/image_1/001824.png"
"/image_0/001825.png"
"/image_1/001825.png"
"/image_0/001826.png"
"/image_1/001826.png"
"/image_0/001827.png"
"/image_1/001827.png"
"/image_0/001828.png"
"/image_1/001828.png"
"/image_0/001829.png"
"/image_1/001829.png"
"/image_0/001830.png"
"/image_1/001830.png"
"/image_0/001831.png"
"/image_1/001831.png"
"/image_0/001832.png"
"/image_1/001832.png"
"/image_0/001833.png"
"/image_1/001833.png"
"/image_0/001834.png"
"/image_1/001834.png"
"/image_0/001835.png"
"/image_1/001835.png"
"/image_0/001836.png"
"/image_1/001836.png"
"/image_0/001837.png"
"/image_1/001837.png"
"/image_0/001838.png"
"/image_1/001838.png"
"/image_0/001839.png"
"/image_1/001839.png"
"/image_0/001840.png"
"/image_1/001840.png"
"/image_0/001841.png"
"/image_1/001841.png"
"/image_0/001842.png"
"/image_1/001842.png"
"/image_0/001843.png"
"/image_1/001843.png"
"/image_0/001844.png"
"/image_1/001844.png"
"/image_0/001845.png"
"/image_1/001845.png"
"/image_0/001846.png"
"/image_1/001846.png"
"/image_0/001847.png"
"/image_1/001847.png"
"/image_0/001848.png"
"/image_1/001848.png"
"/image_0/001849.png"
"/image_1/001849.png"
"/image_0/001850.png"
"/image_1/001850.png"
"/image_0/001851.png"
"/image_1/001851.png"
"/image_0/001852.png"
"/image_1/001852.png"
"/image_0/001853.png"
"/image_1/001853.png"
"/image_0/001854.png"
"/image_1/001854.png"
"/image_0/001855.png"
"/image_1/001855.png"
"/image_0/001856.png"
"/image_1/001856.png"
"/image_0/001857.png"
"/image_1/001857.png"
"/image_0/001858.png"
"/image_1/001858.png"
"/image_0/001859.png"
"/image_1/001859.png"
"/image_0/001860.png"
"/image_1/001860.png"
"/image_0/001861.png"
"/image_1/001861.png"
"/image_0/001862.png"
"/image_1/001862.png"
"/image_0/001863.png"
"/image_1/001863.png"
"/image_0/001864.png"
"/image_1/001864.png"
"/image_0/001865.png"
"/image_1/001865.png"
"/image_0/001866.png"
"/image_1/001866.png"
"/image_0/001867.png"
"/image_1/001867.png"
"/image_0/001868.png"
"/image_1/001868.png"
"/image_0/001869.png"
"/image_1/001869.png"
"/image_0/001870.png"
"/image_1/001870.png"
"/image_0/001871.png"
"/image_1/001871.png"
"/image_0/001872.png"
"/image_1/001872.png"
"/image_0/001873.png"
"/image_1/001873.png"
"/image_0/001874.png"
"/image_1/001874.png"
"/image_0/001875.png"
"/image_1/001875.png"
"/image_0/001876.png"
"/image_1/001876.png"
"/image_0/001877.png"
"/image_1/001877.png"
"/image_0/001878.png"
"/image_1/001878.png"
"/image_0/001879.png"
"/image_1/001879.png"
"/image_0/001880.png"
"/image_1/001880.png"
"/image_0/001881.png"
"/image_1/001881.png"
"/image_0/001882.png"
"/image_1/001882.png"
"/image_0/001883.png"
"/image_1/001883.png"
"/image_0/001884.png"
"/image_1/001884.png"
"/image_0/001885.png"
"/image_1/001885.png"
"/image_0/001886.png"
"/image_1/001886.png"
"/image_0/001887.png"
"/image_1/001887.png"
"/image_0/001888.png"
"/image_1/001888.png"
"/image_0/001889.png"
"/image_1/001889.png"
"/image_0/001890.png"
"/image_1/001890.png"
"/image_0/001891.png"
"/image_1/001891.png"
"/image_0/001892.png"
"/image_1/001892.png"
"/image_0/001893.png"
"/image_1/001893.png"
"/image_0/001894.png"
"/image_1/001894.png"
"/image_0/001895.png"
"/image_1/001895.png"
"/image_0/001896.png"
"/image_1/001896.png"
"/image_0/001897.png"
"/image_1/001897.png"
"/image_0/001898.png"
"/image_1/001898.png"
"/image_0/001899.png"
"/image_1/001899.png"
"/image_0/001900.png"
"/image_1/001900.png"
"/image_0/001901.png"
"/image_1/001901.png"
"/image_0/001902.png"
"/image_1/001902.png"
"/image_0/001903.png"
"/image_1/001903.png"
"/image_0/001904.png"
"/image_1/001904.png"
"/image_0/001905.png"
"/image_1/001905.png"
"/image_0/001906.png"
"/image_1/001906.png"
"/image_0/001907.png"
"/image_1/001907.png"
"/image_0/001908.png"
"/image_1/001908.png"
"/image_0/001909.png"
"/image_1/001909.png"
"/image_0/001910.png"
"/image_1/001910.png"
"/image_0/001911.png"
"/image_1/001911.png"
"/image_0/001912.png"
"/image_1/001912.png"
"/image_0/001913.png"
"/image_1/001913.png"
"/image_0/001914.png"
"/image_1/001914.png"
"/image_0/001915.png"
"/image_1/001915.png"
"/image_0/001916.png"
"/image_1/001916.png"
"/image_0/001917.png"
"/image_1/001917.png"
"/image_0/001918.png"
"/image_1/001918.png"
"/image_0/001919.png"
"/image_1/001919.png"
"/image_0/001920.png"
"/image_1/001920.png"
"/image_0/001921.png"
"/image_1/001921.png"
"/image_0/001922.png"
"/image_1/001922.png"
"/image_0/001923.png"
"/image_1/001923.png"
"/image_0/001924.png"
"/image_1/001924.png"
"/image_0/001925.png"
"/image_1/001925.png"
"/image_0/001926.png"
"/image_1/001926.png"
"/image_0/001927.png"
"/image_1/001927.png"
"/image_0/001928.png"
"/image_1/001928.png"
"/image_0/001929.png"
"/image_1/001929.png"
"/image_0/001930.png"
"/image_1/001930.png"
"/image_0/001931.png"
"/image_1/001931.png"
"/image_0/001932.png"
"/image_1/001932.png"
"/image_0/001933.png"
"/image_1/001933.png"
"/image_0/001934.png"
"/image_1/001934.png"
"/image_0/001935.png"
"/image_1/001935.png"
"/image_0/001936.png"
"/image_1/001936.png"
"/image_0/001937.png"
"/image_1/001937.png"
"/image_0/001938.png"
"/image_1/001938.png"
"/image_0/001939.png"
"/image_1/001939.png"
"/image_0/001940.png"
"/image_1/001940.png"
"/image_0/001941.png"
"/image_1/001941.png"
"/image_0/001942.png"
"/image_1/001942.png"
"/image_0/001943.png"
"/image_1/001943.png"
"/image_0/001944.png"
"/image_1/001944.png"
"/image_0/001945.png"
"/image_1/001945.png"
"/image_0/001946.png"
"/image_1/001946.png"
"/image_0/001947.png"
"/image_1/001947.png"
"/image_0/001948.png"
"/image_1/001948.png"
"/image_0/001949.png"
"/image_1/001949.png"
"/image_0/001950.png"
"/image_1/001950.png"
"/image_0/001951.png"
"/image_1/001951.png"
"/image_0/001952.png"
"/image_1/001952.png"
"/image_0/001953.png"
"/image_1/001953.png"
"/image_0/001954.png"
"/image_1/001954.png"
"/image_0/001955.png"
"/image_1/001955.png"
"/image_0/001956.png"
"/image_1/001956.png"
"/image_0/001957.png"
"/image_1/001957.png"
"/image_0/001958.png"
"/image_1/001958.png"
"/image_0/001959.png"
"/image_1/001959.png"
"/image_0/001960.png"
"/image_1/001960.png"
"/image_0/001961.png"
"/image_1/001961.png"
"/image_0/001962.png"
"/image_1/001962.png"
"/image_0/001963.png"
"/image_1/001963.png"
"/image_0/001964.png"
"/image_1/001964.png"
"/image_0/001965.png"
"/image_1/001965.png"
"/image_0/001966.png"
"/image_1/001966.png"
"/image_0/001967.png"
"/image_1/001967.png"
"/image_0/001968.png"
"/image_1/001968.png"
"/image_0/001969.png"
"/image_1/001969.png"
"/image_0/001970.png"
"/image_1/001970.png"
"/image_0/001971.png"
"/image_1/001971.png"
"/image_0/001972.png"
"/image_1/001972.png"
"/image_0/001973.png"
"/image_1/001973.png"
"/image_0/001974.png"
"/image_1/001974.png"
"/image_0/001975.png"
"/image_1/001975.png"
</imagelist>
</opencv_storage>
