<?xml version="1.0"?>
<opencv_storage>
<imagelist>
"/image_0/000000.png"
"/image_1/000000.png"
"/image_0/000001.png"
"/image_1/000001.png"
"/image_0/000002.png"
"/image_1/000002.png"
"/image_0/000003.png"
"/image_1/000003.png"
"/image_0/000004.png"
"/image_1/000004.png"
"/image_0/000005.png"
"/image_1/000005.png"
"/image_0/000006.png"
"/image_1/000006.png"
"/image_0/000007.png"
"/image_1/000007.png"
"/image_0/000008.png"
"/image_1/000008.png"
"/image_0/000009.png"
"/image_1/000009.png"
"/image_0/000010.png"
"/image_1/000010.png"
"/image_0/000011.png"
"/image_1/000011.png"
"/image_0/000012.png"
"/image_1/000012.png"
"/image_0/000013.png"
"/image_1/000013.png"
"/image_0/000014.png"
"/image_1/000014.png"
"/image_0/000015.png"
"/image_1/000015.png"
"/image_0/000016.png"
"/image_1/000016.png"
"/image_0/000017.png"
"/image_1/000017.png"
"/image_0/000018.png"
"/image_1/000018.png"
"/image_0/000019.png"
"/image_1/000019.png"
"/image_0/000020.png"
"/image_1/000020.png"
"/image_0/000021.png"
"/image_1/000021.png"
"/image_0/000022.png"
"/image_1/000022.png"
"/image_0/000023.png"
"/image_1/000023.png"
"/image_0/000024.png"
"/image_1/000024.png"
"/image_0/000025.png"
"/image_1/000025.png"
"/image_0/000026.png"
"/image_1/000026.png"
"/image_0/000027.png"
"/image_1/000027.png"
"/image_0/000028.png"
"/image_1/000028.png"
"/image_0/000029.png"
"/image_1/000029.png"
"/image_0/000030.png"
"/image_1/000030.png"
"/image_0/000031.png"
"/image_1/000031.png"
"/image_0/000032.png"
"/image_1/000032.png"
"/image_0/000033.png"
"/image_1/000033.png"
"/image_0/000034.png"
"/image_1/000034.png"
"/image_0/000035.png"
"/image_1/000035.png"
"/image_0/000036.png"
"/image_1/000036.png"
"/image_0/000037.png"
"/image_1/000037.png"
"/image_0/000038.png"
"/image_1/000038.png"
"/image_0/000039.png"
"/image_1/000039.png"
"/image_0/000040.png"
"/image_1/000040.png"
"/image_0/000041.png"
"/image_1/000041.png"
"/image_0/000042.png"
"/image_1/000042.png"
"/image_0/000043.png"
"/image_1/000043.png"
"/image_0/000044.png"
"/image_1/000044.png"
"/image_0/000045.png"
"/image_1/000045.png"
"/image_0/000046.png"
"/image_1/000046.png"
"/image_0/000047.png"
"/image_1/000047.png"
"/image_0/000048.png"
"/image_1/000048.png"
"/image_0/000049.png"
"/image_1/000049.png"
"/image_0/000050.png"
"/image_1/000050.png"
"/image_0/000051.png"
"/image_1/000051.png"
"/image_0/000052.png"
"/image_1/000052.png"
"/image_0/000053.png"
"/image_1/000053.png"
"/image_0/000054.png"
"/image_1/000054.png"
"/image_0/000055.png"
"/image_1/000055.png"
"/image_0/000056.png"
"/image_1/000056.png"
"/image_0/000057.png"
"/image_1/000057.png"
"/image_0/000058.png"
"/image_1/000058.png"
"/image_0/000059.png"
"/image_1/000059.png"
"/image_0/000060.png"
"/image_1/000060.png"
"/image_0/000061.png"
"/image_1/000061.png"
"/image_0/000062.png"
"/image_1/000062.png"
"/image_0/000063.png"
"/image_1/000063.png"
"/image_0/000064.png"
"/image_1/000064.png"
"/image_0/000065.png"
"/image_1/000065.png"
"/image_0/000066.png"
"/image_1/000066.png"
"/image_0/000067.png"
"/image_1/000067.png"
"/image_0/000068.png"
"/image_1/000068.png"
"/image_0/000069.png"
"/image_1/000069.png"
"/image_0/000070.png"
"/image_1/000070.png"
"/image_0/000071.png"
"/image_1/000071.png"
"/image_0/000072.png"
"/image_1/000072.png"
"/image_0/000073.png"
"/image_1/000073.png"
"/image_0/000074.png"
"/image_1/000074.png"
"/image_0/000075.png"
"/image_1/000075.png"
"/image_0/000076.png"
"/image_1/000076.png"
"/image_0/000077.png"
"/image_1/000077.png"
"/image_0/000078.png"
"/image_1/000078.png"
"/image_0/000079.png"
"/image_1/000079.png"
"/image_0/000080.png"
"/image_1/000080.png"
"/image_0/000081.png"
"/image_1/000081.png"
"/image_0/000082.png"
"/image_1/000082.png"
"/image_0/000083.png"
"/image_1/000083.png"
"/image_0/000084.png"
"/image_1/000084.png"
"/image_0/000085.png"
"/image_1/000085.png"
"/image_0/000086.png"
"/image_1/000086.png"
"/image_0/000087.png"
"/image_1/000087.png"
"/image_0/000088.png"
"/image_1/000088.png"
"/image_0/000089.png"
"/image_1/000089.png"
"/image_0/000090.png"
"/image_1/000090.png"
"/image_0/000091.png"
"/image_1/000091.png"
"/image_0/000092.png"
"/image_1/000092.png"
"/image_0/000093.png"
"/image_1/000093.png"
"/image_0/000094.png"
"/image_1/000094.png"
"/image_0/000095.png"
"/image_1/000095.png"
"/image_0/000096.png"
"/image_1/000096.png"
"/image_0/000097.png"
"/image_1/000097.png"
"/image_0/000098.png"
"/image_1/000098.png"
"/image_0/000099.png"
"/image_1/000099.png"
"/image_0/000100.png"
"/image_1/000100.png"
"/image_0/000101.png"
"/image_1/000101.png"
"/image_0/000102.png"
"/image_1/000102.png"
"/image_0/000103.png"
"/image_1/000103.png"
"/image_0/000104.png"
"/image_1/000104.png"
"/image_0/000105.png"
"/image_1/000105.png"
"/image_0/000106.png"
"/image_1/000106.png"
"/image_0/000107.png"
"/image_1/000107.png"
"/image_0/000108.png"
"/image_1/000108.png"
"/image_0/000109.png"
"/image_1/000109.png"
"/image_0/000110.png"
"/image_1/000110.png"
"/image_0/000111.png"
"/image_1/000111.png"
"/image_0/000112.png"
"/image_1/000112.png"
"/image_0/000113.png"
"/image_1/000113.png"
"/image_0/000114.png"
"/image_1/000114.png"
"/image_0/000115.png"
"/image_1/000115.png"
"/image_0/000116.png"
"/image_1/000116.png"
"/image_0/000117.png"
"/image_1/000117.png"
"/image_0/000118.png"
"/image_1/000118.png"
"/image_0/000119.png"
"/image_1/000119.png"
"/image_0/000120.png"
"/image_1/000120.png"
"/image_0/000121.png"
"/image_1/000121.png"
"/image_0/000122.png"
"/image_1/000122.png"
"/image_0/000123.png"
"/image_1/000123.png"
"/image_0/000124.png"
"/image_1/000124.png"
"/image_0/000125.png"
"/image_1/000125.png"
"/image_0/000126.png"
"/image_1/000126.png"
"/image_0/000127.png"
"/image_1/000127.png"
"/image_0/000128.png"
"/image_1/000128.png"
"/image_0/000129.png"
"/image_1/000129.png"
"/image_0/000130.png"
"/image_1/000130.png"
"/image_0/000131.png"
"/image_1/000131.png"
"/image_0/000132.png"
"/image_1/000132.png"
"/image_0/000133.png"
"/image_1/000133.png"
"/image_0/000134.png"
"/image_1/000134.png"
"/image_0/000135.png"
"/image_1/000135.png"
"/image_0/000136.png"
"/image_1/000136.png"
"/image_0/000137.png"
"/image_1/000137.png"
"/image_0/000138.png"
"/image_1/000138.png"
"/image_0/000139.png"
"/image_1/000139.png"
"/image_0/000140.png"
"/image_1/000140.png"
"/image_0/000141.png"
"/image_1/000141.png"
"/image_0/000142.png"
"/image_1/000142.png"
"/image_0/000143.png"
"/image_1/000143.png"
"/image_0/000144.png"
"/image_1/000144.png"
"/image_0/000145.png"
"/image_1/000145.png"
"/image_0/000146.png"
"/image_1/000146.png"
"/image_0/000147.png"
"/image_1/000147.png"
"/image_0/000148.png"
"/image_1/000148.png"
"/image_0/000149.png"
"/image_1/000149.png"
"/image_0/000150.png"
"/image_1/000150.png"
"/image_0/000151.png"
"/image_1/000151.png"
"/image_0/000152.png"
"/image_1/000152.png"
"/image_0/000153.png"
"/image_1/000153.png"
"/image_0/000154.png"
"/image_1/000154.png"
"/image_0/000155.png"
"/image_1/000155.png"
"/image_0/000156.png"
"/image_1/000156.png"
"/image_0/000157.png"
"/image_1/000157.png"
"/image_0/000158.png"
"/image_1/000158.png"
"/image_0/000159.png"
"/image_1/000159.png"
"/image_0/000160.png"
"/image_1/000160.png"
"/image_0/000161.png"
"/image_1/000161.png"
"/image_0/000162.png"
"/image_1/000162.png"
"/image_0/000163.png"
"/image_1/000163.png"
"/image_0/000164.png"
"/image_1/000164.png"
"/image_0/000165.png"
"/image_1/000165.png"
"/image_0/000166.png"
"/image_1/000166.png"
"/image_0/000167.png"
"/image_1/000167.png"
"/image_0/000168.png"
"/image_1/000168.png"
"/image_0/000169.png"
"/image_1/000169.png"
"/image_0/000170.png"
"/image_1/000170.png"
"/image_0/000171.png"
"/image_1/000171.png"
"/image_0/000172.png"
"/image_1/000172.png"
"/image_0/000173.png"
"/image_1/000173.png"
"/image_0/000174.png"
"/image_1/000174.png"
"/image_0/000175.png"
"/image_1/000175.png"
"/image_0/000176.png"
"/image_1/000176.png"
"/image_0/000177.png"
"/image_1/000177.png"
"/image_0/000178.png"
"/image_1/000178.png"
"/image_0/000179.png"
"/image_1/000179.png"
"/image_0/000180.png"
