<?xml version="1.0"?>
<opencv_storage>
<imagelist>
"/cam1_0000000001.pgm"
"/cam2_0000000001.pgm"
"/cam1_0000000002.pgm"
"/cam2_0000000002.pgm"
"/cam1_0000000003.pgm"
"/cam2_0000000003.pgm"
"/cam1_0000000004.pgm"
"/cam2_0000000004.pgm"
"/cam1_0000000005.pgm"
"/cam2_0000000005.pgm"
"/cam1_0000000006.pgm"
"/cam2_0000000006.pgm"
"/cam1_0000000007.pgm"
"/cam2_0000000007.pgm"
"/cam1_0000000008.pgm"
"/cam2_0000000008.pgm"
"/cam1_0000000009.pgm"
"/cam2_0000000009.pgm"
"/cam1_0000000010.pgm"
"/cam2_0000000010.pgm"
"/cam1_0000000011.pgm"
"/cam2_0000000011.pgm"
"/cam1_0000000012.pgm"
"/cam2_0000000012.pgm"
"/cam1_0000000013.pgm"
"/cam2_0000000013.pgm"
"/cam1_0000000014.pgm"
"/cam2_0000000014.pgm"
"/cam1_0000000015.pgm"
"/cam2_0000000015.pgm"
"/cam1_0000000016.pgm"
"/cam2_0000000016.pgm"
"/cam1_0000000017.pgm"
"/cam2_0000000017.pgm"
"/cam1_0000000018.pgm"
"/cam2_0000000018.pgm"
"/cam1_0000000019.pgm"
"/cam2_0000000019.pgm"
"/cam1_0000000020.pgm"
"/cam2_0000000020.pgm"
"/cam1_0000000021.pgm"
"/cam2_0000000021.pgm"
"/cam1_0000000022.pgm"
"/cam2_0000000022.pgm"
"/cam1_0000000023.pgm"
"/cam2_0000000023.pgm"
"/cam1_0000000024.pgm"
"/cam2_0000000024.pgm"
"/cam1_0000000025.pgm"
"/cam2_0000000025.pgm"
"/cam1_0000000026.pgm"
"/cam2_0000000026.pgm"
"/cam1_0000000027.pgm"
"/cam2_0000000027.pgm"
"/cam1_0000000028.pgm"
"/cam2_0000000028.pgm"
"/cam1_0000000029.pgm"
"/cam2_0000000029.pgm"
"/cam1_0000000030.pgm"
"/cam2_0000000030.pgm"
"/cam1_0000000031.pgm"
"/cam2_0000000031.pgm"
"/cam1_0000000032.pgm"
"/cam2_0000000032.pgm"
"/cam1_0000000033.pgm"
"/cam2_0000000033.pgm"
"/cam1_0000000034.pgm"
"/cam2_0000000034.pgm"
"/cam1_0000000035.pgm"
"/cam2_0000000035.pgm"
"/cam1_0000000036.pgm"
"/cam2_0000000036.pgm"
"/cam1_0000000037.pgm"
"/cam2_0000000037.pgm"
"/cam1_0000000038.pgm"
"/cam2_0000000038.pgm"
"/cam1_0000000039.pgm"
"/cam2_0000000039.pgm"
"/cam1_0000000040.pgm"
"/cam2_0000000040.pgm"
"/cam1_0000000041.pgm"
"/cam2_0000000041.pgm"
"/cam1_0000000042.pgm"
"/cam2_0000000042.pgm"
"/cam1_0000000043.pgm"
"/cam2_0000000043.pgm"
"/cam1_0000000044.pgm"
"/cam2_0000000044.pgm"
"/cam1_0000000045.pgm"
"/cam2_0000000045.pgm"
"/cam1_0000000046.pgm"
"/cam2_0000000046.pgm"
"/cam1_0000000047.pgm"
"/cam2_0000000047.pgm"
"/cam1_0000000048.pgm"
"/cam2_0000000048.pgm"
"/cam1_0000000049.pgm"
"/cam2_0000000049.pgm"
"/cam1_0000000050.pgm"
"/cam2_0000000050.pgm"
"/cam1_0000000051.pgm"
"/cam2_0000000051.pgm"
"/cam1_0000000052.pgm"
"/cam2_0000000052.pgm"
"/cam1_0000000053.pgm"
"/cam2_0000000053.pgm"
"/cam1_0000000054.pgm"
"/cam2_0000000054.pgm"
"/cam1_0000000055.pgm"
"/cam2_0000000055.pgm"
"/cam1_0000000056.pgm"
"/cam2_0000000056.pgm"
"/cam1_0000000057.pgm"
"/cam2_0000000057.pgm"
"/cam1_0000000058.pgm"
"/cam2_0000000058.pgm"
"/cam1_0000000059.pgm"
"/cam2_0000000059.pgm"
"/cam1_0000000060.pgm"
"/cam2_0000000060.pgm"
"/cam1_0000000061.pgm"
"/cam2_0000000061.pgm"
"/cam1_0000000062.pgm"
"/cam2_0000000062.pgm"
"/cam1_0000000063.pgm"
"/cam2_0000000063.pgm"
"/cam1_0000000064.pgm"
"/cam2_0000000064.pgm"
"/cam1_0000000065.pgm"
"/cam2_0000000065.pgm"
"/cam1_0000000066.pgm"
"/cam2_0000000066.pgm"
"/cam1_0000000067.pgm"
"/cam2_0000000067.pgm"
"/cam1_0000000068.pgm"
"/cam2_0000000068.pgm"
"/cam1_0000000069.pgm"
"/cam2_0000000069.pgm"
"/cam1_0000000070.pgm"
"/cam2_0000000070.pgm"
"/cam1_0000000071.pgm"
"/cam2_0000000071.pgm"
"/cam1_0000000072.pgm"
"/cam2_0000000072.pgm"
"/cam1_0000000073.pgm"
"/cam2_0000000073.pgm"
"/cam1_0000000074.pgm"
"/cam2_0000000074.pgm"
"/cam1_0000000075.pgm"
"/cam2_0000000075.pgm"
"/cam1_0000000076.pgm"
"/cam2_0000000076.pgm"
"/cam1_0000000077.pgm"
"/cam2_0000000077.pgm"
"/cam1_0000000078.pgm"
"/cam2_0000000078.pgm"
"/cam1_0000000079.pgm"
"/cam2_0000000079.pgm"
"/cam1_0000000080.pgm"
"/cam2_0000000080.pgm"
"/cam1_0000000081.pgm"
"/cam2_0000000081.pgm"
"/cam1_0000000082.pgm"
"/cam2_0000000082.pgm"
"/cam1_0000000083.pgm"
"/cam2_0000000083.pgm"
"/cam1_0000000084.pgm"
"/cam2_0000000084.pgm"
"/cam1_0000000085.pgm"
"/cam2_0000000085.pgm"
"/cam1_0000000086.pgm"
"/cam2_0000000086.pgm"
"/cam1_0000000087.pgm"
"/cam2_0000000087.pgm"
"/cam1_0000000088.pgm"
"/cam2_0000000088.pgm"
"/cam1_0000000089.pgm"
"/cam2_0000000089.pgm"
"/cam1_0000000090.pgm"
"/cam2_0000000090.pgm"
"/cam1_0000000091.pgm"
"/cam2_0000000091.pgm"
"/cam1_0000000092.pgm"
"/cam2_0000000092.pgm"
"/cam1_0000000093.pgm"
"/cam2_0000000093.pgm"
"/cam1_0000000094.pgm"
"/cam2_0000000094.pgm"
"/cam1_0000000095.pgm"
"/cam2_0000000095.pgm"
"/cam1_0000000096.pgm"
"/cam2_0000000096.pgm"
"/cam1_0000000097.pgm"
"/cam2_0000000097.pgm"
"/cam1_0000000098.pgm"
"/cam2_0000000098.pgm"
"/cam1_0000000099.pgm"
"/cam2_0000000099.pgm"
"/cam1_0000000100.pgm"
"/cam2_0000000100.pgm"
"/cam1_0000000101.pgm"
"/cam2_0000000101.pgm"
"/cam1_0000000102.pgm"
"/cam2_0000000102.pgm"
"/cam1_0000000103.pgm"
"/cam2_0000000103.pgm"
"/cam1_0000000104.pgm"
"/cam2_0000000104.pgm"
"/cam1_0000000105.pgm"
"/cam2_0000000105.pgm"
"/cam1_0000000106.pgm"
"/cam2_0000000106.pgm"
"/cam1_0000000107.pgm"
"/cam2_0000000107.pgm"
"/cam1_0000000108.pgm"
"/cam2_0000000108.pgm"
"/cam1_0000000109.pgm"
"/cam2_0000000109.pgm"
"/cam1_0000000110.pgm"
"/cam2_0000000110.pgm"
"/cam1_0000000111.pgm"
"/cam2_0000000111.pgm"
"/cam1_0000000112.pgm"
"/cam2_0000000112.pgm"
"/cam1_0000000113.pgm"
"/cam2_0000000113.pgm"
"/cam1_0000000114.pgm"
"/cam2_0000000114.pgm"
"/cam1_0000000115.pgm"
"/cam2_0000000115.pgm"
"/cam1_0000000116.pgm"
"/cam2_0000000116.pgm"
"/cam1_0000000117.pgm"
"/cam2_0000000117.pgm"
"/cam1_0000000118.pgm"
"/cam2_0000000118.pgm"
"/cam1_0000000119.pgm"
"/cam2_0000000119.pgm"
"/cam1_0000000120.pgm"
"/cam2_0000000120.pgm"
"/cam1_0000000121.pgm"
"/cam2_0000000121.pgm"
"/cam1_0000000122.pgm"
"/cam2_0000000122.pgm"
"/cam1_0000000123.pgm"
"/cam2_0000000123.pgm"
"/cam1_0000000124.pgm"
"/cam2_0000000124.pgm"
"/cam1_0000000125.pgm"
"/cam2_0000000125.pgm"
"/cam1_0000000126.pgm"
"/cam2_0000000126.pgm"
"/cam1_0000000127.pgm"
"/cam2_0000000127.pgm"
"/cam1_0000000128.pgm"
"/cam2_0000000128.pgm"
"/cam1_0000000129.pgm"
"/cam2_0000000129.pgm"
"/cam1_0000000130.pgm"
"/cam2_0000000130.pgm"
"/cam1_0000000131.pgm"
"/cam2_0000000131.pgm"
"/cam1_0000000132.pgm"
"/cam2_0000000132.pgm"
"/cam1_0000000133.pgm"
"/cam2_0000000133.pgm"
"/cam1_0000000134.pgm"
"/cam2_0000000134.pgm"
"/cam1_0000000135.pgm"
"/cam2_0000000135.pgm"
"/cam1_0000000136.pgm"
"/cam2_0000000136.pgm"
"/cam1_0000000137.pgm"
"/cam2_0000000137.pgm"
"/cam1_0000000138.pgm"
"/cam2_0000000138.pgm"
"/cam1_0000000139.pgm"
"/cam2_0000000139.pgm"
"/cam1_0000000140.pgm"
"/cam2_0000000140.pgm"
"/cam1_0000000141.pgm"
"/cam2_0000000141.pgm"
"/cam1_0000000142.pgm"
"/cam2_0000000142.pgm"
"/cam1_0000000143.pgm"
"/cam2_0000000143.pgm"
"/cam1_0000000144.pgm"
"/cam2_0000000144.pgm"
"/cam1_0000000145.pgm"
"/cam2_0000000145.pgm"
"/cam1_0000000146.pgm"
"/cam2_0000000146.pgm"
"/cam1_0000000147.pgm"
"/cam2_0000000147.pgm"
"/cam1_0000000148.pgm"
"/cam2_0000000148.pgm"
"/cam1_0000000149.pgm"
"/cam2_0000000149.pgm"
"/cam1_0000000150.pgm"
"/cam2_0000000150.pgm"
"/cam1_0000000151.pgm"
"/cam2_0000000151.pgm"
"/cam1_0000000152.pgm"
"/cam2_0000000152.pgm"
"/cam1_0000000153.pgm"
"/cam2_0000000153.pgm"
"/cam1_0000000154.pgm"
"/cam2_0000000154.pgm"
"/cam1_0000000155.pgm"
"/cam2_0000000155.pgm"
"/cam1_0000000156.pgm"
"/cam2_0000000156.pgm"
"/cam1_0000000157.pgm"
"/cam2_0000000157.pgm"
"/cam1_0000000158.pgm"
"/cam2_0000000158.pgm"
"/cam1_0000000159.pgm"
"/cam2_0000000159.pgm"
"/cam1_0000000160.pgm"
"/cam2_0000000160.pgm"
"/cam1_0000000161.pgm"
"/cam2_0000000161.pgm"
"/cam1_0000000162.pgm"
"/cam2_0000000162.pgm"
"/cam1_0000000163.pgm"
"/cam2_0000000163.pgm"
"/cam1_0000000164.pgm"
"/cam2_0000000164.pgm"
"/cam1_0000000165.pgm"
"/cam2_0000000165.pgm"
"/cam1_0000000166.pgm"
"/cam2_0000000166.pgm"
"/cam1_0000000167.pgm"
"/cam2_0000000167.pgm"
"/cam1_0000000168.pgm"
"/cam2_0000000168.pgm"
"/cam1_0000000169.pgm"
"/cam2_0000000169.pgm"
"/cam1_0000000170.pgm"
"/cam2_0000000170.pgm"
"/cam1_0000000171.pgm"
"/cam2_0000000171.pgm"
"/cam1_0000000172.pgm"
"/cam2_0000000172.pgm"
"/cam1_0000000173.pgm"
