1 0 0 0 0 1 0 0 0 0 1 0 
1 0.000678793 0.000150008 -0.0119909 -0.000678943 0.999999 0.000996964 -0.0636473 -0.000149331 -0.000997065 0.999999 0.856794 
1 0.000938837 -7.00864e-05 -0.00214585 -0.000938784 0.999999 0.000747188 -0.0449622 7.07879e-05 -0.000747122 1 1.67867 
1 -1.29779e-05 0.000206487 -0.018271 1.28211e-05 1 0.000759152 -0.0384922 -0.000206497 -0.00075915 1 2.50451 
0.999999 0.00128881 0.000382987 -0.0230222 -0.00128905 0.999999 0.000615453 -0.0399532 -0.000382194 -0.000615947 1 3.42518 
1 0.000237143 0.000330656 -0.0281968 -0.000237166 1 6.83e-05 0.00187841 -0.00033064 -6.83784e-05 1 4.47078 
0.999998 0.00182566 0.000557245 -0.0443115 -0.0018256 0.999998 -0.000100765 0.0132244 -0.000557428 9.97476e-05 1 5.37794 
0.999998 0.00210924 0.000610042 -0.0435914 -0.00210895 0.999998 -0.000464462 0.0478859 -0.00061102 0.000463175 1 6.33051 
0.999999 0.00135236 0.000335955 -0.0304224 -0.0013523 0.999999 -0.000176395 0.0420691 -0.000336194 0.000175941 1 7.29142 
0.999999 0.0016644 0.000264684 -0.0297052 -0.00166427 0.999999 -0.000476281 0.0656664 -0.000265476 0.000475839 1 8.21699 
0.999998 0.00177026 0.000463439 -0.0425171 -0.00177015 0.999998 -0.000227653 0.040441 -0.000463842 0.000226832 1 9.14837 
1 0.000371957 0.000474578 -0.0591766 -0.000372007 1 0.000105107 0.026703 -0.000474539 -0.000105283 1 10.0866 
1 -8.10453e-05 0.00043567 -0.0603473 8.08288e-05 1 0.000496893 0.0171438 -0.00043571 -0.000496858 1 11.0127 
1 4.10825e-05 0.000526857 -0.0757534 -4.1515e-05 1 0.000821032 -0.0240852 -0.000526823 -0.000821054 1 11.9703 
1 0.000348634 0.000211148 -0.0558572 -0.000348779 1 0.000686003 -0.0225765 -0.000210909 -0.000686076 1 12.8951 
1 -0.000643227 0.000192478 -0.0524308 0.000643032 0.999999 0.00101173 -0.0378301 -0.000193129 -0.0010116 0.999999 13.815 
0.999999 -0.00099901 7.9588e-05 -0.0474904 0.000998948 0.999999 0.000775763 0.00406934 -8.03629e-05 -0.000775683 1 14.7162 
0.999999 -0.00123289 -4.9406e-05 -0.0316682 0.00123294 0.999999 0.000945549 -0.0334167 4.82402e-05 -0.000945609 1 15.8216 
0.999999 -0.00106137 -0.000330224 -0.0162281 0.00106176 0.999999 0.0011883 -0.0516669 0.000328962 -0.00118865 0.999999 16.6609 
0.999999 -0.00122996 4.89539e-05 -0.0399441 0.00122991 0.999999 0.00108438 -0.0381389 -5.02876e-05 -0.00108432 0.999999 17.5375 
0.999998 -0.0019097 0.000664196 -0.0844595 0.0019092 0.999998 0.000742755 -0.0355074 -0.000665613 -0.000741485 1 18.5367 
0.999996 -0.00272581 0.000646892 -0.0828129 0.00272533 0.999996 0.000735809 -0.0235117 -0.000648895 -0.000734043 1 19.4051 
0.999997 -0.00237484 0.000593699 -0.0858808 0.00237462 0.999997 0.000368173 0.00788234 -0.000594572 -0.000366762 1 20.2092 
0.999992 -0.00404217 0.000221156 -0.0616968 0.00404202 0.999992 0.00069033 -0.0140304 -0.000223944 -0.000689431 1 21.1328 
0.999992 -0.00399997 0.000218347 -0.0587355 0.00399977 0.999992 0.000891977 -0.0200921 -0.000221913 -0.000891097 1 22.0977 
0.999992 -0.00394717 -9.46328e-06 -0.0475353 0.00394718 0.999991 0.00140088 -0.047714 3.93368e-06 -0.00140091 0.999999 22.9747 
0.999992 -0.0039869 -0.000371669 -0.0283329 0.00398756 0.99999 0.00179187 -0.0594478 0.000364522 -0.00179334 0.999998 23.8106 
0.99999 -0.00448551 -0.000117241 -0.0383635 0.00448573 0.999988 0.00196413 -0.0802368 0.00010843 -0.00196463 0.999998 24.7723 
0.999989 -0.00458692 1.85049e-05 -0.0474898 0.00458688 0.999988 0.00190801 -0.0751152 -2.72565e-05 -0.0019079 0.999998 25.6815 
0.999989 -0.0046624 7.57139e-06 -0.0495798 0.00466238 0.999987 0.00199998 -0.0690869 -1.6896e-05 -0.00199992 0.999998 26.5836 
0.99999 -0.0045753 -7.36571e-05 -0.0482186 0.00457543 0.999988 0.00191194 -0.0737029 6.49085e-05 -0.00191226 0.999998 27.5239 
0.999988 -0.00479376 -0.000295877 -0.0295959 0.00479442 0.999986 0.00228491 -0.0956583 0.00028492 -0.0022863 0.999997 28.4753 
0.999991 -0.00414022 -0.000413509 -0.0151468 0.00414111 0.999989 0.00215268 -0.0858865 0.000404592 -0.00215437 0.999998 29.3516 
0.99999 -0.00441806 -0.000635158 -0.00125592 0.0044194 0.999988 0.00212077 -0.0805794 0.000625781 -0.00212355 0.999998 30.3 
0.999989 -0.00463656 -0.000719614 0.00646157 0.00463812 0.999987 0.00218215 -0.0831973 0.000709487 -0.00218547 0.999997 31.167 
0.999985 -0.00541332 -0.000625954 -0.00110592 0.00541462 0.999983 0.00208458 -0.0722557 0.000614659 -0.00208793 0.999998 32.097 
0.999983 -0.00574786 -0.000546189 -0.00390345 0.00574888 0.999982 0.00189595 -0.0629765 0.000535282 -0.00189906 0.999998 32.9939 
0.999978 -0.00667048 -0.000295457 -0.0268412 0.00667084 0.999977 0.00123009 -0.0248446 0.000287244 -0.00123204 0.999999 33.9361 
0.999974 -0.00725438 -0.000281627 -0.038995 0.00725478 0.999973 0.00143388 -0.0102551 0.000271217 -0.00143589 0.999999 34.8572 
0.999976 -0.00686564 -0.000495009 -0.00832981 0.0068663 0.999976 0.00134283 0.00366684 0.000485778 -0.0013462 0.999999 35.779 
0.999974 -0.00722117 -0.000530717 -0.00916647 0.00722227 0.999972 0.00210334 -0.0505136 0.000515514 -0.00210711 0.999998 36.758 
0.999974 -0.00715105 -0.00118518 0.031245 0.00715383 0.999972 0.00236202 -0.0708829 0.00116825 -0.00237043 0.999997 37.7254 
0.999973 -0.00727338 -0.00129528 0.0331123 0.00727693 0.99997 0.00275516 -0.0893745 0.0012752 -0.00276451 0.999995 38.6904 
0.999984 -0.00556241 -0.00111342 0.0235361 0.00556665 0.999977 0.00384055 -0.170273 0.00109203 -0.00384668 0.999992 39.6639 
0.999987 -0.00483806 -0.00127235 0.0383404 0.00484284 0.999981 0.00377884 -0.165825 0.00125404 -0.00378496 0.999992 40.629 
0.999992 -0.00370758 -0.00133381 0.0452249 0.00371239 0.999987 0.00361667 -0.161772 0.00132038 -0.00362159 0.999993 41.6214 
0.999993 -0.00336623 -0.00137657 0.0544561 0.00337164 0.999987 0.00395224 -0.187881 0.00136325 -0.00395685 0.999991 42.5736 
0.999993 -0.00346783 -0.00138254 0.0567916 0.00347299 0.999987 0.0037439 -0.136369 0.00136954 -0.00374867 0.999992 43.401 
0.999996 -0.00271288 -0.00114397 0.0375348 0.00271671 0.999991 0.00336694 -0.105857 0.00113482 -0.00337003 0.999994 44.3706 
0.999997 -0.00220403 -0.00110286 0.0301916 0.00220789 0.999991 0.003508 -0.110202 0.00109512 -0.00351042 0.999993 45.2403 
0.999996 -0.00245461 -0.00114256 0.0371132 0.00245836 0.999992 0.00328888 -0.0974112 0.00113448 -0.00329167 0.999994 46.165 
0.999996 -0.00259147 -0.00146209 0.0542659 0.00259824 0.999986 0.00464861 -0.18176 0.00145002 -0.00465239 0.999988 47.122 
0.999997 -0.00187393 -0.00147338 0.0501283 0.00188083 0.999987 0.00469597 -0.182099 0.00146456 -0.00469873 0.999988 48.0709 
0.999995 -0.00270665 -0.00151224 0.047136 0.00271395 0.999985 0.00484359 -0.177036 0.00149911 -0.00484768 0.999987 48.9382 
0.999994 -0.00317384 -0.00121903 0.0209164 0.00318047 0.99998 0.00547406 -0.195378 0.00120163 -0.0054779 0.999984 49.9064 
0.999993 -0.00355548 -0.00132012 0.0257724 0.00356273 0.999978 0.0055249 -0.215083 0.00130044 -0.00552956 0.999984 50.7934 
0.999994 -0.00318942 -0.00148153 0.0445577 0.00319664 0.999983 0.0048959 -0.171564 0.00146589 -0.0049006 0.999987 51.7331 
0.999993 -0.00315818 -0.00174594 0.0636006 0.0031662 0.999984 0.00461154 -0.12268 0.00173135 -0.00461703 0.999988 52.6413 
0.999994 -0.00319438 -0.00158907 0.0408504 0.00320165 0.999984 0.00459363 -0.118349 0.00157437 -0.00459869 0.999988 53.5179 
0.999995 -0.00244705 -0.00183931 0.0636382 0.00245505 0.999987 0.00435729 -0.107677 0.00182862 -0.00436178 0.999989 54.417 
0.999995 -0.00224203 -0.00230262 0.0982198 0.00225284 0.999986 0.00470528 -0.132394 0.00229204 -0.00471044 0.999986 55.2686 
0.999991 -0.00333821 -0.00263049 0.112963 0.0033496 0.999985 0.00433591 -0.098448 0.00261597 -0.00434468 0.999987 56.181 
0.999992 -0.00264054 -0.00284468 0.119651 0.00265411 0.999985 0.00477971 -0.122571 0.00283201 -0.00478723 0.999985 57.0915 
0.999992 -0.00248135 -0.00302371 0.134916 0.00249471 0.999987 0.00442494 -0.0774111 0.00301269 -0.00443245 0.999986 57.9929 
0.999992 -0.00243833 -0.00315491 0.156938 0.00245332 0.999986 0.00475672 -0.0728454 0.00314327 -0.00476443 0.999984 58.8969 
0.999993 -0.00227973 -0.00299215 0.132077 0.0022955 0.999983 0.00527646 -0.100112 0.00298007 -0.0052833 0.999982 59.95 
0.999994 -0.00178163 -0.00293464 0.13239 0.00179696 0.999985 0.00522873 -0.0909945 0.00292528 -0.00523397 0.999982 60.8592 
0.999993 -0.00188101 -0.00311352 0.132553 0.00189798 0.999983 0.00545453 -0.104699 0.00310321 -0.00546041 0.99998 61.7974 
0.999992 -0.00245694 -0.00307128 0.118638 0.00247219 0.999985 0.00497099 -0.0757589 0.00305901 -0.00497854 0.999983 62.7156 
0.999993 -0.00247047 -0.00290988 0.112315 0.00248451 0.999985 0.00483114 -0.0554373 0.00289791 -0.00483833 0.999984 63.6056 
0.999994 -0.00201176 -0.00270507 0.0939667 0.00202411 0.999988 0.00457192 -0.0465484 0.00269584 -0.00457737 0.999986 64.5858 
0.999995 -0.00131239 -0.00273837 0.0955746 0.00132342 0.999991 0.00403148 -0.00876846 0.00273305 -0.00403509 0.999988 65.4543 
0.999995 -0.00183611 -0.00247154 0.071948 0.00184651 0.999989 0.00421306 -0.0450739 0.00246378 -0.0042176 0.999988 66.5598 
0.999995 -0.00211365 -0.00232606 0.0586863 0.002126 0.999984 0.00531782 -0.120208 0.00231479 -0.00532274 0.999983 67.5247 
0.999994 -0.00250929 -0.00243906 0.0683421 0.00252405 0.999978 0.00606761 -0.16406 0.00242378 -0.00607372 0.999979 68.4333 
0.999994 -0.00275887 -0.00228877 0.0514834 0.00277373 0.999975 0.00651674 -0.185203 0.00227073 -0.00652305 0.999976 69.2617 
0.999993 -0.00294949 -0.00238062 0.0531423 0.00296571 0.999972 0.00683833 -0.200425 0.00236038 -0.00684534 0.999974 70.2213 
0.999994 -0.00276401 -0.00215252 0.039794 0.00277748 0.999976 0.00628157 -0.150227 0.00213511 -0.00628751 0.999978 71.1396 
0.999995 -0.00242945 -0.00191512 0.0263791 0.00244141 0.999977 0.00626749 -0.134355 0.00189985 -0.00627213 0.999979 72.0455 
0.999992 -0.00365518 -0.00190703 0.0223432 0.00366794 0.999971 0.00673258 -0.148773 0.00188236 -0.00673951 0.999976 72.9976 
0.999993 -0.00337613 -0.00187812 0.020207 0.00338925 0.99997 0.00702284 -0.180034 0.00185435 -0.00702915 0.999974 73.968 
0.999995 -0.00215866 -0.00209734 0.0287482 0.00217377 0.999972 0.00722677 -0.17515 0.00208168 -0.0072313 0.999972 74.8289 
0.999993 -0.00271857 -0.00259246 0.0638636 0.0027371 0.999971 0.00717171 -0.16333 0.00257289 -0.00717876 0.999971 75.8372 
0.999989 -0.00398031 -0.00240133 0.0468033 0.00399685 0.999968 0.00692067 -0.148216 0.00237371 -0.00693019 0.999973 76.7785 
0.999988 -0.00461125 -0.00183625 -0.00157496 0.00462336 0.999967 0.00664738 -0.14214 0.00180553 -0.00665579 0.999976 77.6303 
0.999988 -0.00470625 -0.00147916 -0.0272368 0.00471574 0.999968 0.00647617 -0.120915 0.00144863 -0.00648307 0.999978 78.573 
0.999989 -0.00450664 -0.00157245 -0.0220449 0.00451639 0.99997 0.00625238 -0.0918936 0.00154423 -0.00625941 0.999979 79.4602 
0.999986 -0.00506624 -0.00139179 -0.0380666 0.00507479 0.999968 0.00621038 -0.0747776 0.00136028 -0.00621736 0.99998 80.4415 
0.999984 -0.00540515 -0.00137588 -0.0450802 0.00541517 0.999958 0.00738083 -0.141208 0.00133593 -0.00738817 0.999972 81.4262 
0.999983 -0.00583759 -0.000884885 -0.082794 0.0058443 0.999953 0.00777066 -0.160783 0.000839481 -0.0077757 0.999969 82.2045 
0.99998 -0.0062311 -0.000574016 -0.0948385 0.00623542 0.99995 0.00785778 -0.165559 0.000525025 -0.0078612 0.999969 83.1914 
0.999982 -0.0059773 -0.000556781 -0.0937791 0.00598175 0.999947 0.00836918 -0.184606 0.000506726 -0.00837236 0.999965 84.0743 
0.99998 -0.00623803 -0.000385107 -0.108696 0.00624107 0.999945 0.00845558 -0.197281 0.00033234 -0.00845782 0.999964 84.9937 
0.99998 -0.00633575 -6.54144e-05 -0.130399 0.00633608 0.999943 0.00855043 -0.200224 1.12372e-05 -0.00855067 0.999963 85.9503 
0.99998 -0.00631574 0.000128763 -0.15342 0.00631438 0.999942 0.00870141 -0.19156 -0.000183711 -0.00870043 0.999962 86.8333 
0.999983 -0.00583757 -4.59774e-05 -0.139234 0.00583775 0.999944 0.00881118 -0.185636 -5.46103e-06 -0.0088113 0.999961 87.6205 
0.99998 -0.00626513 -0.000173548 -0.122277 0.00626638 0.999944 0.00856657 -0.159762 0.000119868 -0.00856748 0.999963 88.4643 
0.99998 -0.00626896 -0.000470203 -0.102893 0.00627284 0.999942 0.00876913 -0.163049 0.000415203 -0.00877191 0.999961 89.4508 
0.999979 -0.00643493 -0.000558304 -0.110453 0.00643983 0.999936 0.00926305 -0.190117 0.000498661 -0.00926645 0.999957 90.3718 
0.999976 -0.00696463 -0.000561179 -0.108712 0.00696988 0.999926 0.00998551 -0.237857 0.000491592 -0.00998918 0.99995 91.3407 
0.999983 -0.00577852 -0.000491337 -0.113024 0.00578336 0.999928 0.0105082 -0.271046 0.00043058 -0.0105109 0.999945 92.257 
0.999978 -0.0066854 -0.000252987 -0.126457 0.00668763 0.999926 0.0101954 -0.230572 0.000184808 -0.0101969 0.999948 93.1636 
0.999973 -0.00740504 -0.000342318 -0.118677 0.0074081 0.999922 0.0100383 -0.213253 0.000267958 -0.0100406 0.99995 94.137 
0.999968 -0.0080481 8.63026e-05 -0.155042 0.00804674 0.999912 0.0105702 -0.233607 -0.000171365 -0.0105692 0.999944 95.0432 
0.999979 -0.00643422 -6.93602e-05 -0.142158 0.0064346 0.999921 0.0108312 -0.240121 -3.35731e-07 -0.0108314 0.999941 96.0398 
0.99998 -0.00638506 0.000232669 -0.159897 0.00638215 0.99992 0.0109067 -0.240923 -0.00030229 -0.010905 0.99994 96.9636 
0.999978 -0.00666333 0.000482256 -0.182895 0.00665785 0.999922 0.0105841 -0.219752 -0.000552744 -0.0105806 0.999944 97.8764 
0.99998 -0.00633082 0.000528916 -0.182429 0.00632475 0.999922 0.0107944 -0.208801 -0.000597212 -0.0107909 0.999942 98.7869 
0.999978 -0.00658926 0.000508217 -0.184784 0.00658306 0.999914 0.0113797 -0.221283 -0.000583156 -0.0113761 0.999935 99.7697 
0.999977 -0.00667281 0.000915275 -0.212399 0.00666162 0.999909 0.0117213 -0.227609 -0.000993406 -0.011715 0.999931 100.712 
0.999979 -0.00644321 0.000901118 -0.213095 0.00643129 0.999899 0.0126568 -0.275186 -0.000982578 -0.0126508 0.999919 101.55 
0.999985 -0.00536116 0.000698043 -0.198107 0.00535154 0.9999 0.0131253 -0.279917 -0.00076834 -0.0131213 0.999914 102.483 
0.999986 -0.00520404 0.00080742 -0.207658 0.00519319 0.999903 0.0129054 -0.251031 -0.000874502 -0.0129011 0.999916 103.437 
0.999989 -0.00450277 0.00119959 -0.237961 0.0044874 0.999912 0.0125222 -0.211263 -0.00125587 -0.0125167 0.999921 104.319 
0.999992 -0.00393373 0.00120716 -0.230527 0.00391812 0.999912 0.0126716 -0.205511 -0.0012569 -0.0126667 0.999919 105.212 
0.999991 -0.00405761 0.00112674 -0.219622 0.00404296 0.999911 0.0127079 -0.203843 -0.0011782 -0.0127033 0.999919 106.101 
0.99999 -0.00423496 0.0011119 -0.216535 0.00422019 0.999907 0.0129667 -0.217272 -0.00116671 -0.0129619 0.999915 107.081 
0.999988 -0.00473241 0.00136826 -0.234541 0.00471337 0.999896 0.0135955 -0.233259 -0.00143245 -0.0135889 0.999907 107.955 
0.999986 -0.00502764 0.001579 -0.250636 0.00500581 0.999896 0.0135335 -0.224935 -0.00164688 -0.0135254 0.999907 108.884 
0.999989 -0.00447116 0.00113024 -0.208134 0.00445603 0.999905 0.0130536 -0.177331 -0.00118849 -0.0130484 0.999914 109.766 
0.999989 -0.00449621 0.00113319 -0.209009 0.00448115 0.999906 0.0129594 -0.147291 -0.00119135 -0.0129542 0.999915 110.619 
0.999989 -0.00457099 0.00121082 -0.216798 0.00455462 0.999903 0.0131949 -0.140133 -0.00127102 -0.0131893 0.999912 111.59 
0.999993 -0.00349468 0.00136176 -0.223802 0.0034748 0.999891 0.0143397 -0.200528 -0.00141172 -0.0143348 0.999896 112.533 
0.99999 -0.00431238 0.0015459 -0.239148 0.00428883 0.999879 0.0149226 -0.232956 -0.00161007 -0.0149158 0.999887 113.408 
0.999988 -0.00452648 0.0016676 -0.236208 0.00450107 0.999878 0.0149392 -0.216946 -0.00173502 -0.0149315 0.999887 114.395 
0.999988 -0.00447602 0.00183099 -0.247199 0.00444822 0.999879 0.0149158 -0.201732 -0.00189753 -0.0149075 0.999887 115.242 
0.99999 -0.00383897 0.0021816 -0.272503 0.00380596 0.999881 0.0149363 -0.179681 -0.00223868 -0.0149279 0.999886 116.129 
0.999994 -0.00240455 0.00234947 -0.28592 0.0023705 0.999894 0.0143877 -0.141474 -0.00238381 -0.0143821 0.999894 117.069 
0.999994 -0.00241094 0.00259779 -0.301931 0.00237326 0.999893 0.0144092 -0.132571 -0.00263225 -0.014403 0.999893 118.002 
0.999994 -0.00263277 0.0022526 -0.267012 0.00259883 0.999885 0.014936 -0.145152 -0.00229166 -0.01493 0.999886 118.977 
0.999995 -0.00219328 0.0020679 -0.239317 0.00216324 0.999894 0.0144201 -0.112147 -0.00209931 -0.0144155 0.999894 119.913 
0.999994 -0.00279174 0.00217521 -0.249094 0.00275856 0.999882 0.0151126 -0.136915 -0.00221715 -0.0151065 0.999883 120.763 
0.999996 -0.00155502 0.0023047 -0.255842 0.00152039 0.999887 0.0149522 -0.120182 -0.00232769 -0.0149486 0.999886 121.709 
0.999997 -0.00130408 0.00220769 -0.241657 0.00126966 0.999879 0.015522 -0.140218 -0.00222766 -0.0155192 0.999877 122.63 
0.999998 -0.000290504 0.00203494 -0.223778 0.000259232 0.999882 0.0153511 -0.114405 -0.00203916 -0.0153505 0.99988 123.559 
0.999998 0.000572314 0.00199094 -0.217821 -0.000602879 0.999881 0.0153857 -0.104664 -0.0019819 -0.0153868 0.99988 124.457 
0.999997 0.00076875 0.00219193 -0.225988 -0.000802345 0.999882 0.0153672 -0.103203 -0.00217986 -0.0153689 0.99988 125.464 
0.999997 0.00067613 0.0025004 -0.250545 -0.000713125 0.99989 0.0148248 -0.0403877 -0.0024901 -0.0148265 0.999887 126.318 
0.999996 0.00149617 0.00231223 -0.235754 -0.00153077 0.999886 0.0150379 -0.0460758 -0.00228946 -0.0150414 0.999884 127.075 
0.999997 0.000844763 0.002397 -0.239185 -0.000880931 0.999885 0.0151281 -0.0227482 -0.00238395 -0.0151302 0.999883 128.009 
0.999996 0.00118205 0.00263837 -0.255914 -0.0012209 0.99989 0.0147741 0.0153106 -0.00262062 -0.0147772 0.999887 128.926 
0.999995 0.00160302 0.0027334 -0.262388 -0.0016438 0.999886 0.0149814 0.00592941 -0.00270907 -0.0149858 0.999884 129.85 
0.999995 0.00147377 0.00277463 -0.256188 -0.001514 0.999893 0.0145524 0.0515557 -0.00275289 -0.0145565 0.99989 130.801 
0.999994 0.00225696 0.00274741 -0.244731 -0.00229637 0.999893 0.0144279 0.0663064 -0.00271455 -0.0144341 0.999892 131.714 
0.999994 0.00190041 0.00279662 -0.242525 -0.00194064 0.999894 0.014456 0.081121 -0.00276885 -0.0144613 0.999892 132.596 
0.999992 0.00256135 0.00294654 -0.245699 -0.00260462 0.999887 0.0147762 0.0748484 -0.00290836 -0.0147838 0.999886 133.522 
0.999994 0.0016728 0.00291041 -0.248017 -0.00171497 0.999893 0.0145495 0.109599 -0.00288576 -0.0145544 0.99989 134.455 
0.999995 0.0015806 0.00258208 -0.227347 -0.00161937 0.999885 0.0150846 0.0783928 -0.00255794 -0.0150887 0.999883 135.291 
0.999996 0.00106835 0.00254616 -0.24597 -0.00110589 0.99989 0.0147887 0.101972 -0.00253008 -0.0147915 0.999887 136.19 
0.999996 0.00145562 0.00239415 -0.238318 -0.00149163 0.999885 0.0151089 0.0972963 -0.00237188 -0.0151125 0.999883 137.098 
0.999997 0.00148886 0.00213983 -0.215315 -0.00152088 0.999886 0.0150423 0.118332 -0.00211719 -0.0150455 0.999885 138.055 
0.999996 0.00182961 0.00223887 -0.216187 -0.00186257 0.999889 0.0148117 0.140576 -0.00221152 -0.0148158 0.999888 138.915 
0.999997 0.00130027 0.00214079 -0.205918 -0.00133134 0.999893 0.0145772 0.185495 -0.00212161 -0.01458 0.999891 139.904 
0.999995 0.00259219 0.00195262 -0.180492 -0.00261955 0.999897 0.0141442 0.243058 -0.00191575 -0.0141493 0.999898 140.772 
0.999994 0.00259992 0.00229732 -0.206898 -0.00263284 0.999892 0.0144449 0.238288 -0.00225952 -0.0144509 0.999893 141.668 
0.999996 0.00142085 0.00230017 -0.191786 -0.00145565 0.999883 0.0152014 0.17766 -0.0022783 -0.0152047 0.999882 142.719 
0.999997 0.00103912 0.00241714 -0.203364 -0.00107422 0.999893 0.0145676 0.236475 -0.00240175 -0.0145701 0.999891 143.623 
0.999996 0.00155606 0.00225457 -0.192194 -0.00158953 0.999887 0.0149196 0.231591 -0.0022311 -0.0149232 0.999886 144.564 
0.999996 0.00181863 0.00228627 -0.18869 -0.00185189 0.999891 0.0146282 0.250279 -0.00225942 -0.0146324 0.99989 145.422 
0.999993 0.0028154 0.00225324 -0.180844 -0.00284897 0.999883 0.0150343 0.249099 -0.00221064 -0.0150406 0.999884 146.361 
0.999991 0.00361001 0.00226347 -0.178223 -0.00364199 0.999891 0.0142846 0.310714 -0.00221165 -0.0142927 0.999895 147.212 
0.999989 0.00388646 0.00248563 -0.18905 -0.00392157 0.99989 0.0142803 0.325786 -0.00242986 -0.0142899 0.999895 148.122 
0.999986 0.00454072 0.00268572 -0.201954 -0.00457871 0.999887 0.0143124 0.328427 -0.00262043 -0.0143245 0.999894 149.017 
0.999986 0.00455136 0.00277356 -0.202615 -0.00459069 0.999887 0.0143443 0.345245 -0.00270796 -0.0143569 0.999893 149.896 
0.999981 0.00550605 0.00263328 -0.189014 -0.00554277 0.999885 0.0141443 0.367359 -0.00255509 -0.0141586 0.999896 150.725 
0.999987 0.00436447 0.00250422 -0.180872 -0.0044008 0.999882 0.0146904 0.360039 -0.00243981 -0.0147012 0.999889 151.787 
0.999989 0.00380844 0.00275771 -0.202556 -0.00384856 0.999885 0.0146898 0.382442 -0.00270144 -0.0147003 0.999888 152.637 
0.999989 0.00393972 0.00242992 -0.17492 -0.00397242 0.9999 0.0136041 0.474153 -0.00237607 -0.0136136 0.999905 153.549 
0.999981 0.00539637 0.00280775 -0.194771 -0.00543479 0.999889 0.0138596 0.471919 -0.00273264 -0.0138746 0.9999 154.427 
0.999981 0.00549896 0.00279722 -0.191133 -0.00553741 0.999888 0.0139299 0.477471 -0.00272031 -0.0139451 0.999899 155.434 
0.99998 0.00562382 0.00274463 -0.193433 -0.00566131 0.999888 0.013848 0.504423 -0.00266645 -0.0138632 0.9999 156.304 
0.999979 0.00583316 0.0026806 -0.19209 -0.00587051 0.999883 0.0141437 0.501543 -0.00259779 -0.0141592 0.999896 157.255 
0.999975 0.00637739 0.00307232 -0.216435 -0.00642107 0.999875 0.0144216 0.495493 -0.00297997 -0.014441 0.999891 158.167 
0.999967 0.00719447 0.00385977 -0.26264 -0.00724662 0.99988 0.0136722 0.569605 -0.00376095 -0.0136998 0.999899 159.019 
0.99996 0.00799846 0.00394256 -0.262939 -0.00805452 0.999864 0.0144137 0.52657 -0.00382674 -0.0144449 0.999888 159.918 
0.999959 0.00819272 0.00380101 -0.24635 -0.00824594 0.999865 0.0142036 0.566069 -0.00368414 -0.0142344 0.999892 160.881 
0.999957 0.00827878 0.00417986 -0.275075 -0.00834116 0.999851 0.0151331 0.515882 -0.00405395 -0.0151673 0.999877 161.862 
0.999956 0.00845981 0.00416443 -0.268118 -0.00851833 0.999862 0.0142409 0.587888 -0.00404338 -0.0142758 0.99989 162.744 
0.999946 0.00952503 0.0040563 -0.262967 -0.00958338 0.999847 0.0146166 0.575718 -0.00391646 -0.0146547 0.999885 163.777 
0.999947 0.00945067 0.00408875 -0.255789 -0.00950945 0.999848 0.0146033 0.599533 -0.00395012 -0.0146414 0.999885 164.636 
0.999945 0.00977473 0.00378348 -0.230567 -0.00982904 0.999845 0.0146105 0.619826 -0.00364008 -0.0146469 0.999886 165.638 
0.999936 0.010737 0.00361688 -0.217965 -0.0107889 0.999834 0.0146516 0.642812 -0.00345896 -0.0146896 0.999886 166.687 
0.999935 0.0107265 0.00388209 -0.243106 -0.0107797 0.999845 0.0139359 0.717059 -0.00373201 -0.0139768 0.999895 167.562 
0.999943 0.00984276 0.00407488 -0.247154 -0.00990095 0.999846 0.0145137 0.695244 -0.00393139 -0.0145533 0.999886 168.46 
0.999936 0.0105109 0.00413883 -0.238182 -0.0105707 0.999836 0.014708 0.706724 -0.00398356 -0.0147509 0.999883 169.341 
0.999927 0.0112704 0.0043876 -0.243729 -0.0113343 0.999826 0.0148281 0.717721 -0.00421972 -0.0148767 0.99988 170.303 
0.999913 0.0124241 0.00438645 -0.235683 -0.0124856 0.99982 0.014284 0.784347 -0.00420819 -0.0143375 0.999888 171.289 
