1 0 0 0 0 1 0 0 0 0 1 0 
0.999995 0.000653861 -0.00304715 0.0681795 -0.000603033 0.999861 0.0166515 -0.480339 0.00305762 -0.0166495 0.999857 0.402271 
0.999903 0.00118706 -0.0138825 0.367338 -0.00084158 0.99969 0.0248657 -0.718705 0.0139077 -0.0248516 0.999594 0.697258 
0.99998 0.00141646 0.00610998 -0.244293 -0.0015961 0.999564 0.0294979 -0.845591 -0.00606553 -0.0295071 0.999546 0.958894 
0.999998 0.00214758 0.000166902 -0.0805089 -0.00215386 0.997951 0.0639461 -1.8442 -2.92305e-05 -0.0639463 0.997953 1.3538 
0.999994 0.000501473 0.00346716 -0.203653 -0.000708564 0.998199 0.0599885 -1.70508 -0.00343083 -0.0599905 0.998193 1.74668 
0.999999 0.00118243 0.000946635 -0.145618 -0.00123527 0.998321 0.0579167 -1.62382 -0.000876563 -0.0579178 0.998321 2.07575 
0.999952 0.00110739 0.00976147 -0.421703 -0.00154078 0.999008 0.0445032 -1.20922 -0.00970251 -0.0445161 0.998962 2.47458 
1 -0.000465592 -0.000826907 -0.125849 0.000532402 0.996572 0.0827255 -2.3018 0.000785556 -0.0827259 0.996572 2.95873 
0.999997 -0.000188075 0.00235511 -0.243477 1.29849e-05 0.997249 0.0741251 -2.01326 -0.00236257 -0.0741249 0.997246 3.42892 
0.999955 -0.00101976 -0.00946851 0.0813835 0.00190627 0.995561 0.0940968 -2.56523 0.00933053 -0.0941106 0.995518 3.89248 
0.999896 -0.00230111 -0.0142701 0.20262 0.00421395 0.990768 0.135503 -3.73079 0.0138266 -0.135549 0.990674 4.41687 
0.999981 -0.00324157 -0.00520735 -0.0907714 0.00391478 0.990842 0.134967 -3.65811 0.00472216 -0.134985 0.990836 4.78327 
0.99999 -0.00395672 0.00216261 -0.328613 0.00358519 0.988549 0.15086 -4.07861 -0.00273476 -0.150851 0.988553 5.20964 
0.999987 -0.00499795 0.00135937 -0.326455 0.00472252 0.987585 0.157018 -4.20919 -0.00212726 -0.157009 0.987595 5.59054 
0.999982 -0.00554803 -0.00212025 -0.239877 0.00581636 0.987027 0.160451 -4.2523 0.00120256 -0.160461 0.987041 5.93646 
0.999963 -0.00488624 0.00700989 -0.529272 0.00363869 0.985769 0.168069 -4.4073 -0.00773135 -0.168037 0.98575 6.35205 
0.999986 -0.0034004 0.00412349 -0.45808 0.00279339 0.990262 0.139189 -3.4914 -0.00455663 -0.139175 0.990257 6.74656 
0.999974 -0.00243951 -0.00674703 -0.157672 0.00363672 0.982999 0.183575 -4.75173 0.00618449 -0.183595 0.982982 7.23516 
0.999893 -0.00223503 -0.0144338 0.042391 0.00491368 0.982096 0.188318 -4.833 0.0137545 -0.188369 0.982002 7.58931 
0.999724 -0.00256198 -0.0233648 0.272945 0.0064157 0.986039 0.166392 -4.12798 0.0226123 -0.166496 0.985783 7.86348 
0.999695 -0.00487933 -0.0242077 0.278542 0.00873218 0.9868 0.161709 -3.90815 0.0230992 -0.161871 0.986542 8.28852 
0.999595 -0.00545377 -0.0279406 0.359083 0.0105989 0.982214 0.187463 -4.61583 0.0264212 -0.187684 0.981874 8.72168 
0.999589 -0.00587276 -0.0280473 0.330955 0.0118211 0.97612 0.216909 -5.40566 0.0261037 -0.217151 0.975789 9.2707 
0.998906 -0.00518909 -0.0464767 0.843441 0.017091 0.965585 0.259524 -6.59006 0.0435305 -0.260034 0.964618 9.88936 
0.99845 -0.00453308 -0.0554686 1.07113 0.019321 0.962921 0.26909 -6.78395 0.0521921 -0.269745 0.961516 10.2975 
0.998498 -0.00639188 -0.0544074 0.997147 0.0192388 0.970823 0.239022 -5.78492 0.0512922 -0.23971 0.969489 10.4736 
0.99857 -0.00741442 -0.0529339 0.916521 0.0200405 0.970024 0.242182 -5.77885 0.0495515 -0.242897 0.968786 10.9145 
0.998404 -0.00769252 -0.0559469 0.965644 0.0211688 0.969424 0.244476 -5.73933 0.0523556 -0.24527 0.96804 11.3771 
0.999051 -0.00869344 -0.0426714 0.537444 0.0182711 0.973132 0.22952 -5.19706 0.0395296 -0.230082 0.972368 11.656 
0.998914 -0.00906432 -0.0457068 0.588 0.0193777 0.972864 0.230564 -5.13979 0.0423766 -0.231199 0.971983 12.045 
0.998813 -0.00946112 -0.0477795 0.607632 0.0206812 0.970514 0.240155 -5.32814 0.0440986 -0.240858 0.969558 12.4842 
0.998589 -0.00831502 -0.0524566 0.711307 0.0212195 0.967878 0.250525 -5.55136 0.0486884 -0.251284 0.966688 12.8995 
0.997269 -0.0118484 -0.0728998 1.26614 0.0273941 0.975982 0.216124 -4.43212 0.0685881 -0.217531 0.973641 13.1385 
0.996623 -0.012905 -0.0810888 1.45852 0.0289565 0.979362 0.200028 -3.88306 0.0768339 -0.201701 0.976429 13.4084 
0.99644 -0.013337 -0.0832426 1.47011 0.029632 0.97981 0.197721 -3.73473 0.078925 -0.199484 0.976718 13.7821 
0.994406 -0.0141512 -0.104669 2.05239 0.0343609 0.980421 0.193893 -3.56188 0.0998754 -0.196405 0.975423 14.1529 
0.993472 -0.0148909 -0.113102 2.23026 0.0359498 0.981794 0.186517 -3.26784 0.108265 -0.189365 0.97592 14.5664 
0.991942 -0.0101116 -0.126291 2.54833 0.0375129 0.975554 0.216533 -4.04929 0.121014 -0.219526 0.968072 15.2072 
0.992708 -0.00899145 -0.120212 2.29926 0.0373627 0.971057 0.235909 -4.53875 0.114611 -0.23868 0.964311 15.658 
0.992247 -0.0102837 -0.123857 2.33433 0.0375022 0.974893 0.219494 -3.95417 0.11849 -0.222437 0.96772 16.0061 
0.991156 -0.0101587 -0.132314 2.50317 0.0399002 0.973742 0.224129 -3.98855 0.126563 -0.227427 0.965536 16.5249 
0.991826 -0.00610646 -0.127455 2.29286 0.0386076 0.966398 0.254135 -4.78705 0.12162 -0.256978 0.958734 17.0446 
0.992348 -0.00683508 -0.123286 2.10171 0.0352054 0.972684 0.229447 -3.96114 0.11835 -0.232031 0.965482 17.2467 
0.991707 -0.00632059 -0.128364 2.18792 0.0362358 0.97202 0.232086 -3.9531 0.123306 -0.234813 0.964188 17.654 
0.992608 -0.00928909 -0.121009 1.89688 0.0334615 0.979368 0.199297 -2.90128 0.116661 -0.201873 0.972439 17.8334 
0.992472 -0.00745349 -0.122245 1.8664 0.0326999 0.978037 0.205849 -3.01304 0.118026 -0.208296 0.970918 18.2912 
0.993753 -0.00524554 -0.111477 1.50366 0.0312186 0.972082 0.232554 -3.74086 0.107145 -0.234582 0.966174 18.6732 
0.99207 -0.00308539 -0.125646 1.85236 0.0330726 0.970875 0.237292 -3.78733 0.121255 -0.239566 0.963278 19.1559 
0.991359 -0.00446333 -0.131101 1.94561 0.0349867 0.972214 0.231463 -3.526 0.126425 -0.23405 0.96397 19.4978 
0.993546 -0.00193802 -0.113411 1.35935 0.0295044 0.969852 0.241902 -3.74156 0.109523 -0.243687 0.96365 19.8891 
0.992957 -0.000840802 -0.118474 1.43737 0.0304451 0.968206 0.248296 -3.81829 0.114498 -0.250154 0.961412 20.3691 
0.992755 0.0009312 -0.120154 1.41488 0.0316324 0.962671 0.268819 -4.313 0.115919 -0.270672 0.955667 20.9343 
0.991277 0.00580472 -0.13167 1.70047 0.0378496 0.94441 0.326584 -5.94128 0.126247 -0.328719 0.935952 21.7302 
0.990442 0.0122236 -0.137389 1.79377 0.0400298 0.927724 0.371115 -7.10299 0.131996 -0.373068 0.918367 22.6109 
0.988567 0.01227 -0.150282 2.10594 0.0470404 0.921843 0.384699 -7.38263 0.143257 -0.38737 0.910726 23.1538 
0.989482 0.0108614 -0.14425 1.85139 0.0430077 0.929999 0.365036 -6.63865 0.138117 -0.367401 0.91975 23.2923 
0.989447 0.0124608 -0.144361 1.77279 0.0443519 0.92243 0.383609 -7.01931 0.137943 -0.385964 0.912143 23.8968 
0.990863 0.00833713 -0.134613 1.41142 0.04145 0.930958 0.362765 -6.25755 0.128343 -0.36503 0.922107 23.9763 
0.99045 0.00984094 -0.137524 1.42645 0.0419495 0.928651 0.368574 -6.30511 0.131339 -0.370823 0.91937 24.4002 
0.991769 0.00960957 -0.127677 1.06762 0.0383715 0.929039 0.367986 -6.17671 0.122153 -0.369857 0.921024 24.6278 
0.990473 0.00584224 -0.137584 1.28537 0.0409783 0.941335 0.334978 -5.06264 0.131469 -0.337424 0.932127 24.6829 
0.98959 0.00273791 -0.143893 1.40332 0.0429206 0.948707 0.313228 -4.32861 0.13737 -0.316143 0.938713 24.7794 
0.990157 0.00298245 -0.139926 1.21377 0.0413826 0.948832 0.313059 -4.20179 0.1337 -0.315768 0.939369 25.1072 
0.988346 0.00877104 -0.151969 1.49821 0.0446106 0.937815 0.344256 -4.99713 0.145539 -0.347023 0.926495 25.8001 
0.991068 0.0120838 -0.132809 0.847859 0.0368563 0.932278 0.35986 -5.29636 0.128163 -0.36154 0.923506 26.305 
0.991365 0.0171607 -0.130004 0.691999 0.0365033 0.916099 0.399287 -6.30165 0.125949 -0.400584 0.907562 27.1488 
0.991025 0.0216225 -0.131916 0.671968 0.0377511 0.901392 0.431355 -7.09335 0.128235 -0.432464 0.892486 27.9205 
0.991528 0.017612 -0.128696 0.503427 0.0380659 0.907871 0.417517 -6.53005 0.124193 -0.418879 0.899509 28.0583 
0.991987 0.0228258 -0.124264 0.303322 0.0351407 0.894888 0.444905 -7.16552 0.121358 -0.445707 0.886915 28.7918 
0.991057 0.0240923 -0.131243 0.442687 0.0377009 0.892934 0.448606 -7.11628 0.128 -0.449542 0.884041 29.2063 
0.98999 0.0181187 -0.139969 0.628475 0.0396521 0.916075 0.399041 -5.49963 0.135452 -0.400596 0.906187 28.8973 
0.989706 0.0200904 -0.141698 0.59474 0.0417163 0.906605 0.419913 -5.93316 0.136901 -0.421501 0.896435 29.5884 
0.988897 0.0191776 -0.147359 0.678765 0.0445157 0.907867 0.416888 -5.64918 0.141777 -0.418819 0.896933 30.0033 
0.990895 0.0225437 -0.13274 0.177293 0.0385458 0.897119 0.440104 -6.16118 0.129005 -0.441213 0.888082 30.616 
0.992069 0.0237603 -0.123427 -0.15599 0.0341563 0.894058 0.446647 -6.21856 0.120964 -0.447321 0.886156 30.9289 
0.99364 0.0236315 -0.110094 -0.621883 0.0291801 0.89029 0.454459 -6.24474 0.108755 -0.454781 0.883938 31.3872 
0.994359 0.0236166 -0.103401 -0.873661 0.0269778 0.886515 0.461912 -6.2939 0.102575 -0.462096 0.880878 31.7984 
0.995393 0.0266575 -0.092103 -1.25811 0.0216388 0.87334 0.486631 -6.86594 0.0934096 -0.486382 0.868739 32.4349 
0.994392 0.0232983 -0.103163 -0.991575 0.0281907 0.881755 0.470865 -6.19086 0.101935 -0.471133 0.876153 32.5876 
0.994969 0.0238872 -0.0972988 -1.21956 0.0269283 0.871664 0.489363 -6.56999 0.0965014 -0.489521 0.866635 33.1643 
0.995264 0.0258874 -0.0936965 -1.38321 0.0259684 0.858048 0.512912 -7.07288 0.0936741 -0.512916 0.853313 33.8652 
0.995268 0.0264988 -0.0934807 -1.44845 0.0266635 0.850673 0.525019 -7.22055 0.0934338 -0.525027 0.845941 34.428 
0.996685 0.0260198 -0.077081 -1.98673 0.0185011 0.850154 0.526209 -7.05513 0.0792226 -0.525891 0.846855 34.7371 
0.995367 0.0259172 -0.0925948 -1.57767 0.0256752 0.856384 0.515702 -6.56811 0.0926622 -0.515689 0.85175 34.9057 
0.996189 0.0278941 -0.0826373 -1.92373 0.0217226 0.83827 0.544822 -7.21316 0.0844697 -0.544541 0.83447 35.7372 
0.996047 0.0329377 -0.0824977 -1.96902 0.0222302 0.806736 0.590494 -8.38956 0.0860034 -0.589994 0.802814 36.9116 
0.99636 0.0357369 -0.0773907 -2.16543 0.0207473 0.778912 0.62679 -9.28135 0.08268 -0.626114 0.775336 37.941 
0.995405 0.0366697 -0.0884564 -1.89944 0.0276214 0.774546 0.631914 -9.11287 0.0916857 -0.631454 0.769974 38.487 
0.99544 0.0390101 -0.0870519 -1.98892 0.0276429 0.755445 0.654629 -9.55794 0.0913 -0.65405 0.750921 39.3084 
0.994398 0.0376842 -0.0987545 -1.71149 0.0363082 0.75566 0.653957 -9.16493 0.0992687 -0.653879 0.750059 39.7672 
0.994232 0.0385515 -0.100083 -1.73127 0.03717 0.751474 0.658714 -9.04174 0.100604 -0.658635 0.745707 40.1849 
0.995109 0.0351844 -0.092304 -2.02674 0.0320674 0.768751 0.638744 -8.17669 0.0934326 -0.63858 0.763863 39.987 
0.995164 0.0332703 -0.0924173 -2.07922 0.0330893 0.772335 0.634353 -7.78537 0.0924822 -0.634343 0.767499 40.1875 
0.996039 0.0322541 -0.0828589 -2.41824 0.0280306 0.770463 0.636868 -7.59622 0.0843813 -0.636669 0.766507 40.5229 
0.995072 0.0333239 -0.0933916 -2.15375 0.0344668 0.766873 0.640873 -7.49704 0.0929759 -0.640933 0.761945 40.9139 
0.993961 0.0333638 -0.104536 -1.86686 0.0423115 0.762456 0.645656 -7.42682 0.101246 -0.64618 0.75644 41.3281 
0.994369 0.0331824 -0.100649 -2.04271 0.0399377 0.762369 0.645909 -7.15729 0.0981642 -0.646292 0.75675 41.6426 
0.996113 0.0319377 -0.0820878 -2.64271 0.0278925 0.769614 0.6379 -6.71854 0.083549 -0.63771 0.765732 41.6143 
0.995255 0.0316747 -0.091997 -2.40958 0.0337828 0.774204 0.632034 -6.27239 0.091244 -0.632143 0.769461 41.8336 
0.994592 0.0342113 -0.0980585 -2.28623 0.0378882 0.759585 0.649304 -6.52619 0.0966973 -0.649508 0.754181 42.5817 
0.995036 0.0345221 -0.0933355 -2.47746 0.0352349 0.754928 0.65486 -6.45466 0.0930687 -0.654898 0.749964 42.9703 
0.994055 0.0342893 -0.103341 -2.24197 0.0433576 0.74596 0.664578 -6.48657 0.0998764 -0.665107 0.740039 43.5532 
0.994254 0.0345699 -0.101313 -2.36779 0.0432302 0.736151 0.675435 -6.4874 0.0979315 -0.675934 0.730426 44.1881 
0.995849 0.0363136 -0.0834628 -2.9503 0.0321742 0.717329 0.695992 -6.79885 0.0851443 -0.695788 0.713183 45.004 
0.99528 0.0381364 -0.089241 -2.82497 0.0365722 0.704373 0.708888 -6.92055 0.0898934 -0.708805 0.699653 45.6575 
0.994033 0.0385566 -0.102038 -2.49929 0.0450327 0.70695 0.705828 -6.59791 0.0993504 -0.706211 0.700996 45.8509 
0.994956 0.0415259 -0.0913186 -2.86609 0.0384828 0.682663 0.729719 -7.01424 0.0926421 -0.729552 0.677621 46.8145 
0.994852 0.0403099 -0.0929762 -2.86784 0.0411919 0.677412 0.734449 -6.85944 0.0925888 -0.734498 0.672264 47.2278 
0.993502 0.0435526 -0.10515 -2.55789 0.0504968 0.659293 0.750189 -7.04943 0.101998 -0.750624 0.65281 48.0354 
0.994502 0.0436804 -0.0951746 -2.90077 0.0442012 0.648829 0.759649 -7.0771 0.0949338 -0.759679 0.643331 48.5271 
0.993754 0.0491588 -0.100181 -2.79931 0.0475284 0.625796 0.778537 -7.40472 0.100965 -0.778436 0.619551 49.4094 
0.994323 0.0531113 -0.0921997 -3.09533 0.0430908 0.591279 0.805315 -7.86965 0.0972871 -0.804716 0.585634 50.6436 
0.995423 0.0536936 -0.0790551 -3.53045 0.0320707 0.591575 0.805612 -7.62054 0.0900233 -0.80446 0.587146 50.7872 
0.996106 0.0568644 -0.0673756 -3.91333 0.022995 0.570183 0.821196 -7.77944 0.0851132 -0.819548 0.566655 51.5973 
0.996693 0.0572409 -0.0576808 -4.24381 0.0146554 0.571555 0.820433 -7.36938 0.07993 -0.818565 0.568826 51.81 
0.997934 0.0557813 -0.0318692 -5.03779 -0.00687675 0.585971 0.810303 -6.75108 0.0638742 -0.80841 0.585144 51.5584 
0.997663 0.0572584 -0.0372835 -4.90193 -0.000365258 0.550124 0.835083 -7.24854 0.068326 -0.833118 0.548859 52.7749 
0.998016 0.0567015 -0.0273816 -5.22467 -0.00684209 0.529939 0.848008 -7.29634 0.0625939 -0.846138 0.529275 53.5639 
0.998181 0.0554492 -0.0236596 -5.36308 -0.01016 0.541571 0.840594 -6.76499 0.0594236 -0.838824 0.541149 53.4172 
0.997898 0.0564083 -0.0318881 -5.15345 -0.000588704 0.49999 0.866031 -7.21759 0.0647951 -0.864192 0.498972 54.8342 
0.997576 0.0582254 -0.0381081 -5.00373 0.00596694 0.474039 0.880484 -7.27499 0.0693313 -0.878577 0.472543 55.8095 
0.997687 0.0577171 -0.0358996 -5.09926 0.00247941 0.496907 0.8678 -6.54115 0.0679257 -0.865882 0.495614 55.3243 
0.997907 0.0572505 -0.0300819 -5.30262 -0.00229114 0.496146 0.868236 -6.14894 0.064632 -0.86635 0.495238 55.5624 
0.998301 0.05688 -0.0126028 -5.84023 -0.0146794 0.454924 0.890409 -6.51565 0.0563797 -0.888712 0.454986 56.8994 
0.998056 0.057677 -0.0236236 -5.53867 -0.00611798 0.467852 0.883786 -5.9799 0.0620265 -0.881923 0.467295 56.7091 
0.997822 0.0587756 -0.0299497 -5.37857 0.000147314 0.452028 0.892003 -5.90924 0.0659662 -0.890065 0.451035 57.3436 
0.997862 0.0613337 -0.0225641 -5.62373 -0.00645824 0.436123 0.899864 -5.78523 0.0650327 -0.897794 0.435587 57.9839 
0.997327 0.0611578 -0.0399775 -5.13806 0.0106965 0.419043 0.907903 -5.74708 0.0722776 -0.905904 0.417269 58.6534 
0.997535 0.0606566 -0.0352752 -5.31124 0.00705116 0.413525 0.910465 -5.38806 0.0698129 -0.90847 0.412078 58.9982 
0.99804 0.0611846 -0.0131 -5.99372 -0.0128006 0.404584 0.914411 -5.17861 0.061248 -0.912452 0.404574 59.3729 
0.99803 0.0607471 -0.0156955 -5.93236 -0.010296 0.405338 0.914109 -4.82779 0.0618914 -0.912146 0.405165 59.4974 
0.998021 0.0617338 -0.0119223 -6.06203 -0.012918 0.386907 0.922028 -4.76282 0.0615331 -0.92005 0.386939 60.1665 
0.998103 0.0615148 -0.00265306 -6.36228 -0.0205257 0.373044 0.927587 -4.58871 0.05805 -0.925772 0.373599 60.6963 
0.998023 0.0624663 -0.00688524 -6.26492 -0.0175451 0.382157 0.923931 -4.10188 0.0603458 -0.921984 0.382497 60.5887 
0.998006 0.0631139 -0.000860921 -6.46393 -0.0225637 0.369466 0.92897 -3.92819 0.058949 -0.927098 0.370154 61.0817 
0.998039 0.062544 -0.00270804 -6.42224 -0.0216642 0.385641 0.922394 -3.24648 0.0587346 -0.920527 0.38624 60.8223 
0.99793 0.0630227 -0.0128184 -6.14023 -0.0111265 0.36549 0.930749 -3.169 0.0633433 -0.928679 0.365435 61.5639 
0.997922 0.0630239 -0.0133928 -6.15293 -0.00974528 0.353111 0.935531 -3.03641 0.0636899 -0.933456 0.352991 62.0359 
0.998 0.0632063 0.00115132 -6.60106 -0.024382 0.36805 0.929486 -2.39058 0.0583256 -0.927655 0.368855 61.7417 
0.997923 0.0637731 -0.00905109 -6.32354 -0.0126592 0.331958 0.943209 -2.48033 0.063156 -0.941136 0.332076 62.9447 
0.997927 0.0636758 -0.00938098 -6.33465 -0.0128048 0.339251 0.940609 -2.01961 0.0630765 -0.938538 0.339363 62.8713 
0.997668 0.0628951 -0.0265207 -5.85281 0.00327732 0.34395 0.938982 -1.57469 0.0681792 -0.936879 0.342942 62.9092 
0.997807 0.0622272 -0.0225581 -5.99781 0.000883183 0.328262 0.944586 -1.32012 0.0661839 -0.942535 0.327488 63.515 
0.998023 0.0608884 -0.0155766 -6.22884 -0.00533141 0.328966 0.944327 -1.01579 0.0626227 -0.942377 0.32864 63.5807 
0.99782 0.0608096 -0.0256262 -5.95366 0.00340308 0.340406 0.940272 -0.520843 0.0659009 -0.93831 0.339457 63.395 
0.997477 0.0604605 -0.0372138 -5.64031 0.0169949 0.305588 0.952012 -0.521475 0.0689312 -0.950242 0.303789 64.56 
0.997507 0.060921 -0.0356178 -5.71193 0.0156284 0.301482 0.953344 -0.215565 0.0688168 -0.951524 0.299778 64.7854 
0.997416 0.0612024 -0.037624 -5.68812 0.0177424 0.297637 0.954514 0.0488732 0.0696168 -0.952715 0.295782 65.0016 
0.997612 0.061821 -0.030802 -5.92467 0.00970239 0.316104 0.948675 0.616286 0.0683847 -0.946708 0.314749 64.5686 
0.997388 0.0615392 -0.0378278 -5.74887 0.016614 0.314204 0.94921 0.942633 0.0702993 -0.947359 0.312361 64.751 
0.997035 0.0610961 -0.0467856 -5.52245 0.0263624 0.300006 0.953573 1.15444 0.0722956 -0.951979 0.297506 65.3007 
0.996791 0.0602424 -0.0527168 -5.39484 0.0329293 0.291673 0.955951 1.47926 0.0729648 -0.954619 0.288753 65.675 
0.997248 0.0615424 -0.041348 -5.76338 0.0218322 0.289209 0.957017 1.737 0.0708554 -0.955286 0.28707 65.8082 
0.997302 0.0605799 -0.0414536 -5.79411 0.0217056 0.296095 0.954912 2.12881 0.0701227 -0.953235 0.293982 65.6962 
0.997377 0.059898 -0.0406321 -5.85097 0.0224469 0.277721 0.960399 2.31715 0.0688104 -0.958793 0.275648 66.3401 
0.997313 0.0603484 -0.0415237 -5.85819 0.0238276 0.268773 0.962909 2.62945 0.0692705 -0.961311 0.266612 66.7194 
0.997044 0.0625423 -0.0446197 -5.80375 0.0276431 0.249842 0.967892 2.81202 0.071682 -0.966265 0.247374 67.371 
0.997379 0.0618264 -0.0375979 -6.04474 0.0223859 0.230467 0.972823 2.96703 0.0688111 -0.971114 0.228478 68.0062 
0.997112 0.0626045 -0.0429943 -5.92017 0.029654 0.20024 0.979298 3.07974 0.0699176 -0.977745 0.197805 68.9691 
0.995756 0.0629861 -0.0671072 -5.2414 0.0543394 0.186146 0.981018 3.2864 0.0742822 -0.980501 0.181934 69.4905 
0.995067 0.0622097 -0.0772813 -4.99313 0.0645355 0.185748 0.980476 3.73936 0.0753499 -0.980626 0.180816 69.5998 
0.996069 0.0621952 -0.0630718 -5.45849 0.0496897 0.197127 0.979118 4.09944 0.0733296 -0.978403 0.193262 69.2973 
0.995302 0.0633897 -0.0731859 -5.1959 0.0607217 0.180087 0.981775 4.41819 0.0754142 -0.981606 0.175392 69.9048 
0.995725 0.0640967 -0.0665137 -5.43346 0.0557545 0.157063 0.986013 4.63902 0.073647 -0.985506 0.152818 70.6257 
0.99616 0.0621258 -0.0616917 -5.62896 0.049305 0.184206 0.98165 5.22886 0.0723498 -0.980922 0.180436 69.8858 
0.996468 0.0611971 -0.0575043 -5.7925 0.0456487 0.180017 0.982604 5.57732 0.0704842 -0.981758 0.176587 70.0688 
0.995086 0.0606117 -0.0782941 -5.22032 0.0666794 0.174331 0.982427 5.84742 0.0731957 -0.98282 0.169433 70.3257 
0.994912 0.0597744 -0.0811 -5.18486 0.0688536 0.184236 0.980467 6.34537 0.0735484 -0.981063 0.179183 70.1199 
0.994477 0.0633423 -0.0836908 -5.15903 0.0735738 0.147969 0.986251 6.54292 0.0748551 -0.986961 0.142492 71.2593 
0.9956 0.0653077 -0.0671998 -5.69414 0.0589103 0.121478 0.990844 6.74474 0.0728731 -0.990443 0.117096 72.0456 
0.995583 0.0657074 -0.0670556 -5.73937 0.0586839 0.121963 0.990798 7.14392 0.073281 -0.990357 0.117568 72.0794 
0.995061 0.0661035 -0.0740577 -5.57769 0.0661771 0.11434 0.991235 7.46243 0.0739919 -0.99124 0.109401 72.3561 
0.996098 0.0679543 -0.0563067 -6.14504 0.0503132 0.0869 0.994946 7.74835 0.0725039 -0.993897 0.083142 73.1644 
0.996052 0.0691967 -0.0556039 -6.20749 0.0494548 0.0876079 0.994927 8.14811 0.073717 -0.993749 0.0838399 73.1772 
0.996517 0.0696382 -0.045881 -6.53351 0.0397613 0.0868554 0.995427 8.57564 0.0733047 -0.993784 0.083784 73.2147 
0.997022 0.0691151 -0.03422 -6.91578 0.0291918 0.0724951 0.996941 8.92118 0.0713845 -0.994971 0.0702616 73.6402 
0.997141 0.0695416 -0.0295434 -7.08034 0.0259627 0.0518434 0.998318 9.19467 0.0709562 -0.996231 0.0498897 74.2629 
0.997233 0.0704278 -0.023784 -7.28248 0.0193424 0.0630888 0.99782 9.67857 0.0717748 -0.99552 0.061552 73.9428 
0.996787 0.0712444 -0.0366179 -6.93557 0.0324015 0.0594645 0.997704 10.0605 0.0732583 -0.995685 0.0569649 74.0914 
0.996564 0.071643 -0.0415585 -6.82863 0.0381312 0.0485609 0.998092 10.4689 0.0735244 -0.996248 0.0456623 74.4404 
0.996831 0.0713376 -0.0352015 -7.05873 0.0312108 0.0563048 0.997926 10.934 0.0731717 -0.995862 0.0538998 74.2199 
0.996982 0.0721778 -0.0285819 -7.28765 0.028745 -0.00122187 0.999586 11.1646 0.072113 -0.997391 -0.00329294 75.9097 
0.997107 0.0710639 -0.026969 -7.36816 0.0271688 -0.00184649 0.999629 11.5968 0.0709877 -0.99747 -0.00377187 75.921 
0.99657 0.0711542 -0.042242 -6.94546 0.0429777 -0.00883974 0.999037 12.009 0.0707123 -0.997426 -0.0118675 76.1645 
0.997281 0.070077 -0.0228152 -7.54442 0.0233074 -0.00621395 0.999709 12.3609 0.0699148 -0.997522 -0.00783036 76.0377 
0.997369 0.0718732 -0.0094452 -7.96591 0.00915663 0.00434342 0.999949 12.7513 0.0719105 -0.997404 0.00367387 75.6978 
