1 0 0 0 0 1 0 0 0 0 1 0 
1 0.000693808 -0.000188409 0.0121742 -0.000693694 1 0.000602698 -0.0519498 0.000188827 -0.000602568 1 0.953053 
0.999999 0.00157153 -0.000320616 0.0228129 -0.00157145 0.999999 0.000272642 -0.0213842 0.000321044 -0.000272137 1 1.76136 
0.999999 0.00103977 -0.000252492 0.0138658 -0.00103966 0.999999 0.000448212 -0.0237293 0.000252958 -0.00044795 1 2.51293 
0.999997 0.00252695 -0.000471182 0.033264 -0.00252675 0.999997 0.000429767 -0.0325313 0.000472267 -0.000428575 1 3.38902 
0.999998 0.00163436 -0.000625181 0.0297038 -0.00163439 0.999999 -4.42476e-05 0.00519321 0.000625107 4.52694e-05 1 4.44143 
0.999996 0.00261135 -0.000494936 0.013186 -0.00261139 0.999997 -7.21881e-05 0.0116458 0.000494745 7.34803e-05 1 5.31569 
0.999997 0.00245659 -0.000760604 0.0336823 -0.0024564 0.999997 0.000247583 -0.0123737 0.00076121 -0.000245714 1 6.25071 
0.999999 0.00135828 -0.00073934 0.038134 -0.00135804 0.999999 0.000323821 0.000888496 0.000739779 -0.000322816 1 7.15649 
0.999997 0.00213356 -0.00114937 0.0585898 -0.00213399 0.999998 -0.000373195 0.0567688 0.00114857 0.000375647 0.999999 8.23428 
0.999997 0.00207966 -0.00108902 0.046625 -0.0020797 0.999998 -4.09921e-05 0.0345383 0.00108893 4.32568e-05 0.999999 9.13366 
0.999999 0.000551908 -0.00125585 0.0479961 -0.000550926 1 0.000782035 -0.0111145 0.00125629 -0.000781342 0.999999 10.0231 
0.999999 -0.000340318 -0.0012475 0.0409156 0.000342043 0.999999 0.00138228 -0.0323141 0.00124703 -0.0013827 0.999998 10.8333 
0.999999 1.88977e-05 -0.00151858 0.0537685 -1.63294e-05 0.999999 0.00169126 -0.0660115 0.00151861 -0.00169124 0.999997 11.7369 
0.999998 0.000640751 -0.00172057 0.0656004 -0.00063697 0.999997 0.00219714 -0.114255 0.00172197 -0.00219604 0.999996 12.5608 
0.999999 0.000261618 -0.00157091 0.0621007 -0.000257312 0.999996 0.00274065 -0.144563 0.00157162 -0.00274024 0.999995 13.4387 
0.999998 0.000595406 -0.00181774 0.0728737 -0.000590431 0.999996 0.00273595 -0.123387 0.00181936 -0.00273488 0.999995 14.2642 
0.999999 0.000173722 -0.00157702 0.0500494 -0.000169658 0.999997 0.00257714 -0.138755 0.00157746 -0.00257687 0.999995 15.3506 
0.999998 0.000775439 -0.00196618 0.069279 -0.000770933 0.999997 0.00229171 -0.106186 0.00196795 -0.00229019 0.999995 16.1541 
0.999998 0.000173431 -0.00201238 0.0616296 -0.000169004 0.999998 0.00219983 -0.0930274 0.00201276 -0.00219949 0.999996 16.9942 
0.999997 -0.00118219 -0.00198186 0.0505436 0.00118747 0.999996 0.00266291 -0.146005 0.0019787 -0.00266525 0.999994 17.8742 
0.999994 -0.002851 -0.0021215 0.0646106 0.00285671 0.999992 0.0026915 -0.127254 0.00211381 -0.00269755 0.999994 18.6836 
0.999994 -0.00264105 -0.00233603 0.0680359 0.00264635 0.999994 0.00226885 -0.0943335 0.00233002 -0.00227502 0.999995 19.4569 
0.99999 -0.00388383 -0.00236332 0.0726392 0.00388914 0.99999 0.00224698 -0.0838587 0.00235457 -0.00225615 0.999995 20.3669 
0.999992 -0.00313853 -0.00248956 0.0817612 0.00314486 0.999992 0.00254243 -0.0932851 0.00248156 -0.00255024 0.999994 21.2333 
0.999995 -0.00210912 -0.00249452 0.0862762 0.00211626 0.999994 0.00286662 -0.109073 0.00248845 -0.00287189 0.999993 22.0572 
0.999995 -0.00194272 -0.00242968 0.0759814 0.00195187 0.999991 0.00376636 -0.160588 0.00242235 -0.00377109 0.99999 22.8099 
0.999995 -0.00222894 -0.00236691 0.0700847 0.00223744 0.999991 0.00359377 -0.163335 0.00235888 -0.00359904 0.999991 23.6509 
0.999995 -0.00227742 -0.00226787 0.0611133 0.00228583 0.99999 0.00371309 -0.177506 0.00225939 -0.00371826 0.999991 24.4451 
0.999995 -0.00236618 -0.00198676 0.0438673 0.00237268 0.999992 0.00327629 -0.125593 0.00197899 -0.00328099 0.999993 25.2323 
0.999996 -0.00204135 -0.00211626 0.0560409 0.00204868 0.999992 0.00346691 -0.143395 0.00210917 -0.00347123 0.999992 26.0629 
0.999992 -0.00342023 -0.00203981 0.0425692 0.00342879 0.999985 0.00421069 -0.190854 0.00202537 -0.00421765 0.999989 26.9144 
0.999991 -0.00343034 -0.0024218 0.0585258 0.00344032 0.999986 0.00413053 -0.181005 0.00240759 -0.00413883 0.999989 27.7726 
0.99999 -0.00378676 -0.00257055 0.0673712 0.00379735 0.999984 0.00412801 -0.16892 0.00255488 -0.00413773 0.999988 28.5724 
0.999987 -0.0041417 -0.00283617 0.085952 0.0041536 0.999983 0.0042043 -0.167397 0.0028187 -0.00421603 0.999987 29.4127 
0.999985 -0.00453036 -0.00295196 0.0965587 0.00454393 0.999979 0.00460359 -0.193118 0.00293104 -0.00461694 0.999985 30.431 
0.999979 -0.00527424 -0.00367215 0.141524 0.00529032 0.999976 0.00438368 -0.181203 0.00364895 -0.00440302 0.999984 31.2148 
0.999976 -0.00570128 -0.00384603 0.137493 0.00571531 0.999977 0.00364656 -0.142179 0.00382516 -0.00366846 0.999986 32.1141 
0.999977 -0.00572829 -0.00364895 0.11563 0.00574226 0.999976 0.00382861 -0.126646 0.00362693 -0.00384947 0.999986 33.0308 
0.99997 -0.00690191 -0.0036266 0.105025 0.00691668 0.999968 0.00407568 -0.145233 0.00359835 -0.00410064 0.999985 33.9396 
0.999972 -0.00660207 -0.00356892 0.10462 0.00661954 0.999966 0.00490696 -0.202747 0.0035364 -0.00493045 0.999982 34.8984 
0.999963 -0.00734608 -0.00452906 0.145947 0.00737253 0.999956 0.00585076 -0.256887 0.00448588 -0.00588393 0.999973 35.7871 
0.999962 -0.00726528 -0.00476439 0.151945 0.00729531 0.999953 0.00631725 -0.279903 0.00471827 -0.00635177 0.999969 36.722 
0.999979 -0.00493463 -0.00422684 0.109454 0.00496161 0.999967 0.00639711 -0.264839 0.00419514 -0.00641795 0.999971 37.7154 
0.999986 -0.00305574 -0.0043087 0.1232 0.00308001 0.999979 0.00563679 -0.214264 0.00429139 -0.00564999 0.999975 38.6032 
0.999988 -0.00228357 -0.00430564 0.122645 0.00230721 0.999982 0.00549267 -0.209089 0.00429303 -0.00550254 0.999976 39.5236 
0.999989 -0.00177209 -0.00437174 0.124878 0.00179666 0.999983 0.00562315 -0.219806 0.0043617 -0.00563095 0.999975 40.4057 
0.99999 -0.00115288 -0.00436539 0.120989 0.00117655 0.999985 0.00542286 -0.174577 0.00435907 -0.00542794 0.999976 41.134 
0.999991 -0.00148624 -0.00394518 0.0894765 0.00150616 0.999986 0.00505131 -0.144974 0.00393762 -0.00505721 0.999979 42.1103 
0.99999 -0.00135371 -0.00415087 0.0940376 0.00137578 0.999985 0.00531858 -0.148625 0.00414361 -0.00532424 0.999977 42.9266 
0.99999 -0.000996338 -0.00431038 0.108338 0.00101839 0.999986 0.00511684 -0.133252 0.00430523 -0.00512118 0.999978 43.8481 
0.999989 -0.000911995 -0.00457351 0.115095 0.000942143 0.999978 0.00659411 -0.217699 0.0045674 -0.00659835 0.999968 44.6857 
0.999988 -0.000747411 -0.0047625 0.126368 0.00077968 0.999977 0.00677745 -0.222085 0.00475732 -0.00678108 0.999966 45.6428 
0.999985 -0.00202284 -0.00517138 0.136175 0.00205909 0.999973 0.00701497 -0.223463 0.00515706 -0.00702551 0.999962 46.5193 
0.999984 -0.0021563 -0.00517078 0.12563 0.00219309 0.999972 0.00711916 -0.208316 0.00515528 -0.00713039 0.999961 47.4574 
0.999981 -0.00327305 -0.00528642 0.126621 0.00331267 0.999966 0.00750357 -0.252007 0.00526168 -0.00752093 0.999958 48.2762 
0.999979 -0.00297038 -0.00569235 0.154083 0.00301295 0.999967 0.00748314 -0.238119 0.00566994 -0.00750014 0.999956 49.19 
0.999976 -0.00373566 -0.00589075 0.163621 0.00378155 0.999962 0.00779821 -0.235779 0.0058614 -0.0078203 0.999952 50.1007 
0.99997 -0.00464622 -0.00622249 0.178969 0.00469642 0.999956 0.00807633 -0.259051 0.00618469 -0.00810531 0.999948 50.9679 
0.999969 -0.00399268 -0.0067627 0.215248 0.00404764 0.999959 0.00813348 -0.270943 0.00672995 -0.0081606 0.999944 51.8231 
0.99997 -0.00349526 -0.00689842 0.228859 0.00355446 0.999957 0.00858895 -0.30348 0.00686811 -0.00861321 0.999939 52.5933 
0.999966 -0.00427097 -0.00700619 0.229259 0.00432966 0.999955 0.00838323 -0.277347 0.00697008 -0.00841329 0.99994 53.4453 
0.999966 -0.0037543 -0.00733992 0.238416 0.00381884 0.999954 0.00879906 -0.302407 0.00730655 -0.00882679 0.999934 54.4376 
0.999967 -0.00396393 -0.00708581 0.217159 0.00402642 0.999953 0.00882674 -0.286553 0.00705048 -0.00885498 0.999936 55.2795 
0.999968 -0.00354314 -0.00710364 0.224903 0.00360599 0.999954 0.00885483 -0.256321 0.00707194 -0.00888017 0.999936 56.1229 
0.99997 -0.00284122 -0.00721313 0.224101 0.00291029 0.99995 0.00958241 -0.27392 0.00718554 -0.00960311 0.999928 57.0229 
0.999967 -0.00290212 -0.0075643 0.245409 0.00297377 0.999951 0.0094779 -0.262558 0.00753642 -0.00950008 0.999926 57.9865 
0.999964 -0.00300498 -0.00796081 0.25943 0.00307789 0.999953 0.00916244 -0.228815 0.00793291 -0.00918661 0.999926 58.8258 
0.999962 -0.00375821 -0.00791671 0.248617 0.00382958 0.999952 0.00901891 -0.217729 0.00788244 -0.00904888 0.999928 59.6197 
0.999967 -0.00275043 -0.00769102 0.23137 0.0028197 0.999955 0.00900972 -0.203059 0.00766589 -0.00903111 0.99993 60.5051 
0.999968 -0.00190968 -0.00773365 0.222674 0.00197452 0.999963 0.00838525 -0.168203 0.00771735 -0.00840025 0.999935 61.4603 
0.999968 -0.00165157 -0.00783438 0.215598 0.00171262 0.999968 0.00779152 -0.118708 0.00782126 -0.00780469 0.999939 62.3276 
0.999963 -0.00102321 -0.00855393 0.264582 0.0010867 0.999972 0.00742082 -0.094899 0.0085461 -0.00742984 0.999936 63.3156 
0.999964 -0.000792194 -0.00848314 0.256918 0.000859683 0.999968 0.007955 -0.128963 0.00847657 -0.00796201 0.999932 64.2822 
0.999965 -0.00117833 -0.00834196 0.246569 0.00124543 0.999967 0.00804337 -0.125277 0.00833221 -0.00805347 0.999933 65.1798 
0.999965 -0.00114514 -0.0082352 0.231251 0.00121312 0.999965 0.00825444 -0.124042 0.00822546 -0.00826414 0.999932 66.0158 
0.999965 -0.0018819 -0.00817287 0.216389 0.00194953 0.999964 0.00827577 -0.109659 0.008157 -0.00829141 0.999932 66.9265 
0.999966 -0.00231268 -0.00795804 0.189717 0.00237388 0.999968 0.0076895 -0.0643408 0.00794 -0.00770813 0.999939 67.8285 
0.999967 -0.00166356 -0.00800776 0.180059 0.00172372 0.99997 0.00751094 -0.0411229 0.00799503 -0.00752449 0.99994 68.7434 
0.999966 -0.00187548 -0.00799587 0.180846 0.0019367 0.999969 0.00765613 -0.0336749 0.00798126 -0.00767136 0.999939 69.6789 
0.999967 -0.00192379 -0.00788552 0.170261 0.00198752 0.999965 0.00808225 -0.0759289 0.0078697 -0.00809765 0.999936 70.5779 
0.999968 -0.000934497 -0.00795956 0.165276 0.0010001 0.999966 0.00824163 -0.0680411 0.00795159 -0.00824932 0.999934 71.3608 
0.999962 -0.00164214 -0.0085178 0.198332 0.00171438 0.999963 0.00848056 -0.0759293 0.00850356 -0.00849484 0.999928 72.3573 
0.999959 -0.00277103 -0.00862318 0.196787 0.00284114 0.999963 0.00812865 -0.0485448 0.00860034 -0.00815281 0.99993 73.2168 
0.99996 -0.00230263 -0.00862972 0.185915 0.00237117 0.999966 0.00794001 -0.0549002 0.00861114 -0.00796016 0.999931 73.979 
0.999957 -0.00217898 -0.00896558 0.198525 0.00224993 0.999966 0.00791108 -0.0388836 0.00894804 -0.00793091 0.999929 74.9618 
0.999958 -0.0014441 -0.00901181 0.206534 0.00151473 0.999968 0.00783573 -0.0256385 0.00900021 -0.00784905 0.999929 75.837 
0.999957 -0.0021627 -0.00897728 0.197344 0.00223463 0.999965 0.00801059 -0.0233469 0.00895965 -0.00803031 0.999928 76.7987 
0.999956 -0.00182753 -0.00918396 0.200199 0.00190961 0.999958 0.00893647 -0.0724467 0.00916724 -0.00895362 0.999918 77.8401 
0.999956 -0.00270303 -0.00902587 0.18457 0.0027867 0.999953 0.00926996 -0.0845823 0.00900039 -0.00929471 0.999916 78.6025 
0.999956 -0.00325954 -0.00876296 0.163109 0.00334175 0.99995 0.00938283 -0.0877584 0.00873194 -0.00941171 0.999918 79.556 
0.999958 -0.00321693 -0.0086278 0.14555 0.00330438 0.999943 0.0101397 -0.127987 0.00859469 -0.0101678 0.999911 80.4604 
0.999959 -0.00338213 -0.00840968 0.116429 0.0034705 0.999939 0.0105159 -0.157493 0.00837359 -0.0105446 0.999909 81.311 
0.999958 -0.00367268 -0.00836086 0.105036 0.00376816 0.999928 0.0114324 -0.210713 0.00831827 -0.0114634 0.9999 82.1782 
0.999953 -0.00481596 -0.00838987 0.0910708 0.0049127 0.999921 0.0115477 -0.188031 0.00833359 -0.0115884 0.999898 83.1052 
0.999952 -0.00539381 -0.00817529 0.0703526 0.00549156 0.999913 0.0119821 -0.206119 0.00810995 -0.0120264 0.999895 83.7868 
0.99995 -0.00574901 -0.00819105 0.0733416 0.00584713 0.999911 0.0120047 -0.205406 0.00812131 -0.012052 0.999894 84.5043 
0.999945 -0.00598697 -0.00864704 0.0897622 0.00609354 0.999905 0.0123506 -0.207775 0.00857228 -0.0124027 0.999886 85.4481 
0.999944 -0.00541676 -0.00908908 0.106596 0.00553414 0.999901 0.0129394 -0.24659 0.00901809 -0.012989 0.999875 86.413 
0.999938 -0.00601363 -0.0093563 0.116633 0.00614074 0.999888 0.0136169 -0.287773 0.00927337 -0.0136735 0.999864 87.3372 
0.999943 -0.00449378 -0.00967372 0.123144 0.00463286 0.999886 0.0144033 -0.337901 0.00960789 -0.0144473 0.999849 88.1783 
0.999943 -0.00434529 -0.0097528 0.110452 0.00448591 0.999886 0.014443 -0.316227 0.00968893 -0.0144859 0.999848 88.9443 
0.999939 -0.00520044 -0.00972459 0.0984492 0.00533512 0.999889 0.0138755 -0.261467 0.00965136 -0.0139266 0.999856 89.8995 
0.999931 -0.00612302 -0.00999059 0.110091 0.00627214 0.999868 0.014963 -0.32922 0.00989765 -0.0150247 0.999838 90.7738 
0.999932 -0.00542517 -0.0102855 0.115322 0.00557835 0.999873 0.014924 -0.308862 0.0102032 -0.0149804 0.999836 91.7568 
0.999935 -0.00544158 -0.0100196 0.0908375 0.00559336 0.999869 0.0151832 -0.310201 0.00993567 -0.0152382 0.999835 92.6914 
0.999921 -0.00676244 -0.0105529 0.113941 0.00692324 0.999859 0.0152766 -0.314235 0.0104481 -0.0153485 0.999828 93.5936 
0.999925 -0.00644336 -0.0103744 0.098476 0.00660812 0.999851 0.0159263 -0.33044 0.0102702 -0.0159937 0.999819 94.4996 
0.999922 -0.00717133 -0.0102444 0.0751689 0.00734465 0.999829 0.0169825 -0.385444 0.0101208 -0.0170564 0.999803 95.4841 
0.99993 -0.00648059 -0.0099091 0.0501548 0.0066534 0.999825 0.017507 -0.396218 0.0097939 -0.0175717 0.999798 96.3627 
0.999926 -0.00695332 -0.00999727 0.0453672 0.00713416 0.999809 0.018169 -0.425156 0.00986903 -0.018239 0.999785 97.1846 
0.999931 -0.00624615 -0.00990023 0.0267685 0.00642791 0.999809 0.0184353 -0.409686 0.00978319 -0.0184977 0.999781 98.0607 
0.999931 -0.00641935 -0.00981791 0.00168743 0.00659586 0.999815 0.0180534 -0.353005 0.0097002 -0.0181169 0.999789 99.0674 
0.999936 -0.005907 -0.0096397 -0.0203041 0.00608178 0.999816 0.0182043 -0.350616 0.00953039 -0.0182618 0.999788 99.9042 
0.99994 -0.00539298 -0.0095748 -0.0258757 0.00556937 0.999813 0.0184923 -0.342665 0.00947328 -0.0185445 0.999783 100.843 
0.999933 -0.00639881 -0.00964266 -0.0235821 0.00657568 0.999809 0.0184242 -0.33306 0.00952293 -0.0184863 0.999784 101.64 
0.999936 -0.00603867 -0.00955998 -0.0354817 0.00621966 0.9998 0.0190172 -0.365364 0.00944323 -0.0190754 0.999773 102.588 
0.999932 -0.00682426 -0.00948506 -0.0480492 0.00700918 0.999783 0.0196014 -0.371628 0.00934924 -0.0196665 0.999763 103.501 
0.999933 -0.00646705 -0.00956119 -0.0546307 0.00665264 0.999788 0.0195086 -0.358944 0.00943299 -0.0195709 0.999764 104.356 
0.999942 -0.0052127 -0.00947484 -0.0636361 0.00539249 0.999804 0.0190504 -0.302862 0.00937368 -0.0191004 0.999774 105.184 
0.99994 -0.00545827 -0.0094937 -0.0790026 0.00564138 0.999796 0.0193692 -0.309174 0.00938604 -0.0194216 0.999767 106.054 
0.99994 -0.00515964 -0.00968508 -0.0895455 0.00534943 0.999792 0.0196727 -0.295959 0.00958156 -0.0197233 0.99976 107.038 
0.999944 -0.00394874 -0.00979097 -0.0836902 0.00414653 0.999786 0.0202635 -0.301103 0.00970886 -0.0203029 0.999747 107.931 
0.99994 -0.0046975 -0.00992283 -0.0940604 0.00490657 0.999764 0.0211518 -0.352218 0.00982113 -0.0211993 0.999727 108.822 
0.99994 -0.00530433 -0.00960493 -0.117662 0.005507 0.99976 0.0211981 -0.331241 0.00949019 -0.0212497 0.999729 109.732 
0.999944 -0.00517235 -0.00924895 -0.144927 0.00536806 0.99976 0.0212623 -0.314179 0.00913675 -0.0213108 0.999731 110.572 
0.999947 -0.00492177 -0.0090949 -0.170122 0.0051154 0.999758 0.0213907 -0.299562 0.00898742 -0.021436 0.99973 111.39 
0.999952 -0.00334454 -0.00920953 -0.171824 0.00353817 0.999771 0.0210892 -0.268676 0.00913689 -0.0211208 0.999735 112.316 
0.999951 -0.00348715 -0.00930017 -0.173552 0.0036858 0.999764 0.0214286 -0.275989 0.00922325 -0.0214618 0.999727 113.192 
0.999949 -0.00388213 -0.00937683 -0.171435 0.00408704 0.999751 0.021933 -0.273222 0.00928935 -0.0219702 0.999715 114.052 
0.999947 -0.00318428 -0.00981093 -0.143401 0.00339666 0.999759 0.0217072 -0.261861 0.00973944 -0.0217394 0.999716 114.956 
0.999946 -0.00378122 -0.00972243 -0.161191 0.00399929 0.999739 0.0225091 -0.28552 0.00963478 -0.0225467 0.999699 115.741 
0.999949 -0.00260155 -0.00979958 -0.166611 0.00282032 0.999746 0.0223775 -0.262833 0.00973887 -0.022404 0.999702 116.62 
0.999943 -0.0029885 -0.0102432 -0.147788 0.00321889 0.999741 0.0225499 -0.246322 0.0101732 -0.0225816 0.999693 117.505 
0.999943 -0.0027761 -0.0103483 -0.153921 0.00301329 0.999731 0.0229758 -0.258603 0.0102817 -0.0230057 0.999682 118.371 
0.999945 -0.00239105 -0.0102192 -0.179039 0.00262398 0.999736 0.0228412 -0.228455 0.0101619 -0.0228667 0.999687 119.228 
0.999943 -0.00274315 -0.0103339 -0.174964 0.00298008 0.999731 0.0229824 -0.234545 0.0102681 -0.0230119 0.999682 120.261 
0.999944 -0.00279531 -0.0102019 -0.191661 0.00302719 0.999736 0.0227853 -0.189209 0.0101355 -0.0228149 0.999688 121.051 
0.999942 -0.0023982 -0.0105047 -0.184046 0.00263844 0.999734 0.0229158 -0.175028 0.010447 -0.0229422 0.999682 121.746 
0.999937 -0.00256033 -0.0108985 -0.17248 0.00281179 0.999729 0.0231207 -0.151899 0.0108364 -0.0231499 0.999673 122.625 
0.999938 -0.00254492 -0.0108693 -0.183103 0.00279282 0.999735 0.0228536 -0.113757 0.0108082 -0.0228826 0.99968 123.491 
0.999937 -0.00265692 -0.01087 -0.192745 0.00291294 0.999717 0.0236054 -0.153896 0.0108042 -0.0236356 0.999662 124.273 
0.999938 -0.00273712 -0.0107541 -0.203708 0.00298993 0.999718 0.0235636 -0.129375 0.0106866 -0.0235943 0.999664 125.198 
0.999934 -0.00337267 -0.0109758 -0.197133 0.00363262 0.999711 0.0237509 -0.109834 0.0108925 -0.0237892 0.999658 126.054 
0.999928 -0.00490761 -0.0109398 -0.210963 0.00517038 0.999696 0.0241224 -0.116177 0.0108181 -0.0241772 0.999649 126.827 
0.999932 -0.004374 -0.0108199 -0.22346 0.00464211 0.99968 0.0248796 -0.154945 0.0107076 -0.0249281 0.999632 127.737 
0.999927 -0.0049059 -0.011069 -0.216874 0.00517861 0.99968 0.0247448 -0.119041 0.010944 -0.0248003 0.999633 128.641 
0.999924 -0.0052575 -0.0111687 -0.221053 0.00552797 0.999689 0.0243252 -0.0548132 0.0110373 -0.0243851 0.999642 129.531 
0.999922 -0.00526369 -0.0113359 -0.237059 0.00552929 0.999708 0.0235276 0.0166554 0.0112088 -0.0235884 0.999659 130.364 
0.999925 -0.00465335 -0.011355 -0.255719 0.00492295 0.999704 0.0238316 0.020262 0.0112408 -0.0238857 0.999651 131.216 
0.99992 -0.00425774 -0.0118915 -0.228479 0.0045388 0.999709 0.023709 0.0586538 0.011787 -0.0237611 0.999648 132.109 
0.999911 -0.00520322 -0.0122522 -0.216708 0.0054903 0.999708 0.0235155 0.0811617 0.0121263 -0.0235807 0.999648 132.935 
0.999904 -0.00553259 -0.0126707 -0.210427 0.00582781 0.99971 0.0233824 0.128261 0.0125376 -0.023454 0.999646 133.951 
0.999908 -0.00521626 -0.0125191 -0.232488 0.00550622 0.999715 0.0232395 0.170927 0.0123943 -0.0233063 0.999652 134.705 
0.99991 -0.00492489 -0.0124909 -0.245373 0.00521066 0.999723 0.0229496 0.221496 0.0123744 -0.0230126 0.999659 135.55 
0.999903 -0.00563203 -0.0127753 -0.240184 0.00593337 0.999702 0.0236735 0.178111 0.0126382 -0.023747 0.999638 136.53 
0.999894 -0.00539402 -0.0135544 -0.201642 0.00571229 0.999706 0.0235533 0.204365 0.0134233 -0.0236282 0.999631 137.299 
0.999892 -0.00520703 -0.0137292 -0.201652 0.00553417 0.999699 0.0238987 0.205217 0.0136006 -0.0239721 0.99962 138.244 
0.999888 -0.00445637 -0.0142646 -0.17724 0.00479067 0.999713 0.0234878 0.237331 0.0141558 -0.0235535 0.999622 139.048 
0.999888 -0.00444066 -0.0142969 -0.193223 0.00478285 0.999701 0.0239896 0.235314 0.0141861 -0.0240553 0.99961 139.972 
0.999894 -0.00321714 -0.0142343 -0.212558 0.00355468 0.999712 0.0237519 0.257297 0.0141538 -0.0238 0.999617 140.736 
0.999895 -0.0033025 -0.0141107 -0.234644 0.00363634 0.999713 0.023699 0.284878 0.0140283 -0.0237478 0.99962 141.625 
0.999895 -0.00355226 -0.0140284 -0.257379 0.00388006 0.999718 0.0234092 0.331127 0.0139413 -0.0234612 0.999628 142.474 
0.9999 -0.00322309 -0.013792 -0.285605 0.0035468 0.999717 0.023511 0.367263 0.0137123 -0.0235576 0.999628 143.363 
0.999896 -0.0034385 -0.0139821 -0.291009 0.00376354 0.999722 0.0232879 0.393317 0.0138982 -0.0233381 0.999631 144.088 
0.999893 -0.00413639 -0.0140641 -0.310838 0.00446704 0.999712 0.0235605 0.408978 0.0139626 -0.0236208 0.999623 145.083 
0.999895 -0.00477338 -0.0137099 -0.342171 0.00509519 0.99971 0.0235344 0.430819 0.0135936 -0.0236018 0.999629 145.932 
0.999892 -0.00470329 -0.0139353 -0.336475 0.00502713 0.999716 0.0232959 0.473203 0.0138218 -0.0233634 0.999631 146.773 
0.999894 -0.00452993 -0.0138439 -0.362178 0.00485947 0.999703 0.0238637 0.454773 0.0137317 -0.0239284 0.999619 147.751 
0.999893 -0.00477957 -0.0138587 -0.37638 0.00511017 0.999701 0.0239188 0.470852 0.0137402 -0.023987 0.999618 148.724 
0.999885 -0.0039221 -0.0146372 -0.339356 0.00426987 0.999708 0.0238042 0.50632 0.0145396 -0.0238639 0.999609 149.483 
0.999888 -0.00265282 -0.014705 -0.342093 0.00300702 0.999705 0.0241176 0.512705 0.0146367 -0.0241592 0.999601 150.443 
0.999888 -0.00192309 -0.0148215 -0.34696 0.00228092 0.999705 0.0241637 0.533008 0.0147707 -0.0241948 0.999598 151.281 
0.999899 -0.000774955 -0.0142171 -0.393977 0.00110972 0.999722 0.0235536 0.59278 0.0141949 -0.023567 0.999621 152.023 
0.999895 0.000316098 -0.0144916 -0.385683 3.5364e-05 0.999706 0.0242461 0.566265 0.014495 -0.0242441 0.999601 152.906 
0.99989 0.00142096 -0.0147643 -0.378017 -0.00106543 0.99971 0.0240607 0.606318 0.0147942 -0.0240424 0.999601 153.871 
0.999895 0.0011143 -0.0144341 -0.429467 -0.00075394 0.999688 0.0249471 0.553442 0.0144574 -0.0249337 0.999585 154.868 
0.999896 0.000694246 -0.0144385 -0.444776 -0.000341593 0.999702 0.0244127 0.60925 0.0144511 -0.0244052 0.999598 155.746 
0.999894 0.00172145 -0.0144355 -0.455681 -0.00135928 0.999685 0.025061 0.582278 0.0144741 -0.0250387 0.999582 156.581 
0.999892 0.00252964 -0.0144448 -0.461753 -0.00216784 0.999685 0.0250079 0.612123 0.0145035 -0.0249739 0.999583 157.374 
0.999888 0.0032171 -0.0146218 -0.473825 -0.00285529 0.999691 0.0246985 0.659379 0.0146968 -0.024654 0.999588 158.318 
0.999887 0.00312302 -0.0147356 -0.499634 -0.00275063 0.999678 0.0252246 0.651821 0.0148097 -0.0251812 0.999573 159.34 
0.999888 0.0028521 -0.0146747 -0.525332 -0.0024863 0.999687 0.0248854 0.702996 0.0147411 -0.0248461 0.999583 160.105 
0.999894 0.00234863 -0.0143706 -0.559179 -0.00198647 0.999681 0.0251641 0.702385 0.0144251 -0.0251329 0.99958 161.024 
0.999896 0.00262392 -0.0141569 -0.574726 -0.00226558 0.999678 0.0252693 0.738904 0.0142187 -0.0252346 0.99958 161.875 
0.999895 0.00374952 -0.0139811 -0.589007 -0.00339228 0.999669 0.0254887 0.753305 0.014072 -0.0254386 0.999577 162.724 
0.999881 0.00545065 -0.0144603 -0.568202 -0.00508658 0.999672 0.025096 0.820203 0.0145924 -0.0250195 0.99958 163.696 
