1 0 0 0 0 1 0 0 0 0 1 0 
1 -0.000679641 0.000329066 -0.031749 0.000679428 1 0.000647411 -0.0392265 -0.000329506 -0.000647187 1 0.782287 
0.999958 -0.000607748 -0.00914584 0.517726 0.000638364 0.999994 0.00334501 -0.198274 0.00914376 -0.0033507 0.999953 1.39346 
0.999951 -0.000842396 -0.00983068 0.531309 0.000874367 0.999994 0.00324833 -0.185014 0.00982789 -0.00325677 0.999946 2.01277 
0.999972 0.000627977 -0.00746246 0.376464 -0.000592607 0.999989 0.00474092 -0.282094 0.00746535 -0.00473636 0.999961 2.78515 
0.999979 -0.000672121 -0.00648158 0.29645 0.000737328 0.999949 0.0100632 -0.593289 0.00647449 -0.0100678 0.999928 3.73472 
0.999986 0.00178082 -0.00503915 0.203564 -0.00173229 0.999952 0.0096195 -0.563876 0.00505604 -0.00961063 0.999941 4.44406 
0.999982 0.00239722 -0.0055698 0.209897 -0.0023386 0.999942 0.0105074 -0.614043 0.00559467 -0.0104942 0.999929 5.25334 
0.99998 0.00226087 -0.00597891 0.224284 -0.00219681 0.99994 0.0106993 -0.609471 0.00600274 -0.0106859 0.999925 5.91361 
0.99998 0.0029332 -0.00553985 0.168146 -0.0028726 0.999936 0.010916 -0.613979 0.00557152 -0.0108999 0.999925 6.71572 
0.999979 0.00252334 -0.00600384 0.176125 -0.0024655 0.999951 0.0096219 -0.535974 0.00602782 -0.00960689 0.999936 7.39642 
0.999979 0.000969913 -0.00644325 0.180489 -0.000902879 0.999946 0.0103985 -0.560562 0.00645299 -0.0103924 0.999925 8.30692 
0.999969 0.000749762 -0.00782889 0.23392 -0.000663913 0.99994 0.0109625 -0.573031 0.00783663 -0.010957 0.999909 9.03526 
0.99993 0.000285833 -0.0118576 0.441231 -0.000142932 0.999927 0.0120505 -0.636838 0.0118602 -0.012048 0.999857 9.77612 
0.999935 0.00107247 -0.0113888 0.391409 -0.000934681 0.999926 0.0120969 -0.640049 0.0114009 -0.0120855 0.999862 10.6082 
0.999927 -0.000229172 -0.0120895 0.410585 0.000368968 0.999933 0.0115625 -0.591167 0.012086 -0.0115662 0.99986 11.284 
0.999912 -0.000699948 -0.0132272 0.432356 0.000864766 0.999922 0.0124589 -0.621567 0.0132174 -0.0124693 0.999835 12.0856 
0.999832 0.000567525 -0.0183091 0.698793 -0.000205263 0.999804 0.0197817 -1.05947 0.0183168 -0.0197746 0.999637 13.0633 
0.999822 0.00122293 -0.0188124 0.680837 -0.000816176 0.999766 0.021614 -1.1416 0.0188345 -0.0215948 0.999589 13.7965 
0.999837 0.00104828 -0.0180127 0.606918 -0.000660685 0.999768 0.0215104 -1.11778 0.0180311 -0.021495 0.999606 14.5886 
0.99978 -0.000156874 -0.0209701 0.736474 0.000609308 0.999767 0.0215706 -1.12237 0.0209618 -0.0215786 0.999547 15.4793 
0.999781 0.000253059 -0.0209361 0.714749 0.000212125 0.999753 0.022214 -1.1233 0.0209366 -0.0222136 0.999534 16.1974 
0.999718 -0.00149601 -0.0236828 0.832954 0.00202604 0.999748 0.0223722 -1.11994 0.0236433 -0.0224138 0.999469 16.985 
0.999685 -0.00290487 -0.0249288 0.865743 0.00345489 0.999751 0.0220488 -1.08704 0.0248586 -0.022128 0.999446 17.9034 
0.999679 -0.00214857 -0.025254 0.851204 0.00271703 0.999743 0.0224973 -1.08675 0.0251992 -0.0225586 0.999428 18.6975 
0.999655 -0.00167801 -0.0262284 0.882573 0.0023007 0.999716 0.0237291 -1.13961 0.0261811 -0.0237813 0.999374 19.3656 
0.999645 -0.00133869 -0.0266249 0.871261 0.00197644 0.999711 0.0239411 -1.12107 0.0265852 -0.0239852 0.999359 20.0537 
0.999638 -0.00152315 -0.0268516 0.85126 0.00214503 0.99973 0.0231462 -1.06428 0.0268091 -0.0231955 0.999371 20.9037 
0.999651 -0.00171873 -0.0263574 0.794755 0.0023488 0.999712 0.0238925 -1.09215 0.0263088 -0.023946 0.999367 21.7797 
0.999631 -0.00138126 -0.027113 0.804232 0.00201889 0.999722 0.0235042 -1.04456 0.027073 -0.0235503 0.999356 22.5175 
0.999594 -0.000975657 -0.0284924 0.849838 0.00165389 0.999716 0.02379 -1.05067 0.0284611 -0.0238274 0.999311 23.2047 
0.999546 -0.00306671 -0.0299805 0.893143 0.00391914 0.999589 0.0284156 -1.29989 0.029881 -0.0285202 0.999146 23.993 
0.999469 -0.00256224 -0.032478 1.002 0.00340253 0.99966 0.0258437 -1.12969 0.0324007 -0.0259405 0.999138 24.7221 
0.999445 -0.00354151 -0.0331202 0.999375 0.00440833 0.999649 0.0261359 -1.12066 0.033016 -0.0262674 0.99911 25.4163 
0.999415 -0.00491839 -0.0338497 1.00893 0.00578247 0.999659 0.0254766 -1.0681 0.0337128 -0.0256574 0.999102 26.0611 
0.999407 -0.0062536 -0.0338529 0.963286 0.00712491 0.999645 0.0256791 -1.0551 0.0336803 -0.0259051 0.999097 26.8399 
0.999367 -0.00768787 -0.0347311 0.963797 0.00857205 0.999641 0.0253808 -1.03048 0.0345236 -0.0256625 0.999074 27.5832 
0.999322 -0.00942044 -0.0356029 0.959115 0.0102932 0.999649 0.0244094 -0.964719 0.0353605 -0.0247593 0.999068 28.4115 
0.99931 -0.00927477 -0.0359786 0.936133 0.0101794 0.999635 0.0250426 -0.959972 0.0357332 -0.0253915 0.999039 29.136 
0.999272 -0.00903911 -0.0370632 0.952704 0.00999151 0.999623 0.0255925 -0.974812 0.0368179 -0.0259441 0.998985 29.7611 
0.998818 -0.0080829 -0.0479385 1.53955 0.00925748 0.999661 0.0243308 -0.88666 0.0477256 -0.0247458 0.998554 30.5307 
0.99875 -0.00950217 -0.0490819 1.53953 0.0107188 0.99964 0.0245845 -0.880473 0.0488306 -0.0250799 0.998492 31.3966 
0.998671 -0.0111535 -0.0503215 1.55057 0.0124263 0.999609 0.0250509 -0.875122 0.0500224 -0.0256429 0.998419 32.2383 
0.998689 -0.0093251 -0.0503244 1.50299 0.0105567 0.99965 0.024264 -0.811076 0.0500806 -0.0247634 0.998438 32.9407 
0.998664 -0.0092469 -0.0508423 1.47885 0.0104687 0.999662 0.0238172 -0.770358 0.0506049 -0.0243177 0.998423 33.8014 
0.99863 -0.00835373 -0.0516622 1.46262 0.0095917 0.999672 0.0237615 -0.757427 0.0514467 -0.0242244 0.998382 34.6242 
0.998797 -0.00606625 -0.0486604 1.23217 0.00794393 0.999228 0.0384874 -1.60973 0.0483893 -0.0388276 0.998074 35.4218 
0.999517 -0.0066083 -0.0303737 0.115211 0.00824273 0.998507 0.0540046 -2.4726 0.0299715 -0.0542288 0.998079 35.9978 
0.999499 -0.00649547 -0.0309661 0.100994 0.00811627 0.998588 0.0525058 -2.34847 0.0305814 -0.0527308 0.99814 36.8565 
0.999488 -0.00634792 -0.0313651 0.0885527 0.00800381 0.998565 0.0529538 -2.32948 0.030984 -0.0531777 0.998104 37.6261 
0.999447 -0.00571053 -0.0327571 0.124047 0.00743776 0.998575 0.0528513 -2.2984 0.0324086 -0.0530658 0.998065 38.2151 
0.999407 -0.0059063 -0.0339334 0.141453 0.00777084 0.998452 0.0550805 -2.37259 0.0335556 -0.0553115 0.997905 39.1186 
0.999426 -0.00609828 -0.0333236 0.0506607 0.00789559 0.998506 0.0540723 -2.26263 0.0329441 -0.0543044 0.997981 39.9734 
0.999404 -0.00752246 -0.0336833 0.0284418 0.00931208 0.998536 0.0532929 -2.1758 0.0332331 -0.0535749 0.998011 40.5555 
0.999389 -0.00728525 -0.0341877 -0.00544738 0.0091437 0.998471 0.0545226 -2.18145 0.0337382 -0.0548018 0.997927 41.4223 
0.999305 -0.00837099 -0.0363274 0.0824772 0.0104055 0.998366 0.0561809 -2.25748 0.0357978 -0.0565199 0.99776 42.2127 
0.999291 -0.00790358 -0.0368084 0.072824 0.00995833 0.998382 0.0559786 -2.20408 0.0363064 -0.0563055 0.997753 42.9222 
0.999302 -0.00778872 -0.03653 0.00516155 0.00985554 0.99834 0.0567442 -2.18973 0.0360274 -0.0570646 0.99772 43.6956 
0.99929 -0.00885571 -0.0366227 -0.0293596 0.010882 0.998399 0.055504 -2.08261 0.0360726 -0.0558631 0.997787 44.457 
0.999276 -0.00881286 -0.0370067 -0.0420352 0.0108775 0.998373 0.055967 -2.08306 0.0364533 -0.056329 0.997747 45.1421 
0.999302 -0.0109434 -0.0357075 -0.167515 0.0129469 0.998326 0.056366 -2.07169 0.0350309 -0.056789 0.997771 45.8034 
0.999233 -0.012267 -0.0371868 -0.122863 0.0143242 0.998352 0.0555692 -1.98284 0.0364439 -0.0560592 0.997762 46.6407 
0.999161 -0.0127659 -0.0389041 -0.071838 0.0149435 0.998307 0.0562078 -1.98299 0.0381207 -0.0567421 0.997661 47.2584 
0.999147 -0.0134028 -0.0390671 -0.0992647 0.0156016 0.998279 0.0565327 -1.95119 0.0382422 -0.057094 0.997636 47.9833 
0.999172 -0.0126519 -0.0386786 -0.158364 0.0148063 0.998325 0.0559318 -1.85842 0.0379062 -0.0564582 0.997685 48.7143 
0.99913 -0.0103507 -0.0404097 -0.116018 0.0125545 0.998425 0.0546713 -1.73607 0.0397802 -0.055131 0.997686 49.5938 
0.99911 -0.00972527 -0.0410327 -0.122822 0.0119468 0.998456 0.0542484 -1.67282 0.0404418 -0.0546904 0.997684 50.4183 
0.999045 -0.00874913 -0.042798 -0.0836676 0.0110294 0.998516 0.0533366 -1.58317 0.0422679 -0.0537577 0.997659 51.1731 
0.998998 -0.00834334 -0.0439692 -0.0688079 0.0107088 0.998492 0.0538407 -1.57805 0.0434537 -0.0542576 0.997581 51.9845 
0.998994 -0.0078549 -0.0441459 -0.111608 0.0102436 0.99848 0.0541459 -1.55728 0.0436535 -0.0545437 0.997557 52.7351 
0.999032 -0.00575746 -0.0436163 -0.193205 0.00812975 0.998486 0.0544094 -1.54684 0.043237 -0.0547113 0.997566 53.5156 
0.998951 -0.0053521 -0.045478 -0.131413 0.00782215 0.998493 0.0543099 -1.51715 0.0451189 -0.0546087 0.997488 54.1923 
0.998871 -0.00733964 -0.0469263 -0.105787 0.0098909 0.998472 0.0543684 -1.49128 0.0464556 -0.0547711 0.997418 54.9885 
0.998861 -0.0077686 -0.04708 -0.141334 0.0103387 0.998455 0.0545951 -1.46347 0.0465831 -0.0550197 0.997398 55.8141 
0.998851 -0.00813504 -0.047235 -0.178081 0.010741 0.998419 0.055181 -1.45213 0.0467114 -0.055625 0.997358 56.6092 
0.998804 -0.00877906 -0.0480901 -0.181063 0.0114653 0.998372 0.0558712 -1.45137 0.0475214 -0.0563557 0.997279 57.1545 
0.998967 -0.00876904 -0.0445976 -0.461646 0.0112877 0.998337 0.0565399 -1.43496 0.0440276 -0.0569849 0.997404 58.0522 
0.99893 -0.00832504 -0.0454814 -0.454663 0.0108813 0.998357 0.0562498 -1.38848 0.0449384 -0.0566846 0.99738 58.7244 
0.999086 -0.00631416 -0.0422873 -0.687264 0.00976586 0.996591 0.0819228 -2.85219 0.0416258 -0.0822609 0.995741 59.491 
0.999062 -0.00681533 -0.0427634 -0.7084 0.0103581 0.996481 0.0831799 -2.84726 0.042046 -0.0835448 0.995617 60.2637 
0.999085 -0.0069874 -0.0421933 -0.792078 0.0105056 0.996432 0.0837463 -2.83044 0.0414576 -0.0841129 0.995593 61.0307 
0.999079 -0.00592094 -0.0425055 -0.814529 0.00950062 0.996377 0.0845158 -2.80887 0.0418511 -0.0848417 0.995515 61.6631 
0.999054 -0.00646735 -0.0430009 -0.840441 0.0100904 0.996366 0.0845787 -2.74392 0.0422977 -0.0849326 0.995489 62.4649 
0.999004 -0.00764656 -0.0439594 -0.841606 0.0113482 0.996352 0.0845833 -2.6924 0.0431523 -0.0849979 0.995446 63.2448 
0.998916 -0.00785855 -0.0458722 -0.77544 0.0116994 0.996391 0.0840711 -2.62488 0.045046 -0.0845167 0.995403 63.9489 
0.998857 -0.00878628 -0.0469876 -0.757973 0.0128323 0.996168 0.0865118 -2.69202 0.0460475 -0.0870158 0.995142 64.7728 
0.998831 -0.00827568 -0.0476347 -0.769489 0.0124307 0.996078 0.0876024 -2.69391 0.0467229 -0.0880921 0.995016 65.3845 
0.998785 -0.00905715 -0.0484377 -0.779236 0.0132645 0.996097 0.0872583 -2.60392 0.0474583 -0.0877948 0.995007 66.1329 
0.998706 -0.00864006 -0.0501152 -0.744609 0.0130271 0.996045 0.0878846 -2.54977 0.0491577 -0.0884238 0.994869 67.092 
0.998703 -0.00839793 -0.0502256 -0.792481 0.0128179 0.996008 0.088338 -2.51235 0.0492832 -0.0888672 0.994823 67.7786 
0.9987 -0.00925257 -0.0501353 -0.847397 0.0136543 0.996011 0.0881788 -2.43469 0.0491194 -0.0887487 0.994842 68.6022 
0.998671 -0.00874369 -0.0507933 -0.869586 0.0132252 0.995982 0.0885769 -2.38737 0.0498147 -0.0891309 0.994773 69.2664 
0.998785 -0.00796148 -0.0486293 -1.04388 0.0122106 0.996071 0.0877158 -2.2855 0.0477399 -0.088203 0.994958 70.072 
0.998849 -0.00802202 -0.0472966 -1.16935 0.0120664 0.996234 0.0858567 -2.1041 0.0464298 -0.0863285 0.995184 70.845 
0.998857 -0.00783388 -0.0471571 -1.22812 0.0119438 0.996092 0.0875143 -2.13333 0.0462872 -0.0879775 0.995046 71.5336 
0.998803 -0.00741182 -0.0483458 -1.20438 0.011584 0.996176 0.0865986 -2.01703 0.0475191 -0.0870549 0.99507 72.2252 
0.998815 -0.00657736 -0.0482268 -1.24665 0.0106975 0.996265 0.0856795 -1.91505 0.0474832 -0.0860938 0.995155 72.8176 
0.99879 -0.00670242 -0.0487292 -1.2677 0.0108778 0.996242 0.0859316 -1.86291 0.0479701 -0.0863577 0.995109 73.6249 
0.998788 -0.00574611 -0.0488743 -1.31975 0.00992778 0.996267 0.0857527 -1.79655 0.0481991 -0.086134 0.995117 74.2747 
0.998736 -0.00476204 -0.0500363 -1.30245 0.009069 0.996236 0.0862057 -1.7591 0.0494375 -0.0865505 0.99502 75.0935 
0.998722 -0.00425848 -0.0503699 -1.34091 0.00861218 0.996211 0.0865363 -1.71633 0.0498106 -0.0868594 0.994975 75.7853 
0.998942 -0.00405866 -0.0458185 -1.65621 0.00831754 0.995618 0.0931471 -2.03376 0.0452397 -0.0934296 0.994598 76.5228 
0.998853 -0.00579348 -0.0475247 -1.61206 0.0101739 0.995665 0.092454 -1.92485 0.0467831 -0.0928315 0.994582 77.3308 
0.998828 -0.00595232 -0.0480396 -1.62998 0.010374 0.995675 0.0923251 -1.83997 0.0472823 -0.0927153 0.994569 78.1406 
0.99882 -0.00501343 -0.0483129 -1.66756 0.00947874 0.995654 0.0926444 -1.77538 0.0476384 -0.092993 0.994526 78.9974 
0.998817 -0.00386071 -0.0484751 -1.70411 0.00834179 0.99567 0.0925822 -1.70434 0.0479078 -0.0928771 0.994524 79.7327 
0.998795 -0.00311524 -0.0489726 -1.73376 0.00764288 0.99568 0.0925394 -1.64885 0.0484727 -0.0928022 0.994504 80.4035 
0.99881 -0.00221895 -0.0487136 -1.79522 0.00673527 0.995667 0.0927447 -1.56962 0.0482967 -0.0929624 0.994498 81.2657 
0.998774 -0.00279626 -0.0494227 -1.80911 0.00741941 0.995581 0.0936089 -1.53269 0.0489426 -0.0938608 0.994382 82.0263 
0.998754 -0.00220036 -0.0498593 -1.83526 0.00693015 0.995464 0.0948897 -1.51994 0.0494243 -0.095117 0.994238 82.8625 
0.998842 -0.0021616 -0.0480628 -1.99018 0.00694895 0.994997 0.0996637 -1.72256 0.0476069 -0.0998823 0.99386 83.5479 
0.9988 -0.000455391 -0.0489664 -1.98758 0.00534723 0.994991 0.0998177 -1.66163 0.0486756 -0.0999598 0.9938 84.2496 
0.998796 -0.00184661 -0.0490298 -2.04501 0.00670927 0.995045 0.0991996 -1.55283 0.0486036 -0.0994091 0.993859 84.9724 
0.998902 -0.00019143 -0.0468457 -2.23322 0.00482885 0.995086 0.0989005 -1.46194 0.0465965 -0.0990182 0.993994 85.7044 
0.998999 0.000638784 -0.0447386 -2.39179 0.00382045 0.995029 0.0995166 -1.41572 0.0445798 -0.0995878 0.99403 86.4334 
0.998933 0.000597285 -0.0461861 -2.35387 0.00396478 0.995117 0.0986211 -1.29058 0.0460195 -0.0986989 0.994053 87.2627 
0.999005 -0.000295882 -0.0445926 -2.49138 0.00463518 0.99525 0.0972379 -1.13931 0.044352 -0.0973479 0.994262 88.0136 
0.999021 8.62757e-05 -0.044236 -2.55957 0.00434341 0.994975 0.100031 -1.21521 0.0440224 -0.100126 0.994 88.7654 
0.998959 0.00023534 -0.045622 -2.52675 0.00437457 0.994885 0.10092 -1.19007 0.0454124 -0.101014 0.993848 89.5964 
0.998859 0.000533922 -0.0477598 -2.45437 0.00424503 0.994988 0.0999048 -1.0679 0.0475738 -0.0999935 0.99385 90.3005 
0.998908 -0.000162882 -0.0467245 -2.58426 0.00481319 0.995033 0.0994309 -0.972713 0.0464762 -0.0995472 0.993947 90.9618 
0.998607 9.59162e-05 -0.0527622 -2.29373 0.00515071 0.995045 0.0992942 -0.863344 0.0525102 -0.0994277 0.993658 91.9043 
0.998578 0.00102103 -0.053308 -2.30714 0.00423726 0.995135 0.0984337 -0.73242 0.0531491 -0.0985195 0.993715 92.6083 
0.998526 0.000914937 -0.0542597 -2.30857 0.00444637 0.995117 0.0986052 -0.679917 0.0540849 -0.0987012 0.993646 93.2379 
0.99851 -0.000193366 -0.0545598 -2.35628 0.00560259 0.995071 0.0990075 -0.620922 0.0542717 -0.0991657 0.99359 94.0538 
0.998525 0.00018365 -0.0542956 -2.42567 0.005247 0.994988 0.0998606 -0.592784 0.0540418 -0.0999981 0.993519 94.7575 
0.99852 0.000462378 -0.054392 -2.48262 0.00498083 0.994985 0.0998955 -0.516469 0.0541655 -0.100018 0.99351 95.4748 
0.998486 0.00346903 -0.0548952 -2.50564 0.00192084 0.995201 0.0978285 -0.335149 0.0549711 -0.0977858 0.993688 96.2531 
0.998463 0.00260945 -0.0553683 -2.53268 0.0028078 0.995228 0.0975374 -0.252885 0.0553586 -0.0975429 0.99369 96.9277 
0.998432 0.00204196 -0.0559321 -2.56273 0.00344213 0.995202 0.0977773 -0.167739 0.0558634 -0.0978165 0.993635 97.8352 
0.998365 0.0018999 -0.0571354 -2.55921 0.00367786 0.995242 0.0973602 -0.0873528 0.0570485 -0.0974111 0.993608 98.5456 
0.99835 0.000931275 -0.0574184 -2.59929 0.00475332 0.995097 0.098787 -0.0874837 0.0572289 -0.0988969 0.993451 99.2631 
0.998293 0.00185507 -0.058381 -2.60162 0.00389041 0.995164 0.0981462 0.00948057 0.0582807 -0.0982058 0.993458 100.008 
0.998215 0.00209304 -0.0596794 -2.59735 0.00371525 0.995273 0.097048 0.148918 0.0596004 -0.0970965 0.993489 100.831 
0.997915 0.00254545 -0.064497 -2.37873 0.00375688 0.995238 0.0974057 0.201906 0.0644378 -0.0974449 0.993153 101.596 
0.997794 0.00390508 -0.0662655 -2.34107 0.0025484 0.995279 0.097025 0.303678 0.0663316 -0.0969799 0.993074 102.387 
0.998062 0.00371576 -0.0621135 -2.65827 0.00237729 0.99521 0.0977347 0.334427 0.0621791 -0.0976929 0.993272 103.435 
0.998051 0.00311322 -0.0623326 -2.70443 0.00304913 0.99513 0.0985238 0.358167 0.0623357 -0.0985218 0.993181 104.124 
0.997986 0.00334402 -0.0633522 -2.70544 0.00275855 0.995378 0.0959961 0.571044 0.0633804 -0.0959775 0.993364 104.783 
0.997908 0.00266633 -0.0645981 -2.69205 0.00349288 0.995467 0.0950464 0.705112 0.0645586 -0.0950732 0.993375 105.448 
0.997867 0.00328208 -0.0651949 -2.72735 0.00282424 0.995629 0.09335 0.87247 0.0652164 -0.093335 0.993497 106.33 
0.99782 0.00387114 -0.0658732 -2.74586 0.00231285 0.995613 0.0935426 0.924657 0.0659464 -0.0934911 0.993434 107.058 
0.997774 0.00327889 -0.0666016 -2.76545 0.00298284 0.995596 0.0937012 0.992028 0.0666155 -0.0936913 0.99337 107.88 
0.997711 0.00268526 -0.0675699 -2.78875 0.00366113 0.995601 0.0936244 1.05944 0.0675241 -0.0936575 0.993312 108.634 
0.997698 0.00144949 -0.0678015 -2.83837 0.00495424 0.995542 0.0941847 1.09827 0.0676358 -0.0943038 0.993243 109.346 
0.997704 0.00130347 -0.0677091 -2.9087 0.00508099 0.995556 0.0940347 1.18665 0.0675307 -0.0941628 0.993264 110.15 
0.997654 4.21701e-05 -0.0684589 -2.93535 0.0064554 0.995486 0.094688 1.21765 0.0681539 -0.0949078 0.99315 110.888 
0.997607 -0.000185036 -0.069146 -2.95923 0.00669335 0.995559 0.0939043 1.32978 0.0688216 -0.0941424 0.993177 111.591 
0.997512 0.000415936 -0.0705007 -2.9579 0.00619423 0.995599 0.0935157 1.40204 0.0702293 -0.0937197 0.993119 112.281 
0.997372 0.00128127 -0.0724327 -2.91927 0.00561813 0.995464 0.0949684 1.38926 0.0722259 -0.0951258 0.992842 113.071 
0.996913 0.000170167 -0.0785109 -2.63092 0.00623802 0.996665 0.0813691 2.25106 0.0782629 -0.0816077 0.993587 113.723 
0.996844 -3.67214e-06 -0.0793895 -2.64974 0.00644963 0.996698 0.0809378 2.32438 0.0791271 -0.0811943 0.993552 114.402 
0.996723 -0.000751414 -0.0808868 -2.65188 0.00727606 0.996736 0.0803994 2.42991 0.0805624 -0.0807245 0.993475 115.198 
0.9967 0.000608174 -0.0811761 -2.71154 0.00594587 0.996739 0.0804725 2.48542 0.0809603 -0.0806896 0.993446 115.862 
0.996652 -0.000388742 -0.081764 -2.76832 0.00682718 0.996892 0.0784793 2.66754 0.0814794 -0.0787748 0.993557 116.624 
0.996549 -0.00271223 -0.082965 -2.78268 0.00943702 0.996688 0.0807715 2.5976 0.0824711 -0.0812757 0.993274 117.46 
0.996475 -0.00372747 -0.0838028 -2.81296 0.0105383 0.99666 0.080977 2.64735 0.083221 -0.0815747 0.993187 118.197 
0.996416 -0.00468099 -0.0844585 -2.86212 0.01163 0.996567 0.0819743 2.65871 0.0837848 -0.0826628 0.993049 118.946 
0.996188 -0.00541876 -0.0870678 -2.7978 0.0125119 0.996625 0.0811294 2.74959 0.0863344 -0.0819095 0.992893 119.651 
0.996321 -0.00486564 -0.0855636 -2.96492 0.0120481 0.996424 0.0836286 2.67416 0.0848508 -0.0843518 0.992817 120.402 
0.996292 -0.00418913 -0.0859304 -3.00855 0.0114463 0.996389 0.084136 2.68632 0.0852676 -0.0848076 0.992742 121.02 
0.996348 -0.00420359 -0.0852857 -3.12362 0.0114395 0.996355 0.0845334 2.74437 0.0846194 -0.0852003 0.992764 121.901 
0.996239 -0.00455508 -0.0865309 -3.13104 0.0118475 0.9964 0.0839497 2.8321 0.0858369 -0.0846592 0.992706 122.575 
0.996232 -0.00454178 -0.0866132 -3.20945 0.0118255 0.996415 0.0837687 2.91689 0.0859222 -0.0844773 0.992714 123.339 
0.996289 -0.0054373 -0.0858967 -3.32407 0.0121332 0.996909 0.0776245 3.32287 0.0852092 -0.0783786 0.993275 123.988 
0.996142 -0.00463796 -0.0876388 -3.32103 0.0114366 0.996947 0.0772338 3.42274 0.0870131 -0.0779381 0.993154 124.874 
0.996057 -0.00598248 -0.0885098 -3.34718 0.0127973 0.996978 0.0766295 3.51109 0.0877839 -0.0774601 0.993123 125.624 
0.995989 -0.006293 -0.0892496 -3.37204 0.0130326 0.997088 0.0751339 3.64684 0.0885169 -0.0759957 0.993171 126.309 
0.995941 -0.00619533 -0.089799 -3.42422 0.012921 0.997137 0.0745105 3.7426 0.0890803 -0.0753683 0.993169 127.2 
0.995935 -0.00646967 -0.0898423 -3.50486 0.0131837 0.997146 0.0743403 3.80792 0.0891049 -0.0752226 0.993178 128.001 
0.995643 -0.0054686 -0.0930899 -3.4045 0.0122064 0.997332 0.0719649 4.00874 0.092448 -0.0727876 0.993054 128.732 
0.995489 -0.0048391 -0.0947555 -3.40061 0.0117116 0.997328 0.0721074 4.0549 0.0941534 -0.0728918 0.992886 129.549 
0.996018 -0.00365708 -0.0890826 -3.81362 0.0103135 0.997177 0.0743762 3.97994 0.0885591 -0.0749987 0.993243 130.289 
0.995999 -0.00283587 -0.0893204 -3.87698 0.0095544 0.997147 0.0748808 4.00821 0.0888532 -0.0754346 0.993184 131.022 
0.995922 -0.00122317 -0.0902092 -3.91287 0.00801194 0.997156 0.0749322 4.05932 0.089861 -0.0753494 0.9931 131.788 
0.995897 -0.000755669 -0.0904918 -3.99152 0.00749003 0.997222 0.0741032 4.16633 0.0901844 -0.0744769 0.993136 132.61 
0.99591 -0.00127349 -0.0903453 -4.09169 0.00797581 0.997236 0.0738635 4.24499 0.0900015 -0.074282 0.993168 133.422 
0.995845 -0.000996863 -0.0910572 -4.12872 0.00768638 0.997292 0.0731439 4.33077 0.0907377 -0.0735399 0.993156 134.171 
0.995774 -0.00286058 -0.091793 -4.1799 0.00726812 0.998834 0.0477179 5.88124 0.0915495 -0.0481834 0.994634 135.013 
0.995416 -0.00299615 -0.0955957 -4.0309 0.00768269 0.998784 0.0486942 5.86305 0.0953335 -0.0492054 0.994229 135.706 
0.995367 -0.00397863 -0.0960644 -4.10605 0.00872986 0.998756 0.0490894 5.88427 0.0957496 -0.0497006 0.994164 136.542 
0.99529 -0.00400124 -0.0968621 -4.17798 0.00874451 0.99878 0.0485945 5.95746 0.0965495 -0.0492126 0.994111 137.358 
0.995177 -0.00432038 -0.0980033 -4.2002 0.00919241 0.998741 0.0493161 5.94874 0.0976669 -0.0499791 0.993963 137.998 
0.995159 -0.00498916 -0.098153 -4.27252 0.00994983 0.998694 0.0501158 5.94657 0.0977748 -0.0508498 0.993909 138.746 
0.995124 -0.00542181 -0.0984862 -4.33281 0.0103252 0.998728 0.0493462 6.01766 0.0980934 -0.0501224 0.993914 139.45 
0.99531 -0.00470453 -0.0966188 -4.53362 0.00952326 0.99873 0.0494733 6.05287 0.0962634 -0.0501614 0.994091 140.246 
0.995129 -0.00374785 -0.0985098 -4.50681 0.00863214 0.998752 0.0492024 6.11096 0.0982024 -0.0498131 0.993919 141.008 
