1 0 0 0 0 1 0 0 0 0 1 0 
0.999977 -5.95127e-05 0.00675062 -0.112311 -5.94603e-05 0.999845 0.0176224 -0.254495 -0.00675062 -0.0176224 0.999822 0.185739 
0.999998 0.00058905 -0.00172499 0.0011029 -0.000546736 0.999701 0.0244284 -0.352228 0.00173886 -0.0244274 0.9997 0.328615 
0.999838 0.000380887 0.0179765 -0.301205 -0.000878066 0.999617 0.0276574 -0.395024 -0.017959 -0.0276687 0.999456 0.467351 
0.999647 -0.0001972 0.0265821 -0.436913 -0.00164408 0.9976 0.069228 -1.00223 -0.0265319 -0.0692472 0.997247 0.664981 
0.999539 -0.00188487 0.0303109 -0.499189 -0.000714924 0.996335 0.0855322 -1.22201 -0.030361 -0.0855145 0.995874 0.903847 
0.999685 -0.00111015 0.0250645 -0.428444 -0.000986854 0.996508 0.083497 -1.17765 -0.0250697 -0.0834955 0.996193 1.07079 
0.999386 -0.00155835 0.035003 -0.580615 -0.000853709 0.997631 0.0687897 -0.94622 -0.0350273 -0.0687773 0.997017 1.26617 
0.999092 -0.000838129 0.0425927 -0.693597 -0.000779822 0.999279 0.0379557 -0.480518 -0.0425938 -0.0379545 0.998371 1.46913 
0.999462 -0.00210964 0.032744 -0.555559 0.00026825 0.998423 0.0561389 -0.737168 -0.0328108 -0.0560999 0.997886 1.68894 
0.999498 -0.00185376 0.0316291 -0.547134 6.52726e-05 0.998405 0.0564531 -0.730772 -0.0316833 -0.0564227 0.997904 1.88191 
0.999304 -0.00472202 0.0369959 -0.631772 0.000827129 0.994515 0.104594 -1.42 -0.0372869 -0.104491 0.993827 2.11966 
0.999197 -0.00473963 0.0397967 -0.678835 0.000497574 0.994373 0.105933 -1.41706 -0.0400748 -0.105828 0.993577 2.30946 
0.998705 -0.00521617 0.0506114 -0.841541 -0.000663333 0.993312 0.115463 -1.539 -0.0508752 -0.115347 0.992022 2.51749 
0.997724 -0.00561343 0.067192 -1.09043 -0.00286936 0.992091 0.125489 -1.66857 -0.067365 -0.125396 0.989817 2.7142 
0.997432 -0.00733394 0.0712487 -1.15002 -0.00210302 0.991316 0.131481 -1.73314 -0.0715943 -0.131293 0.988755 2.89277 
0.996691 -0.00801449 0.0808919 -1.29047 -0.00320358 0.990482 0.137606 -1.79353 -0.0812248 -0.137409 0.987178 3.10635 
0.996847 -0.00890372 0.0788495 -1.2502 -0.00292711 0.988882 0.148671 -1.92391 -0.0792966 -0.148433 0.985738 3.39489 
0.998202 -0.0110432 0.0589052 -0.955485 -0.000266443 0.982049 0.188624 -2.48041 -0.0599308 -0.1883 0.980281 3.64242 
0.998509 -0.0129964 0.0530179 -0.871198 0.00151262 0.977459 0.211119 -2.77339 -0.0545666 -0.210724 0.976022 3.89308 
0.9982 -0.016124 0.0577609 -0.946446 0.000987591 0.967465 0.253002 -3.34882 -0.0599611 -0.25249 0.96574 4.2267 
0.997715 -0.0194335 0.0647081 -1.05026 0.0010602 0.962126 0.272604 -3.5909 -0.067555 -0.271913 0.959948 4.46581 
0.997732 -0.022117 0.0635809 -1.03817 0.00222857 0.954822 0.297169 -3.9119 -0.0672809 -0.296353 0.952706 4.71233 
0.997593 -0.0246612 0.0648054 -1.05515 0.00317128 0.949864 0.312646 -4.07719 -0.0692666 -0.311688 0.947656 4.98314 
0.99847 -0.0268563 0.0483466 -0.818431 0.00788283 0.934363 0.356235 -4.67294 -0.0547404 -0.355309 0.933145 5.32835 
0.999072 -0.0267172 0.033791 -0.607059 0.0129723 0.934616 0.355421 -4.5924 -0.0410775 -0.354653 0.934095 5.48869 
0.999072 -0.0265505 0.0339036 -0.615256 0.0131036 0.937414 0.347969 -4.39967 -0.0410204 -0.347202 0.936893 5.65246 
0.999189 -0.0288572 0.0280873 -0.533524 0.0169439 0.93401 0.356844 -4.45464 -0.0365313 -0.356079 0.933742 5.90675 
0.999431 -0.0287597 0.0176415 -0.388219 0.020509 0.933038 0.359192 -4.40917 -0.0267904 -0.358625 0.933097 6.13366 
0.999318 -0.0283727 0.0236539 -0.482058 0.0176948 0.929776 0.367701 -4.45653 -0.0324255 -0.367031 0.929643 6.37498 
0.999552 -0.0272397 0.0123618 -0.325351 0.0208372 0.930534 0.365612 -4.35536 -0.0214622 -0.365191 0.930685 6.54496 
0.999556 -0.0283154 0.00923532 -0.290714 0.0227251 0.925512 0.378036 -4.46709 -0.0192517 -0.377659 0.925745 6.78987 
0.999612 -0.0275814 0.00392949 -0.221862 0.0237279 0.916759 0.398736 -4.71104 -0.0146001 -0.398488 0.917057 7.06238 
0.999542 -0.0285995 -0.00993224 -0.0312518 0.0301962 0.918089 0.395222 -4.59485 -0.00218447 -0.39534 0.918532 7.18721 
0.999425 -0.0285878 -0.0182138 0.0774284 0.0333515 0.925331 0.377691 -4.26677 0.00605647 -0.378081 0.925753 7.24986 
0.999351 -0.02819 -0.0224317 0.124939 0.0346296 0.923346 0.382405 -4.25896 0.0099322 -0.382933 0.923723 7.4629 
0.998821 -0.0307624 -0.0375468 0.328486 0.0427315 0.924181 0.379558 -4.1533 0.0230239 -0.380715 0.924406 7.61613 
0.998795 -0.0318549 -0.0373454 0.305155 0.0431393 0.932635 0.358233 -3.76088 0.0234182 -0.359412 0.932885 7.69953 
0.99768 -0.0290193 -0.0615813 0.639317 0.0509783 0.917992 0.393309 -4.19298 0.0451176 -0.395536 0.917342 8.11547 
0.997991 -0.0296243 -0.0559999 0.531524 0.0501183 0.909875 0.411844 -4.39828 0.0387523 -0.413823 0.909532 8.3826 
0.99757 -0.0320253 -0.0618752 0.590212 0.0540964 0.915696 0.398214 -4.10722 0.043906 -0.400594 0.915203 8.51375 
0.997183 -0.0329877 -0.0673701 0.643237 0.0575184 0.912758 0.404431 -4.10551 0.0481513 -0.407167 0.912084 8.77628 
0.99722 -0.0306072 -0.067936 0.627953 0.0571431 0.89927 0.433645 -4.46474 0.0478202 -0.436321 0.898519 9.12314 
0.996816 -0.0267217 -0.075121 0.710835 0.0579468 0.889954 0.452353 -4.67064 0.0547666 -0.455266 0.888669 9.40448 
0.996963 -0.0278147 -0.0727368 0.650615 0.0571122 0.896117 0.440128 -4.41521 0.0529386 -0.442946 0.894984 9.46132 
0.997594 -0.0286746 -0.0631124 0.482481 0.052321 0.9087 0.414157 -3.94716 0.0454745 -0.416463 0.908015 9.45771 
0.997232 -0.0273387 -0.0691457 0.547981 0.0533709 0.910674 0.409663 -3.79522 0.0517696 -0.412219 0.909613 9.63147 
0.998355 -0.0259315 -0.0511452 0.263373 0.0453671 0.902694 0.427884 -4.00144 0.0350728 -0.4295 0.902385 9.86048 
0.998671 -0.0254027 -0.0448379 0.149367 0.0419241 0.90645 0.420228 -3.8033 0.0299683 -0.421549 0.90631 9.99345 
0.998744 -0.0262284 -0.0426862 0.0969198 0.0417827 0.906191 0.420799 -3.71951 0.027645 -0.422054 0.906149 10.1901 
0.9992 -0.0233856 -0.032439 -0.0707299 0.035854 0.883152 0.467715 -4.3372 0.0177108 -0.468504 0.883284 10.6725 
0.999511 -0.0247644 -0.019094 -0.287551 0.0308964 0.876265 0.480838 -4.4248 0.00482376 -0.481193 0.876601 10.9598 
0.999676 -0.0246468 -0.00629052 -0.490853 0.0245649 0.871225 0.490269 -4.46127 -0.00660311 -0.490265 0.871548 11.216 
0.999632 -0.0268955 -0.00340729 -0.548694 0.0244479 0.839992 0.542048 -5.14848 -0.0117165 -0.541932 0.84034 11.7944 
0.999533 -0.0265916 -0.0150699 -0.393383 0.0304501 0.823628 0.566312 -5.38779 -0.00264715 -0.566506 0.824053 12.2019 
0.99922 -0.029369 -0.026414 -0.241489 0.0392212 0.816998 0.575305 -5.4253 0.00468405 -0.575892 0.817513 12.4451 
0.998804 -0.0299664 -0.0386458 -0.0795834 0.0464783 0.827436 0.559633 -5.08228 0.0152067 -0.56076 0.827839 12.4569 
0.998736 -0.0303636 -0.0400636 -0.0797555 0.0479879 0.813258 0.57992 -5.25604 0.0149736 -0.58111 0.813687 12.8382 
0.999287 -0.0315608 -0.02071 -0.381397 0.0377426 0.825179 0.563609 -4.89744 -0.000698531 -0.563989 0.825782 12.8341 
0.999067 -0.0303433 -0.030747 -0.250402 0.042449 0.821582 0.568508 -4.86862 0.00801079 -0.569282 0.822103 13.0468 
0.999493 -0.0297236 -0.0114525 -0.552543 0.0309753 0.823091 0.567064 -4.75985 -0.0074287 -0.567131 0.823594 13.1533 
0.998802 -0.0309717 -0.0378958 -0.17982 0.047068 0.82008 0.570309 -4.70036 0.0134142 -0.57141 0.820555 13.3543 
0.998671 -0.0315681 -0.0407279 -0.156561 0.0487084 0.836251 0.54618 -4.26025 0.0168169 -0.547438 0.836677 13.2503 
0.998228 -0.0312229 -0.0506515 -0.0312201 0.0541092 0.830446 0.554465 -4.28257 0.0247513 -0.556223 0.830664 13.4846 
0.997709 -0.0279826 -0.0616008 0.107757 0.0586507 0.81161 0.581248 -4.57274 0.033731 -0.583529 0.811391 13.9063 
0.998342 -0.0267777 -0.050953 -0.0749969 0.0513024 0.81535 0.576691 -4.3677 0.026102 -0.578349 0.815372 14.0443 
0.997696 -0.0267105 -0.0623601 0.0708969 0.0582298 0.808808 0.585182 -4.39929 0.0348069 -0.587465 0.8085 14.278 
0.997719 -0.0253959 -0.0625504 0.0470071 0.0581326 0.794275 0.604771 -4.5797 0.0343236 -0.607027 0.79394 14.6383 
0.998182 -0.0259556 -0.0544005 -0.0978767 0.0536757 0.793394 0.606337 -4.47955 0.0274232 -0.608155 0.793345 14.8116 
0.998398 -0.0220896 -0.0520974 -0.152855 0.0501678 0.771437 0.634326 -4.77179 0.0261778 -0.635923 0.771309 15.2898 
0.998456 -0.0226644 -0.0507054 -0.19743 0.0495457 0.776027 0.628751 -4.56836 0.0250985 -0.630292 0.775952 15.3747 
0.996993 -0.0231867 -0.0739457 0.116993 0.0644366 0.778129 0.62479 -4.3721 0.0430525 -0.627676 0.777283 15.5299 
0.996022 -0.0259142 -0.0852597 0.246247 0.0728675 0.787597 0.611867 -4.00963 0.0512943 -0.615645 0.786352 15.6215 
0.995203 -0.0251162 -0.0945512 0.351507 0.0786783 0.779876 0.620969 -3.99285 0.0581419 -0.625429 0.778112 15.9394 
0.995924 -0.0231051 -0.0871914 0.214845 0.0739056 0.763195 0.641928 -4.17814 0.0517122 -0.645756 0.761791 16.3288 
0.99501 -0.022513 -0.0972045 0.336727 0.0801283 0.760813 0.644006 -4.11736 0.0594559 -0.648581 0.75882 16.4771 
0.996658 -0.0216405 -0.0787635 0.0355389 0.0684953 0.746766 0.661551 -4.24317 0.0445016 -0.664735 0.745753 16.8193 
0.997548 -0.0241921 -0.0656734 -0.183432 0.0610415 0.759776 0.647313 -3.92928 0.0342372 -0.649734 0.75939 16.7404 
0.997619 -0.0213048 -0.0655936 -0.206703 0.0598041 0.740934 0.66891 -4.14239 0.0343495 -0.67124 0.740444 17.1367 
0.995733 -0.0224759 -0.0894967 0.112407 0.0767271 0.740464 0.667702 -3.94644 0.0512619 -0.67172 0.73903 17.347 
0.99483 -0.0211128 -0.0993362 0.22675 0.0838976 0.72203 0.686756 -4.10426 0.0572244 -0.691539 0.720069 17.7645 
0.997612 -0.0219072 -0.0654984 -0.298431 0.0609718 0.724817 0.686238 -3.97249 0.0324407 -0.688593 0.724422 17.8277 
0.997421 -0.0214101 -0.0685109 -0.280907 0.063177 0.714916 0.69635 -3.98168 0.0340706 -0.698882 0.714425 18.1226 
0.99836 -0.0227953 -0.0525203 -0.539984 0.0528763 0.718892 0.693107 -3.81076 0.0219569 -0.694748 0.718918 18.1891 
0.997137 -0.0239215 -0.0717264 -0.281407 0.0665294 0.728338 0.681981 -3.51523 0.0359271 -0.6848 0.727845 18.2057 
0.997543 -0.0207376 -0.0669188 -0.378008 0.0623959 0.697338 0.714021 -3.86736 0.031858 -0.716442 0.696919 18.7801 
0.997358 -0.0190059 -0.0701179 -0.353712 0.0648228 0.668568 0.740821 -4.13844 0.0327986 -0.743409 0.668033 19.3213 
0.998932 -0.0198452 -0.0417143 -0.795429 0.0441008 0.678467 0.733306 -3.8851 0.0137491 -0.734363 0.678617 19.2964 
0.998174 -0.0199229 -0.0570251 -0.594111 0.0550353 0.689067 0.722605 -3.56841 0.0248977 -0.724424 0.688905 19.2969 
0.998199 -0.0183141 -0.057128 -0.614063 0.0548717 0.663658 0.746021 -3.7859 0.0242508 -0.747812 0.663468 19.7873 
0.996835 -0.0194883 -0.0770776 -0.346896 0.0705988 0.662798 0.745463 -3.59797 0.0365591 -0.748544 0.662076 19.9726 
0.997714 -0.0187175 -0.0649321 -0.550482 0.0609878 0.663234 0.745923 -3.45796 0.0291034 -0.748178 0.662859 20.0882 
0.998192 -0.020747 -0.0564088 -0.702356 0.0554573 0.679751 0.731344 -3.08652 0.0231707 -0.73315 0.679672 19.9908 
0.998446 -0.0215439 -0.051389 -0.801652 0.052032 0.690499 0.72146 -2.78012 0.019941 -0.723013 0.690547 19.9787 
0.998985 -0.0198814 -0.040421 -0.985028 0.0436454 0.649215 0.759352 -3.22142 0.0111449 -0.760345 0.649423 20.6856 
0.99847 -0.0198488 -0.0516146 -0.837225 0.0519575 0.656282 0.752725 -3.00015 0.018933 -0.754255 0.656309 20.6912 
0.998291 -0.0217757 -0.0542354 -0.815592 0.0552939 0.65245 0.755812 -2.91865 0.0189275 -0.757519 0.652538 20.8582 
0.998572 -0.0229231 -0.0482486 -0.925908 0.0515164 0.652076 0.756401 -2.76681 0.0141227 -0.757807 0.652326 21 
0.997211 -0.0224257 -0.071183 -0.612518 0.069043 0.639351 0.765809 -2.76994 0.0283372 -0.768588 0.639116 21.3063 
0.996557 -0.0209348 -0.0802207 -0.508209 0.0757132 0.624052 0.777706 -2.78983 0.0337809 -0.781102 0.623489 21.6628 
0.996468 -0.0187054 -0.0818587 -0.510249 0.0765686 0.602579 0.794378 -2.90301 0.0344672 -0.79784 0.601883 22.0821 
0.99723 -0.017634 -0.0722554 -0.679184 0.0685495 0.594846 0.800912 -2.8567 0.0288575 -0.803646 0.594407 22.297 
0.998117 -0.0172646 -0.0588646 -0.898821 0.0582738 0.566624 0.821913 -3.03908 0.0191641 -0.823795 0.566563 22.7977 
0.998471 -0.0155961 -0.0530364 -1.01174 0.0527799 0.554298 0.830643 -2.93841 0.0164432 -0.832172 0.554273 23.1325 
0.998948 -0.0152472 -0.0432567 -1.17956 0.0444769 0.55232 0.832445 -2.79037 0.0111991 -0.833493 0.552416 23.278 
0.998902 -0.01305 -0.0449948 -1.17435 0.0449968 0.534636 0.843884 -2.83192 0.0130431 -0.844982 0.534636 23.6232 
0.999009 -0.0114956 -0.042993 -1.22317 0.0430475 0.494683 0.868007 -3.05723 0.0112896 -0.868997 0.494688 24.2914 
0.999553 -0.0110672 -0.0277778 -1.46363 0.0297386 0.464718 0.884959 -3.13341 0.00311485 -0.88539 0.464839 24.8261 
0.999815 -0.0112038 -0.0156448 -1.66062 0.0190378 0.457574 0.888968 -3.00915 -0.00280118 -0.889101 0.457702 25.0223 
0.999559 -0.0101406 -0.0279204 -1.49144 0.0295482 0.435834 0.899542 -3.00111 0.00304673 -0.89997 0.435942 25.4211 
0.999564 -0.0107568 -0.0274823 -1.5152 0.0294352 0.43074 0.901996 -2.88379 0.00213513 -0.902412 0.430869 25.5663 
0.999067 -0.00770673 -0.0424839 -1.31353 0.0419178 0.409046 0.911551 -2.85039 0.0103528 -0.912481 0.408987 25.965 
0.999322 -0.00625773 -0.0362943 -1.42626 0.0359849 0.375771 0.926013 -2.86847 0.00784361 -0.926691 0.375742 26.5337 
0.999574 -0.0059036 -0.0285716 -1.55777 0.0286902 0.376714 0.925885 -2.71592 0.00529727 -0.926311 0.376723 26.5815 
0.999955 -0.00473466 -0.00828041 -1.8731 0.0094585 0.380029 0.924926 -2.5319 -0.00123242 -0.924963 0.380056 26.597 
0.999963 -0.0046075 0.00724697 -2.11196 -0.00497054 0.377629 0.925944 -2.34398 -0.00700295 -0.925945 0.377592 26.7193 
0.999977 -0.00582685 0.00335946 -2.06492 -0.000949536 0.372175 0.928162 -2.22139 -0.00665857 -0.928144 0.372161 26.8622 
0.99995 -0.00636439 -0.00772671 -1.9133 0.00943066 0.340075 0.940351 -2.2415 -0.0033571 -0.940377 0.340118 27.3933 
0.999608 -0.00758585 -0.0269666 -1.64604 0.0279117 0.351586 0.935739 -1.99585 0.0023827 -0.936125 0.35166 27.2901 
0.999722 -0.00707099 -0.0225039 -1.72726 0.0235248 0.368995 0.929134 -1.71609 0.00173392 -0.929405 0.369058 27.107 
0.999388 -0.00597674 -0.0344636 -1.56997 0.034562 0.320242 0.946705 -1.8177 0.00537849 -0.947317 0.320253 27.8813 
0.999533 -0.00471316 -0.0302039 -1.65322 0.0301606 0.313097 0.949242 -1.60934 0.00498283 -0.949709 0.313093 28.0674 
0.999545 -0.00496251 -0.0297471 -1.6744 0.0296753 0.337658 0.940801 -1.29906 0.00537563 -0.941256 0.337652 27.7674 
0.999167 -0.00649581 -0.0402981 -1.54067 0.0401631 0.332632 0.942201 -1.07857 0.00728408 -0.943034 0.332616 27.9265 
0.999068 -0.00555794 -0.0427944 -1.52382 0.042329 0.319177 0.946749 -0.94418 0.008397 -0.947679 0.319115 28.1953 
0.998832 -0.00529772 -0.0480186 -1.46651 0.0470565 0.331639 0.942232 -0.70454 0.0109331 -0.943392 0.331501 28.0705 
0.998914 -0.0034707 -0.0464716 -1.51143 0.0452774 0.308275 0.950219 -0.663836 0.0110281 -0.951291 0.308097 28.4668 
0.999278 -0.00104388 -0.0379853 -1.65595 0.0366194 0.293422 0.955281 -0.547105 0.0101485 -0.955982 0.293248 28.7509 
0.998344 0.00086043 -0.0575251 -1.3846 0.0553724 0.256987 0.964827 -0.574198 0.0156134 -0.966414 0.256514 29.3233 
0.998238 2.47256e-05 -0.0593322 -1.38338 0.0571364 0.26913 0.961408 -0.319019 0.0159919 -0.963104 0.268655 29.1983 
0.999237 0.00118168 -0.0390288 -1.70198 0.0374352 0.2552 0.966163 -0.233643 0.0111019 -0.966888 0.254961 29.4456 
0.999271 9.16747e-05 -0.0381713 -1.7356 0.0367711 0.266054 0.963257 -0.0166984 0.0102439 -0.963958 0.265856 29.3332 
0.998828 0.00131248 -0.0483915 -1.60523 0.0462847 0.267002 0.962584 0.179227 0.014184 -0.963695 0.266629 29.3767 
0.999165 0.00113215 -0.0408413 -1.73884 0.0392177 0.25374 0.966477 0.297289 0.0114573 -0.967272 0.253484 29.6173 
0.999249 0.000806774 -0.0387327 -1.79315 0.0371797 0.261012 0.964619 0.52319 0.010888 -0.965335 0.260786 29.5636 
0.999405 0.0016252 -0.0344654 -1.87492 0.0327675 0.26817 0.962814 0.744082 0.0108073 -0.96337 0.267957 29.5127 
0.99913 0.000638246 -0.0417103 -1.78832 0.0397623 0.287777 0.956872 1.08006 0.012614 -0.957697 0.287501 29.3042 
0.999324 0.000541155 -0.0367648 -1.87902 0.0354398 0.252213 0.967023 1.09571 0.00979586 -0.967672 0.252023 29.8719 
0.998602 0.000927827 -0.0528563 -1.66193 0.0509254 0.251431 0.966534 1.23235 0.0141865 -0.967875 0.251032 29.9198 
0.998314 0.000348015 -0.058048 -1.60798 0.0561344 0.248915 0.966897 1.41204 0.0147855 -0.968525 0.248476 30.0031 
0.997403 0.00418811 -0.0718996 -1.42931 0.0695464 0.203462 0.97661 1.43412 0.018719 -0.979074 0.202642 30.7188 
0.996825 0.00344797 -0.0795547 -1.34275 0.077008 0.212491 0.974124 1.67189 0.0202634 -0.977157 0.21155 30.6331 
0.994773 0.00384233 -0.10204 -1.04043 0.0988191 0.215521 0.971486 1.90746 0.0257246 -0.976492 0.214015 30.64 
0.995929 0.00530748 -0.089983 -1.25004 0.0871453 0.198458 0.976227 2.04515 0.0230392 -0.980095 0.197188 30.9311 
0.996591 0.00381095 -0.0824157 -1.38501 0.0800037 0.199409 0.976645 2.17486 0.0201564 -0.979909 0.198425 30.9376 
0.996325 0.00217392 -0.0856289 -1.36524 0.0831376 0.216103 0.972825 2.42857 0.0206195 -0.976368 0.215128 30.7339 
0.995411 0.00371892 -0.0956168 -1.24782 0.0933716 0.180834 0.979071 2.51351 0.0209319 -0.983507 0.179657 31.2911 
0.994909 0.00260967 -0.100742 -1.20165 0.0985052 0.185821 0.977633 2.70275 0.0212713 -0.98258 0.184618 31.2499 
0.994833 0.00329793 -0.101471 -1.22153 0.099157 0.183008 0.978098 2.84764 0.0217956 -0.983106 0.181735 31.324 
0.994811 0.00308844 -0.101698 -1.2521 0.0990663 0.198436 0.975094 3.09449 0.0231921 -0.980109 0.197101 31.1366 
0.994089 0.00119075 -0.108558 -1.18424 0.105745 0.215787 0.970698 3.33628 0.0245813 -0.97644 0.214386 30.9201 
0.992476 0.0015313 -0.122431 -1.01298 0.119605 0.20184 0.972088 3.48708 0.0262001 -0.979417 0.200138 31.1688 
0.991482 0.000426443 -0.130241 -0.942997 0.127514 0.200403 0.97138 3.71321 0.0265149 -0.979713 0.198642 31.235 
0.993316 0.00110672 -0.115418 -1.19351 0.112846 0.20082 0.973107 3.83704 0.0242551 -0.979628 0.199353 31.254 
0.991176 0.00362819 -0.132505 -0.975821 0.129614 0.182878 0.974554 3.97587 0.0277682 -0.983129 0.180794 31.5563 
0.991131 0.0042296 -0.132821 -1.00725 0.130281 0.166099 0.977465 4.11539 0.0261957 -0.9861 0.164075 31.8356 
0.993523 0.00501264 -0.113521 -1.32622 0.111446 0.151995 0.982078 4.21429 0.0221773 -0.988369 0.150452 32.0635 
0.992695 0.00936869 -0.120284 -1.25473 0.118052 0.130277 0.984425 4.3314 0.024893 -0.991433 0.128219 32.4064 
0.993297 0.0108549 -0.115075 -1.36367 0.113149 0.112039 0.987241 4.44305 0.0236093 -0.993645 0.11006 32.6955 
0.994007 0.0136226 -0.108461 -1.49081 0.106866 0.0876475 0.990403 4.54359 0.0229982 -0.996058 0.0856664 33.0664 
0.996173 0.0143084 -0.0862185 -1.84828 0.0846153 0.0890455 0.992427 4.68558 0.0218774 -0.995925 0.087494 33.0575 
0.996819 0.0153406 -0.078214 -1.99505 0.0770238 0.066944 0.994779 4.85716 0.0204964 -0.997639 0.0655494 33.3949 
0.996977 0.0158915 -0.0760498 -2.05801 0.0749596 0.0605804 0.995345 5.05076 0.0204247 -0.998037 0.059206 33.5023 
0.99548 0.0159219 -0.0936274 -1.82309 0.0922949 0.0702178 0.993253 5.24795 0.0223888 -0.997405 0.0684309 33.3758 
0.99585 0.0175712 -0.0892989 -1.91263 0.0882315 0.0542548 0.994621 5.37312 0.0223216 -0.998373 0.0524793 33.6214 
0.997113 0.0146006 -0.0745139 -2.16655 0.0731083 0.0804725 0.994072 5.64751 0.0205104 -0.99665 0.0791727 33.2417 
0.997418 0.0137281 -0.0704865 -2.25088 0.0693367 0.071331 0.99504 5.79966 0.0186879 -0.997358 0.070195 33.3852 
0.997105 0.0127831 -0.0749507 -2.21006 0.0738446 0.0719848 0.994668 5.98257 0.0181103 -0.997324 0.0708325 33.3883 
0.996855 0.0140938 -0.0779805 -2.19265 0.0767516 0.0731376 0.994364 6.19195 0.0197176 -0.997222 0.0718259 33.3879 
0.996582 0.0170946 -0.0808182 -2.17714 0.0800895 0.0397092 0.995996 6.35945 0.0202354 -0.999065 0.0382044 33.8932 
0.995802 0.0200195 -0.0893159 -2.08159 0.0893095 0.00121521 0.996003 6.50543 0.020048 -0.999799 -0.000577822 34.4683 
0.996373 0.0191121 -0.0829136 -2.20647 0.0825824 0.0175136 0.99643 6.70272 0.020496 -0.999664 0.0158718 34.2274 
0.995863 0.0204487 -0.0885373 -2.14955 0.0883666 0.00911176 0.996046 6.8675 0.0211746 -0.999749 0.00726708 34.3555 
0.997206 0.0225131 -0.0712283 -2.4321 0.0716562 -0.0188095 0.997252 7.04707 0.0211115 -0.99957 -0.0203702 34.7598 
0.997347 0.0238596 -0.0687728 -2.49602 0.0692593 -0.0201969 0.997394 7.24608 0.0224084 -0.999511 -0.0217958 34.7773 
0.997758 0.0264527 -0.0614701 -2.62894 0.0631012 -0.0660286 0.99582 7.49163 0.0222833 -0.997467 -0.0675498 35.4391 
0.997273 0.0259823 -0.0690728 -2.54434 0.0707151 -0.0687502 0.995125 7.70034 0.0211069 -0.997296 -0.0704001 35.4664 
0.996853 0.0266274 -0.0746598 -2.48558 0.076483 -0.0757173 0.994192 7.89491 0.0208197 -0.996774 -0.0775156 35.5629 
0.997854 0.0255805 -0.0602755 -2.72678 0.061723 -0.0601817 0.996277 8.10637 0.0218578 -0.99786 -0.0616315 35.3113 
0.99753 0.02588 -0.0653017 -2.67644 0.0665294 -0.049819 0.99654 8.26254 0.0225372 -0.998423 -0.0514178 35.1496 
0.998036 0.0280693 -0.0559949 -2.83781 0.0580132 -0.0771629 0.995329 8.47605 0.0236174 -0.996623 -0.0786398 35.5365 
0.998461 0.0268059 -0.0485427 -2.97487 0.050155 -0.0631667 0.996742 8.70663 0.0236523 -0.997643 -0.0644139 35.3102 
0.998847 0.027875 -0.039075 -3.1348 0.0414333 -0.0897558 0.995102 8.88221 0.0242312 -0.995574 -0.0908073 35.6866 
0.998784 0.0268084 -0.04138 -3.11866 0.0438204 -0.0979568 0.994225 9.06625 0.0226002 -0.99483 -0.0990124 35.7894 
0.99891 0.0260384 -0.0387468 -3.17828 0.0404847 -0.0699134 0.996731 9.25248 0.0232444 -0.997213 -0.0708913 35.3546 
0.999129 0.0267307 -0.0320493 -3.29579 0.0347881 -0.109232 0.993407 9.46431 0.0230537 -0.993657 -0.110067 35.9137 
0.999475 0.0270046 -0.0179223 -3.52218 0.020507 -0.0986931 0.994907 9.63129 0.0250983 -0.994751 -0.099195 35.7324 
