1 0 0 0 0 1 0 0 0 0 1 0 
0.999996 0.000546661 -0.00289631 0.112584 -0.000564242 0.999981 -0.00607284 0.268448 0.00289294 0.00607445 0.999977 0.636948 
0.999992 0.00113633 -0.00375607 0.131771 -0.00116161 0.999977 -0.006736 0.293962 0.00374833 0.00674031 0.99997 1.11008 
0.99993 -0.000990678 0.0118204 -0.578527 0.00108096 0.99997 -0.00763418 0.334748 -0.0118125 0.00764642 0.999901 1.537 
0.999947 4.64057e-05 0.0103 -0.517061 -0.000368653 0.99951 0.0312866 -1.38453 -0.0102935 -0.0312887 0.999457 1.96994 
0.999971 -0.000549983 0.00754713 -0.415063 0.000302758 0.999465 0.0327195 -1.42796 -0.00756109 -0.0327163 0.999436 2.65949 
0.999925 0.000562629 0.0122248 -0.632495 -0.000943844 0.999513 0.0312005 -1.35051 -0.0122013 -0.0312097 0.999438 3.1605 
0.999931 0.00152824 0.0116215 -0.618576 -0.00187067 0.999563 0.0295115 -1.26019 -0.0115713 -0.0295312 0.999497 3.73055 
0.99997 0.000626271 0.00777452 -0.450031 -0.000854783 0.999567 0.029424 -1.23419 -0.00775272 -0.0294297 0.999537 4.46449 
0.999994 0.00172554 0.00305391 -0.260496 -0.00179455 0.99974 0.0227433 -0.925099 -0.00301387 -0.0227486 0.999737 5.22935 
1 0.000169698 0.000307013 -0.163032 -0.000176201 0.999773 0.0213086 -0.854378 -0.000303327 -0.0213086 0.999773 5.73123 
0.999998 -0.00209908 9.68976e-05 -0.173516 0.00209643 0.999755 0.022024 -0.86086 -0.000143104 -0.0220237 0.999757 6.36441 
0.999995 -0.00321105 -0.000792881 -0.160546 0.00322737 0.999763 0.0215194 -0.81736 0.000723593 -0.0215218 0.999768 6.9324 
0.999993 -0.00368086 0.00102069 -0.26382 0.0036533 0.99966 0.0257995 -1.00071 -0.0011153 -0.0257955 0.999667 7.50036 
0.999966 -0.00335209 -0.00755346 0.0931656 0.00354281 0.999672 0.025378 -0.975264 0.00746591 -0.0254039 0.999649 8.12696 
0.999962 -0.00454458 -0.00739134 0.0619192 0.00470996 0.999735 0.0225133 -0.831189 0.00728707 -0.0225473 0.999719 8.6702 
0.999965 -0.0029016 0.00781965 -0.636565 0.00253121 0.998893 0.0469662 -1.88582 -0.00794727 -0.0469447 0.998866 9.31614 
0.999955 -0.00187232 0.00935368 -0.715816 0.00135056 0.998459 0.0554803 -2.24146 -0.00944314 -0.0554651 0.998416 10.0463 
0.999987 -0.0020967 0.00461511 -0.524606 0.00184007 0.998489 0.0549245 -2.19457 -0.0047233 -0.0549153 0.99848 10.4811 
0.999989 -0.0015785 0.00430726 -0.523125 0.00134495 0.998556 0.0536983 -2.11182 -0.00438581 -0.053692 0.998548 11.0157 
0.999959 -0.00177809 0.00883441 -0.747338 0.00148391 0.999448 0.0331951 -1.19626 -0.00888856 -0.0331807 0.99941 11.546 
0.999964 -0.00305479 0.00792633 -0.716908 0.00279433 0.999462 0.0326658 -1.14269 -0.00802186 -0.0326424 0.999435 12.1955 
0.999872 -0.003959 0.0155115 -1.0718 0.00310767 0.998507 0.0545284 -2.08918 -0.0157042 -0.0544732 0.998392 12.6792 
0.999882 -0.00539855 0.0144123 -1.04154 0.00424659 0.996882 0.0787952 -3.12195 -0.0147928 -0.0787247 0.996787 13.355 
0.999985 -0.00538077 0.000666126 -0.44828 0.00524665 0.991321 0.131355 -5.38777 -0.00136714 -0.13135 0.991335 14.0686 
0.999983 -0.00558591 0.00152998 -0.502295 0.00530131 0.989184 0.146584 -5.96721 -0.00233224 -0.146573 0.989197 14.7689 
0.999984 -0.00552645 -0.000742879 -0.423807 0.00557555 0.992926 0.118605 -4.63965 8.2157e-05 -0.118608 0.992941 15.2118 
0.99998 -0.00609316 0.0015261 -0.536733 0.00585512 0.992167 0.124783 -4.84159 -0.00227447 -0.124772 0.992183 15.8842 
0.999865 -0.00587514 -0.0153585 0.195493 0.0080527 0.98928 0.145812 -5.6949 0.0143372 -0.145916 0.989193 16.5982 
0.999843 -0.00601135 -0.0166929 0.219507 0.00838686 0.989234 0.146104 -5.61019 0.0156349 -0.146221 0.989128 17.2085 
0.999824 -0.00559709 -0.0179045 0.240887 0.00816037 0.989182 0.146466 -5.54838 0.016891 -0.146587 0.989054 17.7566 
0.999798 -0.00762964 -0.0185735 0.229315 0.0102238 0.989546 0.143855 -5.33985 0.0172817 -0.144016 0.989424 18.3647 
0.999654 -0.00669663 -0.0254204 0.504232 0.0104446 0.988584 0.150307 -5.54962 0.0241236 -0.15052 0.988313 18.9326 
0.999237 -0.00695218 -0.0384245 1.04299 0.0129389 0.987382 0.15783 -5.81107 0.0368424 -0.158207 0.986718 19.415 
0.998749 -0.00717621 -0.049496 1.48822 0.0142919 0.989336 0.144948 -5.16404 0.047928 -0.145474 0.988201 19.8513 
0.998708 -0.00800097 -0.0501832 1.46939 0.015192 0.989374 0.144598 -5.05741 0.048493 -0.145174 0.988217 20.4954 
0.998619 -0.00790755 -0.0519342 1.49291 0.0153732 0.989317 0.14497 -5.00188 0.050233 -0.145568 0.988072 21.0408 
0.998395 -0.00972241 -0.0558014 1.59867 0.0175706 0.989721 0.14193 -4.78187 0.0538479 -0.142683 0.988303 21.6974 
0.997384 -0.00777267 -0.0718725 2.24633 0.0201969 0.984574 0.173798 -6.06395 0.0694129 -0.174795 0.982155 22.5934 
0.998353 -0.00698079 -0.0569415 1.52831 0.0175439 0.982167 0.187188 -6.56724 0.0546194 -0.187878 0.980672 23.1266 
0.997775 -0.00630821 -0.0663782 1.88971 0.0185724 0.98241 0.185811 -6.40449 0.0640385 -0.18663 0.980341 23.6991 
0.997149 -0.00715084 -0.0751207 2.2054 0.0208456 0.982865 0.183143 -6.1593 0.0725239 -0.184187 0.980212 24.3966 
0.99701 -0.00782845 -0.076872 2.20865 0.021866 0.982774 0.183514 -6.05187 0.0741112 -0.184646 0.980007 25.0198 
0.996848 -0.00616989 -0.0790973 2.24312 0.0205757 0.982965 0.182636 -5.91148 0.0766231 -0.183688 0.979994 25.5678 
0.996738 -0.00749005 -0.0803545 2.23444 0.0200755 0.987397 0.156984 -4.687 0.078166 -0.158085 0.984327 25.9548 
0.997182 -0.00822587 -0.0745712 1.90662 0.0174227 0.992188 0.123533 -3.12875 0.0729724 -0.124484 0.989535 26.3666 
0.997363 -0.00668802 -0.0722678 1.74115 0.016227 0.991087 0.132228 -3.44142 0.0707393 -0.133052 0.988581 27.009 
0.997228 -0.00747236 -0.0740243 1.76241 0.0171763 0.991189 0.131338 -3.31851 0.0723906 -0.132245 0.98857 27.4912 
0.997192 -0.007406 -0.0745207 1.71255 0.0170945 0.991337 0.130228 -3.19086 0.0729106 -0.131136 0.98868 28.1253 
0.996467 -0.008742 -0.0835335 2.04656 0.0193532 0.991704 0.127079 -2.96738 0.0817296 -0.128247 0.988369 28.7553 
0.996336 -0.00818209 -0.0851282 2.04588 0.0189943 0.991722 0.126989 -2.89186 0.0833844 -0.128141 0.988244 29.3451 
0.995646 -0.00736697 -0.0929277 2.31224 0.0198639 0.990744 0.134284 -3.12346 0.0910783 -0.135545 0.986576 30.0324 
0.995761 -0.00753223 -0.0916664 2.17508 0.0197979 0.990831 0.133645 -3.00822 0.0898193 -0.134894 0.986781 30.6414 
0.995461 -0.00938707 -0.0947022 2.24587 0.0220713 0.990763 0.133796 -2.95485 0.0925715 -0.135279 0.986474 31.0791 
0.994714 -0.00849335 -0.10233 2.49091 0.0228291 0.989923 0.139751 -3.11045 0.100112 -0.141348 0.984885 31.8099 
0.995819 -0.0119773 -0.090562 1.89968 0.0224702 0.993024 0.115749 -1.99264 0.0885439 -0.1173 0.989141 32.2234 
0.995888 -0.010455 -0.0899823 1.8069 0.0206431 0.993375 0.11305 -1.81536 0.0882042 -0.114443 0.989506 32.7921 
0.997621 -0.0100488 -0.0681966 0.77244 0.0177827 0.993348 0.113766 -1.77113 0.0665998 -0.114708 0.991164 33.2913 
0.997762 -0.0109376 -0.0659705 0.619113 0.0185236 0.993135 0.115501 -1.77633 0.0642543 -0.116465 0.991114 33.948 
0.997865 -0.0115255 -0.0642832 0.48241 0.0188546 0.993233 0.114601 -1.6606 0.0625274 -0.115568 0.99133 34.6065 
0.997915 -0.0125341 -0.0633169 0.384991 0.019698 0.993306 0.11382 -1.57018 0.0614664 -0.11483 0.991482 35.1186 
0.99781 -0.0127516 -0.0649014 0.400995 0.0200605 0.993365 0.113241 -1.47623 0.0630268 -0.114295 0.991446 35.7237 
0.997244 -0.0145264 -0.0727517 0.692714 0.0217609 0.994784 0.0996585 -0.839256 0.0709245 -0.100967 0.992358 36.1167 
0.996911 -0.0161495 -0.076867 0.810716 0.0230791 0.995662 0.0901338 -0.356958 0.0750779 -0.0916293 0.992959 36.668 
0.997247 -0.014825 -0.0726532 0.571738 0.0229683 0.993379 0.112566 -1.2713 0.0705033 -0.113925 0.990985 37.2796 
0.998164 -0.0117809 -0.0594048 -0.0786109 0.0199043 0.990222 0.13807 -2.31053 0.0571973 -0.138999 0.988639 37.9667 
0.998962 -0.0134102 -0.0435336 -0.826966 0.0186887 0.992205 0.123207 -1.58802 0.041542 -0.123893 0.991426 38.3923 
0.99891 -0.0124185 -0.0449935 -0.819624 0.0179094 0.992149 0.123769 -1.53979 0.0431033 -0.12444 0.991291 39.0236 
0.999198 -0.0123184 -0.0380964 -1.16478 0.0166637 0.993117 0.115936 -1.13352 0.036406 -0.116478 0.992526 39.5511 
0.999139 -0.0119939 -0.0397221 -1.14368 0.0165783 0.992973 0.117175 -1.11372 0.0380376 -0.117732 0.992317 40.2165 
0.99904 -0.0111106 -0.0423756 -1.07185 0.0160625 0.992839 0.118372 -1.11124 0.040757 -0.118939 0.992065 40.8061 
0.998267 -0.0102595 -0.0579404 -0.442633 0.0163084 0.994348 0.104912 -0.44951 0.0565366 -0.105675 0.992792 41.3966 
0.998224 -0.0102161 -0.0586907 -0.473501 0.0176299 0.991717 0.127228 -1.367 0.0569048 -0.128037 0.990136 42.1564 
0.998153 -0.0103839 -0.059854 -0.475402 0.0179185 0.991772 0.126757 -1.26287 0.0580453 -0.127595 0.990126 42.8544 
0.998653 -0.00960249 -0.0509814 -0.911881 0.0172392 0.9883 0.151542 -2.27518 0.0489297 -0.152217 0.987135 43.5536 
0.998777 -0.00897688 -0.0486268 -1.06735 0.0163638 0.987979 0.153719 -2.28853 0.0466623 -0.154327 0.986917 44.0426 
0.998502 -0.0094195 -0.0539002 -0.895636 0.0183115 0.985796 0.166945 -2.77125 0.0515621 -0.167682 0.984492 44.7614 
0.998849 -0.010125 -0.0468851 -1.24647 0.018163 0.984518 0.174339 -2.99942 0.044394 -0.17499 0.983569 45.372 
0.998646 -0.00781995 -0.0514353 -1.08872 0.0178415 0.980164 0.197385 -3.91777 0.0488714 -0.198035 0.978976 46.0802 
0.998547 -0.00956802 -0.0530233 -1.0726 0.019905 0.979997 0.198016 -3.78424 0.050068 -0.198783 0.978764 46.8102 
0.997873 -0.008884 -0.0645829 -0.61959 0.0231221 0.974496 0.22321 -4.79082 0.0609528 -0.224228 0.972629 47.6213 
0.997609 -0.00622779 -0.0688226 -0.489862 0.0232159 0.968249 0.248906 -5.78396 0.0650873 -0.249909 0.966079 48.4407 
0.997508 -0.00762261 -0.0701412 -0.49539 0.024869 0.968328 0.248439 -5.61159 0.0660259 -0.249564 0.966105 49.0394 
0.997423 -0.00800172 -0.0713031 -0.508985 0.025344 0.968994 0.245782 -5.35906 0.0671256 -0.246956 0.966699 49.5918 
0.996999 -0.00729915 -0.077068 -0.305917 0.0260524 0.969111 0.245245 -5.22805 0.0728973 -0.246516 0.966393 50.0595 
0.996911 -0.0078815 -0.0781464 -0.322613 0.0268904 0.969073 0.245304 -5.07358 0.0737962 -0.246647 0.966291 50.6532 
0.996834 -0.00368089 -0.079424 -0.32382 0.0270199 0.95516 0.294855 -7.14396 0.0747773 -0.296068 0.952235 51.6958 
0.997134 -0.00465009 -0.0755106 -0.574164 0.0267103 0.95547 0.293876 -6.92017 0.0707816 -0.295051 0.952856 52.249 
0.996949 -0.0048436 -0.0779109 -0.547219 0.0276676 0.955204 0.294651 -6.73597 0.0729937 -0.295908 0.952423 52.9563 
0.997216 -0.00466714 -0.0744168 -0.752444 0.0265754 0.954743 0.296244 -6.66162 0.0696662 -0.297397 0.952209 53.4216 
0.997116 -0.00481139 -0.0757389 -0.762628 0.0269114 0.955553 0.29359 -6.34755 0.07096 -0.294782 0.952926 54.0616 
0.996661 -0.00419071 -0.0815394 -0.574104 0.0280158 0.955602 0.293326 -6.15516 0.0766899 -0.294631 0.952529 54.6355 
0.997231 -0.00624753 -0.0740971 -0.973979 0.0267183 0.960023 0.278643 -5.322 0.0693941 -0.279851 0.957532 55.0525 
0.99727 -0.00797708 -0.0734141 -1.07287 0.0277201 0.961887 0.272037 -4.85623 0.068446 -0.27333 0.959482 55.5493 
0.997287 -0.00823656 -0.0731477 -1.14293 0.027907 0.961843 0.272176 -4.7078 0.0681147 -0.273479 0.959463 56.0745 
0.998032 -0.0073 -0.0622777 -1.66857 0.0250454 0.956942 0.289195 -5.33759 0.0574851 -0.290186 0.955242 56.6607 
0.998037 -0.00795519 -0.062124 -1.71795 0.0256099 0.957023 0.288878 -5.16857 0.057156 -0.289902 0.955348 57.1764 
0.997932 -0.00704253 -0.0638852 -1.69688 0.0260431 0.953031 0.301752 -5.54588 0.0587594 -0.302792 0.951244 57.9782 
0.997916 -0.00671325 -0.0641711 -1.74504 0.0253564 0.955355 0.29437 -5.0638 0.05933 -0.295384 0.953535 58.3807 
0.997321 -0.00705972 -0.0728143 -1.43328 0.027787 0.957294 0.287777 -4.58219 0.0676731 -0.28903 0.954925 58.9445 
0.99682 -0.00450428 -0.0795629 -1.19798 0.027703 0.955718 0.292977 -4.66118 0.07472 -0.294249 0.952803 59.5286 
0.997675 -0.00412721 -0.0680217 -1.7693 0.0242215 0.954463 0.297345 -4.68692 0.063697 -0.298301 0.952344 60.0664 
0.998168 -0.00489499 -0.0603031 -2.17371 0.0230472 0.952334 0.304185 -4.77877 0.0559397 -0.305018 0.950702 60.8315 
0.998224 -0.00544586 -0.0593255 -2.29003 0.0233645 0.951821 0.305763 -4.61335 0.0548021 -0.306606 0.950257 61.5601 
0.998153 -0.00431582 -0.0605921 -2.2877 0.0227202 0.9516 0.306498 -4.42692 0.0563367 -0.307308 0.949941 62.2346 
0.998174 -0.0032556 -0.0603158 -2.34861 0.0223838 0.947391 0.319296 -4.82804 0.0561031 -0.320063 0.945734 62.9231 
0.997957 -0.00243251 -0.0638389 -2.25065 0.0226942 0.947598 0.318658 -4.64116 0.0597185 -0.319456 0.945717 63.4086 
0.998004 -0.00140529 -0.0631277 -2.33919 0.0214992 0.947581 0.318793 -4.43994 0.0593706 -0.319514 0.94572 64.0008 
0.997923 -0.001045 -0.0644121 -2.33943 0.0215166 0.947855 0.317975 -4.18793 0.060721 -0.3187 0.945909 64.6067 
0.997622 0.000649104 -0.0689219 -2.19341 0.0216603 0.946343 0.322438 -4.18761 0.065433 -0.323164 0.944078 65.2505 
0.997589 0.000126148 -0.069404 -2.21963 0.0223066 0.946358 0.322348 -4.01738 0.0657217 -0.323119 0.944074 65.7201 
0.997591 0.00372906 -0.0692755 -2.27683 0.0187992 0.946664 0.321672 -3.83734 0.0667802 -0.3222 0.944313 66.1284 
0.997509 0.00178242 -0.0705128 -2.28494 0.0205556 0.948943 0.314778 -3.35644 0.0674736 -0.315443 0.946543 66.5607 
0.997841 0.00264624 -0.0656297 -2.56672 0.0181872 0.948989 0.314784 -3.17301 0.0631148 -0.315297 0.946892 67.0993 
0.997807 0.00265728 -0.0661398 -2.59514 0.0183502 0.948927 0.314963 -2.99063 0.0635987 -0.315486 0.946797 67.6573 
0.997398 0.00415664 -0.0719668 -2.39757 0.0191432 0.947218 0.320018 -3.01765 0.0694985 -0.320563 0.944674 68.3615 
0.998028 0.00305645 -0.0626915 -2.86049 0.016754 0.9496 0.313016 -2.54068 0.0604885 -0.313449 0.947677 68.7392 
0.997879 0.00345484 -0.0650113 -2.81185 0.0171609 0.949315 0.313857 -2.3827 0.0628005 -0.314307 0.947242 69.3136 
0.997764 0.00346936 -0.066743 -2.79314 0.0177196 0.94918 0.314235 -2.20782 0.0644413 -0.314715 0.946996 69.9103 
0.997634 0.00248906 -0.0687081 -2.76492 0.0191998 0.949501 0.313176 -1.99291 0.0660179 -0.313754 0.947206 70.4244 
0.997087 0.0021284 -0.0762417 -2.49695 0.0215913 0.950845 0.308914 -1.65698 0.0731516 -0.30966 0.948029 70.8395 
0.996268 0.00404269 -0.0862136 -2.12793 0.0251917 0.941785 0.335272 -2.60858 0.08255 -0.336193 0.938168 71.872 
0.996327 0.00387899 -0.0855384 -2.22921 0.0245685 0.944019 0.328976 -2.11934 0.0820259 -0.329869 0.940456 72.3769 
0.997232 0.00379297 -0.0742513 -2.79418 0.020677 0.945149 0.325983 -1.8234 0.071415 -0.326616 0.942455 72.7718 
0.997216 0.00276482 -0.0745188 -2.85509 0.0217975 0.944859 0.326752 -1.64563 0.0713131 -0.327466 0.942168 73.3946 
0.99688 0.0013457 -0.078916 -2.72509 0.0233006 0.950274 0.310541 -0.726915 0.0754098 -0.311411 0.947278 73.7557 
0.996807 0.0019233 -0.0798239 -2.75186 0.0231056 0.949991 0.311422 -0.592034 0.0764309 -0.312272 0.946913 74.2861 
0.99672 0.00524938 -0.0807535 -2.77108 0.0201434 0.950391 0.310405 -0.369271 0.0783768 -0.311013 0.947168 74.862 
0.995858 0.00545613 -0.0907558 -2.39182 0.025034 0.943159 0.331398 -1.14513 0.0874053 -0.332297 0.939116 75.6659 
0.995823 0.00487176 -0.0911743 -2.45233 0.0258857 0.942539 0.333092 -0.977425 0.0875581 -0.33406 0.938476 76.3543 
0.997421 0.00620095 -0.0714982 -3.39027 0.0193396 0.936181 0.350987 -1.61823 0.0691117 -0.351465 0.933647 77.0053 
0.997831 0.00611311 -0.0655449 -3.70887 0.0183383 0.930452 0.365956 -2.10387 0.0632235 -0.366364 0.928321 77.6634 
0.997736 0.00732839 -0.0668572 -3.70548 0.0176659 0.930589 0.365639 -1.88924 0.0648961 -0.365992 0.928352 78.2 
0.997927 0.00874871 -0.0637562 -3.90329 0.0161805 0.924779 0.380161 -2.32283 0.0622863 -0.380404 0.92272 78.9644 
0.997864 0.00950773 -0.0646374 -3.93173 0.0157274 0.925303 0.378903 -2.04367 0.0634117 -0.37911 0.923176 79.4945 
0.997996 0.0117542 -0.0621735 -4.09404 0.0138709 0.918053 0.396215 -2.6205 0.0617358 -0.396284 0.91605 80.2613 
0.998141 0.0118531 -0.0597838 -4.25473 0.0126554 0.919219 0.393544 -2.20975 0.0596191 -0.393568 0.91736 80.9387 
0.997692 0.0132419 -0.0666047 -4.00237 0.0156202 0.909755 0.414851 -2.9426 0.0660874 -0.414934 0.907448 81.8414 
0.99791 0.0149976 -0.0628614 -4.21688 0.0136996 0.901501 0.432559 -3.55331 0.063157 -0.432516 0.899411 82.5676 
0.997879 0.0143365 -0.0634977 -4.24971 0.0145117 0.901907 0.431687 -3.25285 0.0634579 -0.431693 0.899786 83.0785 
0.996848 0.0173228 -0.077415 -3.69495 0.020761 0.884888 0.46534 -4.51856 0.0765647 -0.465481 0.88174 84.325 
0.996654 0.0176308 -0.0798084 -3.65103 0.0218177 0.883634 0.467669 -4.36065 0.0787669 -0.467845 0.880293 84.8907 
0.996604 0.0175014 -0.0804669 -3.69165 0.0222693 0.883467 0.467963 -4.07841 0.0792799 -0.468166 0.880077 85.4571 
0.997216 0.0175864 -0.0724623 -4.11972 0.0196408 0.875521 0.482781 -4.42477 0.0719327 -0.48286 0.872738 86.3553 
0.997631 0.0164499 -0.0667976 -4.42716 0.0176215 0.877488 0.479275 -4.01808 0.0664981 -0.479316 0.875119 86.7095 
0.997316 0.0154977 -0.0715618 -4.27666 0.0198632 0.883431 0.468141 -3.22384 0.0704749 -0.468306 0.880751 87.0158 
0.996132 0.016348 -0.0863372 -3.68541 0.0290222 0.866194 0.498864 -4.32039 0.0829403 -0.49944 0.862369 88.2911 
0.996063 0.0161187 -0.0871701 -3.70693 0.0297202 0.8657 0.49968 -4.10129 0.0835174 -0.500303 0.861813 88.7568 
0.996006 0.0162786 -0.0877916 -3.75173 0.029975 0.865217 0.500501 -3.86204 0.0841062 -0.501134 0.861273 89.2741 
0.99593 0.0171936 -0.0884778 -3.80029 0.0295293 0.865219 0.500524 -3.55265 0.0851585 -0.5011 0.861189 89.8104 
0.995154 0.0165402 -0.0969281 -3.49824 0.0336815 0.868777 0.494057 -3.001 0.0923807 -0.494928 0.864009 90.1486 
0.995056 0.0164449 -0.0979473 -3.52334 0.0342613 0.868823 0.493935 -2.75644 0.0932216 -0.494849 0.863964 90.5842 
0.994991 0.0152806 -0.0987856 -3.57145 0.0356201 0.869174 0.493221 -2.42586 0.0933987 -0.49427 0.864277 91.0795 
0.995023 0.0170887 -0.0981693 -3.66992 0.0338143 0.868819 0.493973 -2.20245 0.0937328 -0.494834 0.863917 91.5318 
0.995054 0.0151001 -0.0981813 -3.74257 0.0353393 0.869907 0.491948 -1.85652 0.0928371 -0.492985 0.865071 91.9083 
0.995415 0.0133238 -0.0947141 -3.97629 0.0353145 0.869085 0.493401 -1.60168 0.0888885 -0.494484 0.86463 92.4956 
0.995235 0.0135867 -0.096558 -3.96756 0.0370629 0.863214 0.503475 -1.77048 0.0901908 -0.504655 0.858597 93.2552 
0.994555 0.0168061 -0.10285 -3.76465 0.0398779 0.850428 0.524579 -2.4535 0.0962828 -0.525824 0.845127 94.2632 
0.995114 0.0176369 -0.0971405 -4.08962 0.0379921 0.83974 0.541658 -2.97146 0.091126 -0.542702 0.834967 95.1035 
0.994948 0.0169708 -0.0989463 -4.08141 0.0395978 0.839357 0.542137 -2.67961 0.0922517 -0.543316 0.834444 95.5811 
0.994889 0.0174798 -0.0994515 -4.12078 0.0395186 0.83894 0.542788 -2.4545 0.0929216 -0.543944 0.833961 96.0038 
0.996359 0.0192181 -0.0830641 -4.91715 0.0306655 0.828283 0.55947 -2.81873 0.0795525 -0.55998 0.824678 96.9648 
0.997665 0.0222573 -0.0645715 -5.79631 0.0206576 0.8028 0.59589 -4.15535 0.0651009 -0.595833 0.800466 98.4093 
0.996811 0.0238443 -0.0761524 -5.33545 0.0282855 0.786772 0.616596 -4.76102 0.0746168 -0.616784 0.783588 99.5525 
0.996348 0.024042 -0.0819309 -5.13988 0.0319075 0.785192 0.61843 -4.55506 0.0791998 -0.618785 0.781557 100.015 
0.996357 0.0245201 -0.0816804 -5.23565 0.0312084 0.786506 0.616793 -4.05147 0.0793659 -0.617095 0.782876 100.494 
0.996906 0.0229279 -0.0751853 -5.57922 0.0281691 0.788772 0.61404 -3.58863 0.0733827 -0.614258 0.785686 100.801 
0.996893 0.0219258 -0.0756581 -5.61499 0.0292808 0.788511 0.614323 -3.25453 0.0731268 -0.61463 0.785419 101.261 
0.997039 0.0217356 -0.0737614 -5.75476 0.0282299 0.788785 0.614021 -2.88472 0.071528 -0.614285 0.785836 101.697 
0.996914 0.0215573 -0.0754856 -5.73582 0.0296952 0.786559 0.616801 -2.62815 0.0726705 -0.617139 0.783491 102.289 
0.996624 0.0218858 -0.0791296 -5.64268 0.0314577 0.788461 0.614279 -2.17289 0.0758346 -0.614695 0.785111 102.646 
0.996577 0.0222971 -0.0796091 -5.68821 0.0314723 0.788118 0.61472 -1.79141 0.0764478 -0.615121 0.784718 103.179 
0.997038 0.0222416 -0.0736182 -6.01773 0.0275262 0.790638 0.611665 -1.31829 0.0718097 -0.61188 0.787684 103.484 
0.996998 0.0232712 -0.0738464 -6.06171 0.0272849 0.786981 0.616374 -1.18324 0.0724594 -0.616539 0.783983 104.084 
0.99682 0.0258678 -0.0753673 -6.05819 0.026188 0.786946 0.616465 -0.815497 0.0752567 -0.616479 0.783767 104.57 
0.996722 0.0260806 -0.0765872 -6.07289 0.0267631 0.787043 0.616317 -0.417103 0.0763514 -0.616346 0.783765 105.073 
0.996119 0.0244531 -0.0845516 -5.80428 0.032551 0.790176 0.612015 0.147057 0.0817763 -0.612392 0.786313 105.431 
0.996261 0.0254216 -0.0825746 -5.9515 0.0324344 0.77579 0.630157 -0.370327 0.0800802 -0.630479 0.772065 106.428 
0.997191 0.0244478 -0.0707982 -6.5389 0.0239139 0.791839 0.610262 0.921348 0.0709803 -0.61024 0.78903 106.202 
0.997101 0.0246023 -0.0719955 -6.5394 0.0245078 0.79198 0.610056 1.23492 0.0720277 -0.610052 0.789081 106.585 
0.997075 0.0237128 -0.0726588 -6.58158 0.0256042 0.792092 0.609864 1.63746 0.072014 -0.60994 0.789168 107.087 
0.997666 0.0224743 -0.064486 -7.02623 0.0210557 0.797056 0.603538 2.33649 0.0649631 -0.603487 0.794722 107.389 
0.997836 0.0253113 -0.0606902 -7.25175 0.0199798 0.76261 0.64655 0.710022 0.062648 -0.646363 0.760454 109.242 
0.998054 0.0243934 -0.0573818 -7.44956 0.0186179 0.76172 0.647639 1.05308 0.059507 -0.647447 0.759784 109.72 
0.998005 0.0249853 -0.0579829 -7.45825 0.0185676 0.761609 0.647771 1.36517 0.0603451 -0.647555 0.759626 110.101 
0.999011 0.0243242 -0.0372244 -8.41536 0.00560468 0.761568 0.648061 1.71968 0.0441124 -0.647629 0.760678 110.477 
0.998927 0.0245587 -0.0392548 -8.37777 0.00683994 0.760198 0.649656 2.08304 0.0457961 -0.649228 0.759214 111.044 
