1 0 0 0 0 1 0 0 0 0 1 0 
1 0.000961373 0.000121833 -0.00703258 -0.000961477 0.999999 0.000853769 -0.0583443 -0.000121012 -0.000853886 1 0.982382 
1 0.000837178 0.000249775 -0.0171228 -0.000837362 0.999999 0.000737 -0.0506498 -0.000249158 -0.000737209 1 1.86281 
1 4.95037e-05 0.000287822 -0.0236474 -4.9661e-05 1 0.000546571 -0.0346053 -0.000287795 -0.000546585 1 2.68269 
0.999999 0.00132725 0.000225041 -0.0144978 -0.00132731 0.999999 0.000309061 -0.03561 -0.000224631 -0.00030936 1 3.5861 
0.999999 0.00100494 0.000634674 -0.0453777 -0.00100509 0.999999 0.000241448 -0.0366951 -0.000634431 -0.000242085 1 4.61372 
0.999995 0.00310219 0.000868868 -0.0558053 -0.00310216 0.999995 -3.48423e-05 -0.0172558 -0.000868972 3.21468e-05 1 5.51216 
0.999994 0.0034751 0.000702134 -0.0426425 -0.0034749 0.999994 -0.000284033 0.0099018 -0.000703116 0.000281591 1 6.4642 
0.999997 0.00232531 0.000456466 -0.023327 -0.00232517 0.999997 -0.000310284 0.0256543 -0.000457186 0.000309222 1 7.4173 
0.999997 0.00233552 0.000444743 -0.0319437 -0.00233529 0.999997 -0.000521791 0.0464595 -0.00044596 0.000520751 1 8.35141 
0.999996 0.00262422 0.000515767 -0.0275488 -0.00262406 0.999997 -0.000310826 0.0225155 -0.000516581 0.000309472 1 9.22239 
0.999996 0.00275273 0.000239592 -0.0165585 -0.00275286 0.999996 0.000515337 -0.0285503 -0.000238173 -0.000515994 1 10.2224 
0.999998 0.00183766 4.29638e-05 0.00373974 -0.0018377 0.999998 0.000918292 -0.038718 -4.12762e-05 -0.00091837 1 11.1578 
0.999999 0.00152552 4.92919e-05 -0.00413663 -0.00152557 0.999998 0.00101282 -0.0579384 -4.77468e-05 -0.0010129 0.999999 12.0912 
1 2.21276e-05 -0.00037711 0.0246062 -2.17874e-05 1 0.00090235 -0.0587036 0.00037713 -0.000902341 1 13.1041 
1 -0.000438766 -0.000288883 0.0215585 0.000439086 0.999999 0.00110648 -0.0689992 0.000288398 -0.00110661 0.999999 13.9808 
1 -0.000742255 -0.000299687 0.0102606 0.000742502 0.999999 0.000825535 -0.0277289 0.000299074 -0.000825757 1 14.8416 
0.999999 -0.00130246 -0.000269899 0.0036709 0.00130275 0.999999 0.00110708 -0.0679192 0.000268456 -0.00110743 0.999999 15.8805 
1 -0.000350447 -0.000490259 0.0174565 0.000351102 0.999999 0.00133705 -0.0800629 0.00048979 -0.00133722 0.999999 16.7371 
1 -0.000696732 -0.00025922 -0.00155591 0.000697031 0.999999 0.00115737 -0.0666184 0.000258413 -0.00115755 0.999999 17.5784 
1 -0.00038428 0.000225299 -0.0418739 0.000384029 0.999999 0.0011162 -0.0863804 -0.000225728 -0.00111611 0.999999 18.5195 
0.999999 -0.00159303 0.000156008 -0.0397464 0.00159284 0.999998 0.00117812 -0.0776338 -0.000157885 -0.00117787 0.999999 19.3701 
0.999998 -0.0017823 -2.81512e-05 -0.0330941 0.00178234 0.999998 0.00121187 -0.0777799 2.59912e-05 -0.00121192 0.999999 20.195 
0.999997 -0.00256243 -0.00037693 -0.00764416 0.00256308 0.999995 0.00172724 -0.117084 0.000372503 -0.0017282 0.999998 21.1235 
0.999996 -0.00265763 -0.000409428 -0.00877196 0.00265834 0.999995 0.00174121 -0.113555 0.000404799 -0.00174229 0.999998 22.1165 
0.999995 -0.0031975 -0.0005416 -0.00527805 0.00319853 0.999993 0.00190019 -0.124348 0.00053552 -0.00190191 0.999998 22.9778 
0.999994 -0.00340729 -0.000549837 -0.00666359 0.00340859 0.999991 0.00238573 -0.139689 0.000541704 -0.00238759 0.999997 23.9734 
0.999993 -0.00378898 -0.00054461 -0.0065552 0.00379024 0.99999 0.00232831 -0.139805 0.000535782 -0.00233035 0.999997 24.9285 
0.999994 -0.00348381 -0.000382689 -0.0122261 0.00348475 0.999991 0.00248343 -0.153099 0.000374034 -0.00248475 0.999997 25.7928 
0.999993 -0.00361712 -0.000587446 -0.00279696 0.00361856 0.99999 0.00246558 -0.136498 0.000578522 -0.00246769 0.999997 26.6799 
0.999994 -0.00355661 -0.000454051 -0.019092 0.0035578 0.99999 0.00265284 -0.157358 0.000444612 -0.00265444 0.999996 27.5885 
0.999991 -0.00423056 -0.00065122 -0.00930848 0.00423284 0.999985 0.00354733 -0.217184 0.000636202 -0.00355006 0.999993 28.4431 
0.999994 -0.00338783 -0.000843084 0.0121735 0.00339063 0.999989 0.00334123 -0.201468 0.000831755 -0.00334407 0.999994 29.273 
0.999993 -0.00380293 -0.000543223 -0.00699647 0.00380464 0.999988 0.00318514 -0.182687 0.000531103 -0.00318718 0.999995 30.1669 
0.999991 -0.0042119 -0.000630882 0.00438358 0.00421376 0.999987 0.00298472 -0.16996 0.000618302 -0.00298736 0.999995 30.9804 
0.999988 -0.00492562 -0.000681678 0.00139532 0.00492758 0.999984 0.00290579 -0.15682 0.000667354 -0.00290911 0.999996 31.8947 
0.999979 -0.0065169 -0.000685183 0.000999027 0.00651884 0.999975 0.00286179 -0.158823 0.000666516 -0.0028662 0.999996 32.7754 
0.999974 -0.00712921 -0.000686009 -0.00242507 0.00713075 0.999972 0.00227015 -0.121922 0.000669805 -0.00227499 0.999997 33.6928 
0.999965 -0.00831889 -0.000699842 -0.00452361 0.00832057 0.999962 0.00242845 -0.100389 0.000679613 -0.00243419 0.999997 34.5945 
0.999964 -0.00849548 -0.000448697 -0.0192174 0.00849641 0.999962 0.0021074 -0.0608753 0.000430777 -0.00211113 0.999998 35.4516 
0.999964 -0.00848969 -0.000509465 -0.0106671 0.00849096 0.999961 0.00255178 -0.0928113 0.000487781 -0.00255601 0.999997 36.4471 
0.99996 -0.00891364 -0.000827626 0.00778536 0.00891583 0.999957 0.00267837 -0.103716 0.000803716 -0.00268564 0.999996 37.4027 
0.999953 -0.00963487 -0.000444421 -0.0251933 0.00963624 0.999948 0.00318485 -0.128577 0.000413712 -0.00318899 0.999995 38.4207 
0.999971 -0.00764272 -0.000255397 -0.0367205 0.00764368 0.999963 0.00401761 -0.189509 0.000224682 -0.00401944 0.999992 39.3433 
0.999967 -0.00816349 -0.000577087 -0.00792469 0.00816605 0.999956 0.00457895 -0.231476 0.000539681 -0.00458351 0.999989 40.3429 
0.999973 -0.00730988 -0.000803536 0.0161008 0.00731354 0.999962 0.00464389 -0.236086 0.00076956 -0.00464964 0.999989 41.3668 
0.999979 -0.00636861 -0.00104971 0.0416111 0.0063737 0.999968 0.00491994 -0.253022 0.00101834 -0.00492653 0.999987 42.3112 
0.999977 -0.0067313 -0.00104444 0.0379319 0.00673587 0.999967 0.00443318 -0.187804 0.00101457 -0.00444011 0.99999 43.043 
0.999979 -0.00646168 -0.000871745 0.0248205 0.00646512 0.999971 0.00400022 -0.158026 0.000845871 -0.00400577 0.999992 43.9764 
0.999976 -0.00687538 -0.00107413 0.0398559 0.00688027 0.999966 0.00462005 -0.191707 0.00104233 -0.00462733 0.999989 44.857 
0.99998 -0.00624781 -0.00116246 0.0486773 0.00625288 0.999971 0.00440834 -0.178667 0.00113488 -0.00441552 0.99999 45.7572 
0.999981 -0.00596813 -0.00143096 0.0680453 0.0059762 0.999966 0.00570591 -0.255385 0.00139686 -0.00571435 0.999983 46.6992 
0.999981 -0.00594649 -0.00150523 0.067496 0.00595524 0.999965 0.00587876 -0.26486 0.00147022 -0.00588761 0.999982 47.6497 
0.999971 -0.00743055 -0.0016891 0.071589 0.00744065 0.999954 0.00605208 -0.264115 0.00164405 -0.00606447 0.99998 48.5015 
0.999974 -0.00702249 -0.00175915 0.0706947 0.00703373 0.999954 0.00647079 -0.261078 0.00171363 -0.00648299 0.999978 49.5241 
0.999969 -0.00774449 -0.00173322 0.0643199 0.00775591 0.999948 0.00668287 -0.293211 0.00168137 -0.0066961 0.999976 50.4096 
0.999974 -0.00691269 -0.00191511 0.0851293 0.00692535 0.999954 0.00668629 -0.283729 0.0018688 -0.00669938 0.999976 51.2558 
0.999977 -0.00649284 -0.00171725 0.0670601 0.00650376 0.999958 0.00643131 -0.240759 0.00167542 -0.00644233 0.999978 52.096 
0.999974 -0.00700082 -0.00154144 0.0461815 0.0070096 0.999959 0.00576602 -0.196329 0.00150101 -0.00577667 0.999982 52.9341 
0.999976 -0.00672967 -0.00192185 0.0832582 0.00674098 0.99996 0.00594173 -0.218794 0.00188179 -0.00595454 0.999981 53.8614 
0.999981 -0.00584838 -0.00215497 0.10814 0.00586089 0.999966 0.00584619 -0.216665 0.00212071 -0.0058587 0.999981 54.7017 
0.999972 -0.00702888 -0.00262866 0.138694 0.00704327 0.99996 0.00550405 -0.182931 0.00258987 -0.00552241 0.999981 55.5743 
0.99997 -0.00713786 -0.00302738 0.162481 0.00715488 0.999958 0.00564949 -0.189851 0.00298693 -0.00567098 0.999979 56.3693 
0.999974 -0.00652353 -0.00309582 0.160951 0.00654022 0.999964 0.00541012 -0.158923 0.00306042 -0.00543022 0.999981 57.2236 
0.999969 -0.00733727 -0.00284912 0.144583 0.0073553 0.999953 0.00637049 -0.19787 0.00280225 -0.00639125 0.999976 58.152 
0.999973 -0.00681849 -0.00278823 0.128834 0.00683781 0.999952 0.0069802 -0.229999 0.0027405 -0.00699908 0.999972 59.2553 
0.999976 -0.00636673 -0.00281395 0.134709 0.00638568 0.999957 0.00678009 -0.206103 0.00277066 -0.00679789 0.999973 60.2257 
0.999976 -0.00619663 -0.00301265 0.145665 0.00621837 0.999954 0.00726003 -0.240532 0.00296752 -0.00727859 0.999969 61.1507 
0.99997 -0.00710067 -0.00302538 0.133838 0.00712085 0.999952 0.00671123 -0.202832 0.00297758 -0.00673257 0.999973 62.0545 
0.999975 -0.00647757 -0.00290227 0.121443 0.00649609 0.999958 0.00641872 -0.172469 0.00286057 -0.00643741 0.999975 62.9319 
0.999974 -0.00667735 -0.00283832 0.114488 0.00669637 0.999955 0.00674262 -0.199883 0.00279317 -0.00676145 0.999973 63.8755 
0.999973 -0.00679612 -0.00268849 0.0948637 0.00681307 0.999957 0.00634666 -0.173088 0.00264524 -0.0063648 0.999976 64.6873 
0.999972 -0.00691991 -0.00269659 0.0949514 0.00693729 0.999955 0.00649003 -0.193162 0.00265156 -0.00650856 0.999975 65.7259 
0.999971 -0.00716055 -0.00263717 0.0919602 0.00717985 0.999947 0.0073806 -0.251695 0.00258418 -0.00739932 0.999969 66.7 
0.999973 -0.00685246 -0.00269773 0.0995725 0.0068736 0.999945 0.00790665 -0.280843 0.00264341 -0.00792498 0.999965 67.6054 
0.999972 -0.00692331 -0.00266565 0.0915603 0.00694505 0.999942 0.00823263 -0.290945 0.0026085 -0.00825091 0.999963 68.4508 
0.999966 -0.00776895 -0.00262003 0.0736496 0.00779114 0.999933 0.00856516 -0.303147 0.00255332 -0.00858528 0.99996 69.336 
0.999963 -0.00818072 -0.00248676 0.0583027 0.00820049 0.999934 0.00804792 -0.256753 0.00242075 -0.00806802 0.999965 70.2295 
0.999966 -0.00793585 -0.00219956 0.0377774 0.00795325 0.999936 0.0080177 -0.24054 0.0021358 -0.00803492 0.999965 71.1401 
0.999956 -0.00899605 -0.00246544 0.0666326 0.00901701 0.999922 0.00862565 -0.266934 0.00238765 -0.00864751 0.99996 72.0855 
0.999956 -0.00901428 -0.00259664 0.0733324 0.00903658 0.999921 0.00870663 -0.284975 0.00251795 -0.00872971 0.999959 73.0242 
0.999958 -0.00868804 -0.00283117 0.0859718 0.00871267 0.999923 0.0088061 -0.269836 0.00275444 -0.0088304 0.999957 73.8534 
0.999944 -0.010174 -0.00296192 0.0976513 0.0102006 0.999906 0.0091285 -0.282432 0.00286877 -0.00915821 0.999954 74.829 
0.999942 -0.0104276 -0.00276858 0.0940841 0.0104517 0.999906 0.00884225 -0.265398 0.00267611 -0.00887068 0.999957 75.7747 
0.999944 -0.0101955 -0.002903 0.10293 0.0102188 0.999915 0.00813484 -0.23139 0.00281982 -0.00816404 0.999963 76.6154 
0.999939 -0.0106934 -0.00292909 0.104672 0.010717 0.999909 0.00815842 -0.21795 0.00284158 -0.00818931 0.999962 77.5354 
0.999937 -0.0108077 -0.00306272 0.116527 0.0108324 0.999908 0.00815843 -0.204607 0.00297426 -0.00819109 0.999962 78.4034 
0.99994 -0.0105506 -0.00282517 0.100525 0.010573 0.999912 0.00800706 -0.175025 0.00274044 -0.00803645 0.999964 79.3893 
0.999939 -0.0105813 -0.00304587 0.108947 0.0106072 0.999907 0.008613 -0.204594 0.00295445 -0.00864478 0.999958 80.3637 
0.999935 -0.0110157 -0.00277542 0.0840113 0.0110404 0.999898 0.00904806 -0.223405 0.00267547 -0.00907812 0.999955 81.1422 
0.999929 -0.0115619 -0.00278997 0.0815529 0.011586 0.999894 0.00879202 -0.206733 0.00268802 -0.00882372 0.999957 82.1096 
0.999927 -0.0116835 -0.00295588 0.0931673 0.0117101 0.99989 0.0091454 -0.207848 0.0028487 -0.00917934 0.999954 83.0023 
0.999929 -0.0116067 -0.0027238 0.0705603 0.0116313 0.99989 0.00920201 -0.218233 0.0026167 -0.00923304 0.999954 83.9404 
0.99992 -0.0123405 -0.00276909 0.0648808 0.0123656 0.999881 0.00924065 -0.204798 0.00265473 -0.00927416 0.999953 84.8728 
0.999911 -0.0130399 -0.00289172 0.0658454 0.0130664 0.999871 0.00933631 -0.187997 0.00276961 -0.00937326 0.999952 85.776 
0.99992 -0.0122709 -0.0029782 0.0735843 0.0122978 0.999882 0.00921638 -0.166238 0.00286476 -0.00925227 0.999953 86.5673 
0.999913 -0.0128548 -0.00302954 0.0751551 0.0128825 0.999874 0.0092983 -0.166525 0.00290963 -0.00933652 0.999952 87.3399 
0.999915 -0.0126557 -0.00318877 0.0830675 0.0126848 0.999877 0.00927205 -0.150318 0.00307104 -0.00931171 0.999952 88.2762 
0.999915 -0.0125182 -0.00350882 0.0862437 0.0125521 0.999873 0.00982735 -0.180299 0.00338536 -0.00987056 0.999946 89.2024 
0.999921 -0.0120609 -0.00343561 0.0836103 0.0120963 0.999872 0.0104613 -0.223127 0.003309 -0.010502 0.999939 90.1785 
0.999929 -0.0114698 -0.00318505 0.0615323 0.0115045 0.999872 0.0110982 -0.262214 0.00305735 -0.011134 0.999933 91.0276 
0.999934 -0.0109177 -0.00343657 0.0666529 0.0109551 0.999879 0.011059 -0.243072 0.00331541 -0.011096 0.999933 91.9071 
0.999932 -0.0112443 -0.00312915 0.0531979 0.0112782 0.999875 0.0110448 -0.24691 0.00300456 -0.0110793 0.999934 92.8305 
0.999917 -0.0123882 -0.00350997 0.0746961 0.0124295 0.999851 0.0119956 -0.302677 0.00336084 -0.0120383 0.999922 93.7261 
0.999916 -0.0124353 -0.0036776 0.0860394 0.01248 0.999845 0.0124068 -0.321269 0.00352274 -0.0124517 0.999916 94.6422 
0.999929 -0.011341 -0.00354437 0.0728197 0.0113844 0.999857 0.0124704 -0.319168 0.00340244 -0.0125099 0.999916 95.5094 
0.999924 -0.0117424 -0.00382831 0.10185 0.0117883 0.999856 0.0122101 -0.29262 0.00368438 -0.0122543 0.999918 96.4394 
0.999934 -0.0107339 -0.00405714 0.114696 0.010783 0.999866 0.01228 -0.272173 0.00392478 -0.0123229 0.999916 97.4513 
0.999933 -0.0108872 -0.00402965 0.103716 0.0109387 0.999856 0.0129673 -0.304211 0.00388789 -0.0130105 0.999908 98.5133 
0.999943 -0.010084 -0.00360513 0.0776157 0.0101313 0.999859 0.0133711 -0.313236 0.00346979 -0.0134068 0.999904 99.4222 
0.999941 -0.0102669 -0.00358269 0.0731318 0.0103166 0.999847 0.0141544 -0.350757 0.00343682 -0.0141905 0.999893 100.221 
0.999958 -0.00832125 -0.00388174 0.0966704 0.00837517 0.999866 0.0140893 -0.333287 0.00376397 -0.0141212 0.999893 101.061 
0.999955 -0.00849779 -0.00421092 0.113256 0.00855489 0.999869 0.0137316 -0.285391 0.00409368 -0.013767 0.999897 102.01 
0.99996 -0.00791852 -0.00421459 0.112745 0.00797491 0.999877 0.0135336 -0.256608 0.0041069 -0.0135666 0.9999 102.891 
0.999965 -0.00709118 -0.0045344 0.130414 0.00715329 0.999879 0.0138314 -0.257626 0.00443577 -0.0138633 0.999894 103.761 
0.999963 -0.00742413 -0.00434898 0.111753 0.00748595 0.999869 0.0143765 -0.29681 0.00424167 -0.0144086 0.999887 104.695 
0.999965 -0.00707155 -0.00444013 0.116275 0.00713527 0.999869 0.014503 -0.300411 0.00433699 -0.0145341 0.999885 105.626 
0.999961 -0.00745981 -0.00469042 0.123933 0.00752941 0.999859 0.0149997 -0.298275 0.00457786 -0.0150345 0.999876 106.502 
0.999962 -0.00736475 -0.00460415 0.11115 0.0074349 0.999854 0.0154085 -0.317938 0.00448999 -0.0154421 0.999871 107.395 
0.999965 -0.00690673 -0.00477049 0.122362 0.00697656 0.999866 0.0147787 -0.25735 0.00466778 -0.0148114 0.999879 108.272 
0.999964 -0.00691286 -0.00484881 0.12111 0.00698482 0.999863 0.014985 -0.253142 0.00474455 -0.0150183 0.999876 109.048 
0.999961 -0.00758717 -0.0045749 0.0931992 0.00765602 0.999855 0.0152248 -0.244246 0.00445872 -0.0152593 0.999874 109.986 
0.99997 -0.00635338 -0.00453881 0.0922544 0.00642734 0.999844 0.0164716 -0.307347 0.00443346 -0.0165002 0.999854 110.909 
0.999962 -0.00741875 -0.00463518 0.103718 0.00749499 0.999833 0.0166529 -0.304601 0.00451087 -0.016687 0.999851 111.726 
0.999963 -0.00731695 -0.00461479 0.102531 0.00739404 0.99983 0.0169169 -0.308811 0.00449022 -0.0169504 0.999846 112.675 
0.999966 -0.00717625 -0.00414947 0.0685802 0.0072452 0.999832 0.0168486 -0.285054 0.00402787 -0.0168781 0.999849 113.586 
0.999966 -0.00722273 -0.00406676 0.0500225 0.00729089 0.999829 0.0170037 -0.272808 0.00394325 -0.0170328 0.999847 114.483 
0.999975 -0.00574908 -0.00408176 0.0400544 0.00581713 0.999841 0.0168602 -0.260456 0.00398418 -0.0168835 0.99985 115.431 
0.999971 -0.00642167 -0.00402084 0.0285464 0.00649105 0.999826 0.0174871 -0.296847 0.00390784 -0.0175127 0.999839 116.277 
0.999971 -0.00641736 -0.0041291 0.0338693 0.0064891 0.999824 0.0176026 -0.282491 0.00401541 -0.0176288 0.999837 117.175 
0.99997 -0.0066351 -0.00399914 0.0247182 0.00670307 0.999829 0.0172305 -0.248781 0.00388413 -0.0172568 0.999844 118.01 
0.999968 -0.00705363 -0.00384145 0.0106402 0.00712113 0.999815 0.0178525 -0.265017 0.00371482 -0.0178793 0.999833 118.845 
0.999973 -0.00623588 -0.00390531 0.0174969 0.00630368 0.999825 0.0175969 -0.240027 0.0037949 -0.0176211 0.999838 119.723 
0.999974 -0.00599913 -0.00392102 0.0124387 0.0060689 0.999819 0.0180285 -0.243648 0.00381215 -0.0180518 0.99983 120.656 
0.999979 -0.00518596 -0.00391233 0.00693711 0.00525502 0.999827 0.0178534 -0.210042 0.00381907 -0.0178735 0.999833 121.536 
0.999982 -0.00460168 -0.00377188 -0.00440106 0.00466822 0.99983 0.0178284 -0.190705 0.0036892 -0.0178457 0.999834 122.418 
0.999983 -0.00443782 -0.00371421 -0.00786733 0.00450384 0.999829 0.0179582 -0.195731 0.00363387 -0.0179746 0.999832 123.366 
0.999983 -0.00464133 -0.00355265 -0.0236264 0.00470376 0.999831 0.0177695 -0.157114 0.00346957 -0.0177859 0.999836 124.197 
0.999988 -0.0033918 -0.00355465 -0.0219885 0.00345439 0.999836 0.0177513 -0.136116 0.00349386 -0.0177634 0.999836 125.055 
0.99999 -0.00280907 -0.00352265 -0.0305516 0.00287075 0.99984 0.0176281 -0.0956278 0.00347257 -0.0176381 0.999838 125.982 
0.999993 -0.00179541 -0.00342917 -0.0380853 0.00185434 0.999849 0.0172599 -0.0519803 0.00339767 -0.0172661 0.999845 126.907 
0.999993 -0.0017052 -0.0031951 -0.0603429 0.00175971 0.999852 0.0171351 -0.0331956 0.00316541 -0.0171406 0.999848 127.788 
0.999993 -0.00184061 -0.00315477 -0.0574225 0.00189513 0.999847 0.0173673 -0.0377723 0.00312232 -0.0173731 0.999844 128.717 
0.999992 -0.00220606 -0.00328093 -0.050497 0.00226256 0.999847 0.0173169 -0.0169129 0.00324223 -0.0173242 0.999845 129.549 
0.999988 -0.00371019 -0.00320454 -0.06306 0.00376573 0.99984 0.0175041 -0.0158849 0.00313909 -0.017516 0.999842 130.37 
0.999991 -0.00294842 -0.00292858 -0.0813397 0.00299932 0.999842 0.0175297 -0.00232856 0.00287643 -0.0175384 0.999842 131.233 
0.999984 -0.004492 -0.00352519 -0.0468717 0.00455477 0.999828 0.0180048 -0.0188435 0.00344371 -0.0180205 0.999832 132.188 
0.999981 -0.00492563 -0.00378287 -0.0366444 0.0049925 0.999828 0.0178766 0.0069344 0.00369416 -0.0178952 0.999833 133.001 
0.99998 -0.00493995 -0.00389056 -0.043088 0.00500871 0.999828 0.0178647 0.0110657 0.00380164 -0.0178838 0.999833 133.918 
0.999984 -0.00399589 -0.0039816 -0.0459271 0.00406812 0.999824 0.0183022 -0.00133776 0.00390777 -0.0183181 0.999825 134.794 
0.999986 -0.00383915 -0.0036235 -0.0703403 0.00390513 0.999823 0.0183826 0.0160001 0.00355229 -0.0183965 0.999824 135.759 
0.999983 -0.00457398 -0.00360736 -0.0726818 0.00463979 0.999819 0.0184511 0.0174275 0.00352231 -0.0184675 0.999823 136.595 
0.999978 -0.00543686 -0.0038856 -0.0597962 0.00550676 0.999819 0.0182115 0.0655284 0.00378589 -0.0182325 0.999827 137.61 
0.99998 -0.00509148 -0.00373701 -0.0721291 0.00515792 0.999825 0.01799 0.113506 0.00364476 -0.0180089 0.999831 138.459 
0.99998 -0.00506502 -0.00377483 -0.0811662 0.00513152 0.999828 0.0178222 0.147571 0.00368391 -0.0178412 0.999834 139.355 
0.999981 -0.00495559 -0.00375222 -0.0816597 0.00502328 0.999821 0.0182498 0.108691 0.00366111 -0.0182683 0.999826 140.37 
0.999978 -0.00532773 -0.00384761 -0.082406 0.00539596 0.999824 0.0179482 0.158387 0.00375131 -0.0179685 0.999832 141.289 
0.999979 -0.00503379 -0.00407857 -0.0644983 0.00510876 0.999814 0.0185834 0.1364 0.00398427 -0.0186038 0.999819 142.248 
0.999982 -0.00432801 -0.00422897 -0.049031 0.00440475 0.999823 0.018308 0.155585 0.00414898 -0.0183262 0.999823 143.104 
0.999984 -0.00390161 -0.00415211 -0.0562225 0.003978 0.99982 0.0185515 0.160726 0.00407898 -0.0185677 0.999819 144.052 
0.999989 -0.0026618 -0.00393191 -0.0695738 0.00273162 0.999837 0.0178587 0.223921 0.00388374 -0.0178692 0.999833 144.908 
0.999988 -0.00293255 -0.00387319 -0.0692444 0.00300075 0.999838 0.0177215 0.250318 0.00382059 -0.0177329 0.999835 145.829 
0.999989 -0.00298953 -0.00370021 -0.0883082 0.00305429 0.99984 0.0176213 0.274467 0.00364694 -0.0176324 0.999838 146.662 
0.999991 -0.00236262 -0.00360242 -0.096816 0.0024275 0.999833 0.0181136 0.259435 0.00355903 -0.0181222 0.999829 147.528 
0.999992 -0.00183411 -0.00355884 -0.0976154 0.00189779 0.999837 0.0179721 0.277679 0.00352529 -0.0179788 0.999832 148.326 
0.999992 -0.00212937 -0.00351741 -0.116516 0.00219347 0.99983 0.0183222 0.296952 0.00347779 -0.0183298 0.999826 149.27 
0.999989 -0.00340357 -0.00332277 -0.136461 0.00346416 0.999825 0.0184051 0.316442 0.00325954 -0.0184164 0.999825 150.12 
0.999989 -0.00322216 -0.00329026 -0.136553 0.00328051 0.999835 0.0178863 0.373997 0.00323209 -0.0178969 0.999835 151.007 
0.999992 -0.00231235 -0.00328649 -0.131867 0.0023715 0.999833 0.0181086 0.377441 0.00324407 -0.0181163 0.999831 151.871 
0.99999 -0.00289024 -0.00329206 -0.136145 0.00294916 0.999833 0.0180372 0.395061 0.00323937 -0.0180467 0.999832 152.805 
0.999992 -0.00217327 -0.00332508 -0.151897 0.00223269 0.999836 0.0179737 0.415811 0.00328547 -0.017981 0.999833 153.645 
0.999993 -0.0016154 -0.00334756 -0.154723 0.00167632 0.999832 0.0182735 0.417374 0.00331748 -0.018279 0.999827 154.547 
0.999994 -0.00115174 -0.00330125 -0.162762 0.00121387 0.999821 0.0188817 0.388461 0.00327891 -0.0188856 0.999816 155.455 
0.999995 0.000761891 -0.00313214 -0.172501 -0.00070374 0.999828 0.0185253 0.424853 0.00314571 -0.018523 0.999823 156.43 
0.999993 0.00173077 -0.00324125 -0.165468 -0.00166688 0.999806 0.0196131 0.363594 0.00327456 -0.0196076 0.999802 157.365 
0.999991 0.00228798 -0.00354875 -0.146571 -0.00221912 0.999812 0.0192867 0.415005 0.00359221 -0.0192786 0.999808 158.296 
0.999992 0.00210206 -0.00335518 -0.177337 -0.00203463 0.999798 0.0199755 0.384975 0.0033965 -0.0199685 0.999795 159.31 
0.999992 0.00205472 -0.00342146 -0.178644 -0.00198757 0.999808 0.0195162 0.431441 0.00346091 -0.0195092 0.999804 160.151 
0.999989 0.00339083 -0.00315523 -0.206767 -0.00332873 0.999805 0.019482 0.452736 0.00322067 -0.0194713 0.999805 161.158 
0.999989 0.00335013 -0.00320929 -0.207217 -0.00328644 0.999802 0.0196478 0.466115 0.00327447 -0.0196371 0.999802 162.007 
0.999987 0.00432864 -0.00283977 -0.239362 -0.00427039 0.999787 0.0202083 0.44485 0.00292664 -0.0201959 0.999792 163.076 
0.999984 0.00463254 -0.00321412 -0.218555 -0.00456663 0.999785 0.0202207 0.477664 0.00330711 -0.0202057 0.99979 164.083 
0.999983 0.00503485 -0.00277809 -0.253153 -0.00497819 0.999787 0.0200387 0.511644 0.00287839 -0.0200245 0.999795 164.968 
0.999985 0.00473806 -0.0026838 -0.25869 -0.00468158 0.999775 0.0206726 0.49485 0.00278114 -0.0206597 0.999783 165.836 
0.999982 0.0054843 -0.00256898 -0.258833 -0.00542869 0.999761 0.0211742 0.490846 0.00268449 -0.0211599 0.999773 166.618 
0.999981 0.00552343 -0.00270205 -0.24124 -0.00546523 0.999763 0.0210921 0.525232 0.00281791 -0.021077 0.999774 167.569 
0.999979 0.00579851 -0.00284205 -0.227126 -0.00573839 0.999769 0.0207254 0.586644 0.00296157 -0.0207087 0.999781 168.503 
