1 0 0 0 0 1 0 0 0 0 1 0 
0.999999 -0.000686322 0.00101625 0.00165498 0.000685834 1 0.00048115 -0.0118272 -0.00101658 -0.000480452 0.999999 0.437129 
0.999996 0.00142584 0.0022401 -0.00640099 -0.00142232 0.999998 -0.00157496 -0.0197727 -0.00224234 0.00157176 0.999996 0.870721 
0.999995 0.00267644 0.00139999 -0.00555614 -0.00267212 0.999992 -0.00307503 -0.0292657 -0.00140821 0.00307128 0.999994 1.30348 
0.999998 0.00173969 -0.00123515 -0.000550437 -0.00174464 0.99999 -0.00401281 -0.032932 0.00122815 0.00401496 0.999991 1.73247 
0.999989 -0.00172399 -0.00446539 -0.000917149 0.00170457 0.999989 -0.00434891 -0.0425093 0.00447284 0.00434125 0.999981 2.16096 
0.999947 -0.00556885 -0.00870945 -0.00170679 0.0055435 0.99998 -0.00293209 -0.051243 0.0087256 0.00288365 0.999958 2.5856 
0.999885 -0.00713415 -0.0133639 -0.00721275 0.00710507 0.999972 -0.00222181 -0.0563805 0.0133793 0.00212661 0.999908 3.01175 
0.999847 -0.00538846 -0.0166148 -0.0273643 0.00536 0.999984 -0.00175689 -0.0643029 0.016624 0.00166757 0.99986 3.42844 
0.999776 -0.00466493 -0.0206459 -0.0434976 0.00463292 0.999988 -0.0015983 -0.0720639 0.0206531 0.00150229 0.999786 3.84154 
0.999669 -0.00468509 -0.025302 -0.0555157 0.00463884 0.999987 -0.00188642 -0.0817126 0.0253105 0.00176842 0.999678 4.24864 
0.99956 -0.0042578 -0.029348 -0.0708235 0.00421782 0.99999 -0.00142409 -0.0884565 0.0293538 0.00129968 0.999568 4.64999 
0.999412 -0.00546854 -0.0338595 -0.0845719 0.00542403 0.999984 -0.00140639 -0.0957893 0.0338667 0.0012219 0.999426 5.04638 
0.999248 -0.00552377 -0.0383912 -0.106425 0.00541085 0.999981 -0.00304462 -0.0976155 0.0384073 0.0028346 0.999258 5.43159 
0.999057 -0.00668544 -0.0429081 -0.125262 0.00654395 0.999973 -0.00343715 -0.103594 0.0429299 0.00315312 0.999073 5.81543 
0.998897 -0.00639793 -0.0465135 -0.148341 0.00628786 0.999977 -0.00251227 -0.114914 0.0465285 0.00221703 0.998915 6.18523 
0.998735 -0.00519918 -0.050012 -0.172372 0.00512337 0.999986 -0.00164383 -0.122863 0.0500198 0.00138552 0.998747 6.54405 
0.998563 -0.0045615 -0.053397 -0.194425 0.00450414 0.999989 -0.00119454 -0.128543 0.0534019 0.000952312 0.998573 6.89037 
0.998449 -0.00433274 -0.055501 -0.219417 0.00425997 0.99999 -0.0014294 -0.133987 0.0555066 0.00119075 0.998458 7.22315 
0.998345 -0.00335585 -0.0574194 -0.242314 0.0032618 0.999993 -0.00173164 -0.140376 0.0574248 0.00154148 0.998349 7.54271 
0.998259 -0.00234627 -0.0589352 -0.264499 0.00219624 0.999994 -0.00261034 -0.14485 0.058941 0.00247636 0.998258 7.84999 
0.998168 -0.00225446 -0.0604559 -0.28493 0.00206294 0.999993 -0.00323018 -0.152422 0.0604627 0.00309955 0.998166 8.14434 
0.99807 -0.0021123 -0.0620694 -0.306543 0.0018387 0.999988 -0.00446477 -0.154559 0.0620781 0.00434202 0.998062 8.42298 
0.99797 -0.00198155 -0.0636513 -0.32834 0.00160767 0.999981 -0.00592466 -0.162494 0.0636619 0.0058103 0.997955 8.69686 
0.997928 -0.00118318 -0.0643339 -0.350674 0.000706809 0.999972 -0.00742688 -0.168214 0.0643409 0.00736601 0.997901 8.96257 
0.997887 -0.00106731 -0.0649701 -0.369011 0.000515168 0.999964 -0.00851462 -0.17329 0.0649768 0.00846315 0.997851 9.22218 
0.997844 -0.0021821 -0.0655919 -0.38525 0.00156571 0.999954 -0.00944727 -0.180495 0.0656095 0.00932421 0.997802 9.47738 
0.997758 -0.00411278 -0.0668058 -0.397822 0.00341344 0.999938 -0.010579 -0.188732 0.0668451 0.0103273 0.99771 9.72587 
0.997706 -0.00369897 -0.0675988 -0.417585 0.0028884 0.999923 -0.0120847 -0.196915 0.0676383 0.0118617 0.997639 9.97578 
0.99765 -0.00214392 -0.0684862 -0.440053 0.00128132 0.999919 -0.0126367 -0.202147 0.0685077 0.0125193 0.997572 10.2242 
0.997589 0.000238941 -0.0693929 -0.462983 -0.0009991 0.99994 -0.0109199 -0.204586 0.0693861 0.0109629 0.99753 10.4721 
0.997568 -3.02493e-05 -0.0697056 -0.483999 -0.000487754 0.999972 -0.00741427 -0.208918 0.0697039 0.00743024 0.99754 10.7207 
0.997577 -0.00102086 -0.0695567 -0.505002 0.000625085 0.999983 -0.0057115 -0.21292 0.0695614 0.00565419 0.997562 10.9671 
0.997596 -0.00186831 -0.0692692 -0.523675 0.00136001 0.999972 -0.00738438 -0.222038 0.0692811 0.00727243 0.997571 11.2032 
0.997591 -0.00198993 -0.0693384 -0.54125 0.00128677 0.999947 -0.0101841 -0.231128 0.069355 0.0100704 0.997541 11.4402 
0.99761 -0.0012189 -0.0690858 -0.560351 0.000421079 0.999933 -0.0115616 -0.23787 0.0690952 0.0115049 0.997544 11.6749 
0.997617 3.65284e-05 -0.0689997 -0.5798 -0.000872723 0.999927 -0.0120887 -0.244294 0.0689942 0.0121201 0.997543 11.9041 
0.997627 -0.00025585 -0.0688465 -0.593576 -0.000610434 0.999921 -0.0125615 -0.249532 0.0688442 0.0125737 0.997548 12.1366 
0.997636 -0.00285502 -0.0686607 -0.606018 0.00202555 0.999924 -0.0121473 -0.257721 0.0686901 0.0119795 0.997566 12.3737 
0.997692 -0.00420174 -0.0677752 -0.62439 0.00345897 0.999933 -0.0110729 -0.263251 0.0678171 0.0108129 0.997639 12.6132 
0.997771 -0.00245451 -0.0666851 -0.645053 0.0015323 0.999903 -0.013877 -0.271426 0.0667127 0.0137438 0.997678 12.8562 
0.997834 6.26202e-05 -0.0657846 -0.668881 -0.00150908 0.999758 -0.0219384 -0.272655 0.0657673 0.0219901 0.997593 13.1103 
0.997889 -0.000690738 -0.064938 -0.686224 -0.00121767 0.999569 -0.029344 -0.275709 0.0649303 0.0293611 0.997458 13.3837 
0.997971 -0.00389274 -0.0635433 -0.702678 0.00185098 0.999481 -0.0321591 -0.282055 0.0636355 0.0319762 0.997461 13.6755 
0.998062 -0.00614804 -0.0619287 -0.720373 0.00437184 0.999576 -0.0287761 -0.294534 0.0620794 0.0284496 0.997666 13.9891 
0.998162 -0.0065671 -0.0602442 -0.737986 0.00501145 0.999651 -0.0259373 -0.310743 0.0603935 0.0255877 0.997847 14.3145 
0.998296 -0.00480624 -0.0581565 -0.75811 0.00340884 0.999704 -0.0241037 -0.319979 0.0582551 0.0238644 0.998016 14.6626 
0.998362 -0.00462282 -0.0570268 -0.772922 0.0033108 0.999728 -0.0230801 -0.331019 0.057118 0.0228535 0.998106 15.0145 
0.998446 -0.00634128 -0.0553705 -0.788914 0.00496895 0.999678 -0.0248872 -0.339407 0.0555104 0.0245734 0.998156 15.3803 
0.998548 -0.00805313 -0.0532702 -0.806933 0.00667633 0.99964 -0.0259731 -0.34931 0.0534603 0.0255797 0.998242 15.7546 
0.998632 -0.00796643 -0.0516792 -0.823413 0.00662936 0.99964 -0.0259926 -0.360878 0.0518676 0.0256144 0.998325 16.1481 
0.998671 -0.00886359 -0.0507712 -0.835266 0.00763553 0.999675 -0.0243313 -0.381046 0.0509704 0.0239113 0.998414 16.5575 
0.998743 -0.00816123 -0.049457 -0.852966 0.00708007 0.999733 -0.0219966 -0.393951 0.0496233 0.0216188 0.998534 16.971 
0.998768 -0.00883891 -0.0488282 -0.874619 0.00783569 0.999755 -0.0206993 -0.404331 0.0489992 0.0202912 0.998593 17.3816 
0.998769 -0.00787107 -0.048966 -0.89577 0.00687711 0.999768 -0.0204344 -0.414858 0.0491155 0.0200725 0.998591 17.8076 
0.998727 -0.00704516 -0.049957 -0.919608 0.0060529 0.999782 -0.0199858 -0.425196 0.0500869 0.019658 0.998551 18.2411 
0.998664 -0.00706311 -0.0511808 -0.947043 0.00612492 0.999811 -0.0184645 -0.438418 0.0513016 0.0181264 0.998519 18.6851 
0.998623 -0.00699389 -0.0519876 -0.976269 0.00611892 0.999837 -0.0169706 -0.452166 0.0520979 0.0166292 0.998504 19.1406 
0.998566 -0.00593974 -0.0532005 -1.00271 0.00508 0.999855 -0.016281 -0.469677 0.0532894 0.0159874 0.998451 19.6038 
0.998533 -0.00299186 -0.0540729 -1.03936 0.00204929 0.999845 -0.0174786 -0.482583 0.0541168 0.0173421 0.998384 20.0678 
0.998514 -0.000280644 -0.0544945 -1.07423 -0.000658169 0.999852 -0.017209 -0.494887 0.0544913 0.0172193 0.998366 20.5432 
0.998463 0.000564054 -0.0554267 -1.1015 -0.00133934 0.999902 -0.0139514 -0.504999 0.0554133 0.0140042 0.998365 21.0236 
0.998418 -0.00109941 -0.0562162 -1.12543 0.000581557 0.999957 -0.00922731 -0.515175 0.0562239 0.00918002 0.998376 21.5128 
0.998355 -0.00154479 -0.057318 -1.15166 0.00124981 0.999986 -0.00518189 -0.523734 0.0573252 0.00510173 0.998343 21.9964 
0.998331 0.000187181 -0.0577427 -1.18506 -0.000376307 0.999995 -0.00326446 -0.53781 0.0577418 0.00328074 0.998326 22.4813 
0.998294 0.00445969 -0.0582119 -1.22547 -0.00458132 0.999988 -0.00195619 -0.551214 0.0582024 0.00221954 0.998302 22.971 
0.998249 0.00588414 -0.0588622 -1.26253 -0.00603156 0.999979 -0.00232724 -0.563211 0.0588472 0.00267819 0.998263 23.4624 
0.998192 0.00488734 -0.0599075 -1.29441 -0.00512215 0.99998 -0.00376664 -0.569992 0.0598879 0.00406668 0.998197 23.9547 
0.998148 0.00121137 -0.0608163 -1.32257 -0.0015832 0.99998 -0.00606608 -0.576572 0.0608078 0.00615114 0.998131 24.4494 
0.998107 -0.00011974 -0.0615011 -1.35251 -0.000272783 0.99998 -0.00637394 -0.588371 0.0615006 0.00637865 0.998087 24.9525 
0.998118 0.00217673 -0.0612902 -1.38922 -0.00252745 0.999981 -0.00564542 -0.600934 0.0612768 0.0057897 0.998104 25.4591 
0.998165 0.00346162 -0.0604579 -1.4268 -0.00376145 0.999981 -0.00484632 -0.61275 0.06044 0.00506484 0.998159 25.9662 
0.998208 0.00435693 -0.0596784 -1.46202 -0.00465458 0.999977 -0.00484943 -0.621164 0.0596559 0.00511851 0.998206 26.479 
0.998288 0.00323899 -0.0583993 -1.49483 -0.00353193 0.999982 -0.00491362 -0.628425 0.0583823 0.00511147 0.998281 27.007 
0.998363 0.00158939 -0.0571672 -1.52831 -0.00188395 0.999985 -0.00509898 -0.640496 0.0571582 0.00519833 0.998352 27.525 
0.998424 0.000993048 -0.0561132 -1.55747 -0.00128812 0.999986 -0.00522252 -0.646925 0.0561072 0.00528656 0.998411 28.0478 
0.998473 0.000280523 -0.0552372 -1.58462 -0.000594083 0.999984 -0.00566027 -0.653549 0.0552347 0.00568444 0.998457 28.5786 
0.998533 -0.000797066 -0.0541453 -1.61132 0.000494088 0.999984 -0.00560881 -0.665112 0.0541489 0.00557382 0.998517 29.1144 
0.998594 -0.000413918 -0.0530143 -1.6443 0.000106111 0.999983 -0.0058088 -0.672617 0.0530158 0.005795 0.998577 29.6484 
0.998635 -0.000568776 -0.0522283 -1.67369 0.000244665 0.999981 -0.00621185 -0.681626 0.0522308 0.00619059 0.998616 30.186 
0.998663 -0.000567674 -0.0516901 -1.69862 0.000221148 0.999977 -0.0067094 -0.688416 0.0516927 0.006689 0.998641 30.7333 
0.998686 -0.00149969 -0.0512247 -1.72621 0.00115791 0.999977 -0.00670108 -0.699199 0.0512336 0.00663296 0.998665 31.2778 
0.998707 -0.00187956 -0.0508018 -1.75554 0.00153189 0.999975 -0.00688172 -0.711559 0.0508134 0.006795 0.998685 31.8255 
0.998746 -0.0019201 -0.0500354 -1.78883 0.00156893 0.999974 -0.00705685 -0.726024 0.0500476 0.0069695 0.998723 32.3846 
0.998737 -0.00239021 -0.05018 -1.81653 0.00199476 0.999967 -0.0079291 -0.736578 0.0501973 0.00781899 0.998709 32.9441 
0.998736 -0.00252364 -0.0501962 -1.84593 0.00210503 0.999963 -0.00839061 -0.747617 0.0502155 0.00827435 0.998704 33.516 
0.998746 -0.00297066 -0.0499734 -1.87701 0.00249594 0.999951 -0.00955904 -0.755953 0.0499994 0.00942233 0.998705 34.0945 
0.998748 -0.0032436 -0.0499114 -1.91071 0.00276552 0.99995 -0.00964463 -0.773187 0.0499402 0.00949453 0.998707 34.6699 
0.998741 -0.00351191 -0.0500319 -1.9442 0.00303631 0.99995 -0.0095787 -0.787816 0.050063 0.00941474 0.998702 35.2511 
0.998757 -0.0030695 -0.0497558 -1.98419 0.00260435 0.999952 -0.00941089 -0.803055 0.0497823 0.00926961 0.998717 35.8405 
0.998739 -0.00284943 -0.0501168 -2.01549 0.00238063 0.999953 -0.00941148 -0.817218 0.0501413 0.00928031 0.998699 36.4374 
0.998742 -0.00305646 -0.05005 -2.05302 0.00260732 0.999956 -0.0090367 -0.829187 0.0500754 0.00889483 0.998706 37.0354 
0.998725 -0.00308208 -0.0503945 -2.08687 0.00267874 0.999964 -0.00806918 -0.840797 0.0504176 0.00792389 0.998697 37.6366 
0.998713 -0.00262171 -0.0506487 -2.1243 0.00224573 0.99997 -0.0074788 -0.850737 0.0506668 0.00735543 0.998689 38.2323 
0.998693 -0.002315 -0.0510543 -2.1602 0.00195313 0.999973 -0.00713674 -0.864556 0.0510695 0.0070277 0.99867 38.8397 
0.998621 -0.00272209 -0.0524193 -2.19109 0.00238881 0.999977 -0.00641942 -0.877526 0.0524355 0.00628535 0.998605 39.4514 
0.998545 -0.00334199 -0.0538282 -2.22363 0.00300141 0.999975 -0.00640678 -0.886757 0.0538483 0.0062359 0.99853 40.0563 
0.998472 -0.00390447 -0.0551275 -2.25814 0.00353006 0.99997 -0.00688756 -0.90052 0.0551528 0.00668243 0.998456 40.6615 
0.998393 -0.00487892 -0.0564548 -2.28987 0.00450643 0.999967 -0.00672355 -0.918845 0.0564857 0.00645833 0.998383 41.2745 
0.99833 -0.00399858 -0.057634 -2.32916 0.00360128 0.999969 -0.00699573 -0.932678 0.0576602 0.00677649 0.998313 41.8865 
0.998258 -0.00373603 -0.0588846 -2.36487 0.00326952 0.999963 -0.00801685 -0.941646 0.0589124 0.00781036 0.998233 42.5016 
0.998177 -0.00340639 -0.0602614 -2.4003 0.00294195 0.999965 -0.00779416 -0.957013 0.0602858 0.00760266 0.998152 43.1122 
0.99812 -0.0047161 -0.0611102 -2.44135 0.00426631 0.999963 -0.0074887 -0.966218 0.0611433 0.00721391 0.998103 43.7328 
0.998041 -0.00480277 -0.0623753 -2.48045 0.00437144 0.999966 -0.00704983 -0.979144 0.062407 0.00676335 0.998028 44.3352 
0.997955 -0.00390684 -0.063794 -2.51706 0.00347206 0.99997 -0.0069248 -0.995914 0.0638191 0.00668915 0.997939 44.9525 
0.997845 -0.00319182 -0.0655376 -2.55202 0.00264196 0.999961 -0.00847498 -1.01154 0.065562 0.00828357 0.997814 45.5699 
0.997772 -0.0038712 -0.066606 -2.59642 0.0031384 0.999933 -0.0111031 -1.03231 0.0666445 0.0108693 0.997718 46.1811 
0.997662 -0.0075455 -0.067924 -2.63423 0.00660676 0.99988 -0.0140346 -1.05029 0.0680217 0.013553 0.997592 46.7986 
0.997592 -0.0094963 -0.0687083 -2.67744 0.00842535 0.999839 -0.0158599 -1.06537 0.0688478 0.0152428 0.997511 47.4107 
0.997483 -0.0091415 -0.070309 -2.71362 0.0079473 0.99982 -0.0172461 -1.08072 0.070454 0.0166439 0.997376 48.0297 
0.997419 -0.00606512 -0.0715489 -2.76169 0.00494706 0.999863 -0.0157934 -1.09441 0.0716349 0.0153987 0.997312 48.6456 
0.997328 -0.00570143 -0.072835 -2.80551 0.00491554 0.999928 -0.0109646 -1.10821 0.0728923 0.0105773 0.997284 49.264 
0.997252 -0.00654618 -0.0737928 -2.85018 0.00618977 0.999968 -0.00505741 -1.11692 0.0738236 0.00458676 0.997261 49.8838 
0.997224 -0.00698248 -0.0741261 -2.89657 0.0071855 0.999971 0.00247242 -1.12794 0.0741067 -0.00299819 0.997246 50.5031 
0.997306 -0.00471321 -0.0732061 -2.95534 0.00538393 0.999945 0.00896748 -1.13652 0.0731598 -0.00933745 0.997277 51.1177 
0.997373 -0.00460086 -0.0722884 -3.00131 0.00549767 0.99991 0.0122119 -1.14529 0.0722257 -0.0125772 0.997309 51.7401 
0.997481 -0.00342447 -0.0708523 -3.04893 0.00429469 0.999917 0.0121334 -1.15102 0.0708049 -0.0124072 0.997413 52.3481 
0.997634 -0.00252089 -0.0686994 -3.09587 0.00313114 0.999957 0.00877656 -1.15276 0.0686743 -0.0089709 0.997599 52.954 
0.997766 -0.00211983 -0.0667701 -3.14185 0.00245588 0.999985 0.00495139 -1.15631 0.0667585 -0.00510431 0.997756 53.5639 
0.997834 -0.00374531 -0.0656715 -3.18143 0.00384761 0.999992 0.0014314 -1.15888 0.0656656 -0.00168098 0.99784 54.1762 
0.997887 -0.00624165 -0.0646695 -3.21598 0.00614728 0.99998 -0.00165804 -1.1615 0.0646785 0.001257 0.997905 54.7852 
0.997991 -0.00646842 -0.0630202 -3.25838 0.00630192 0.999976 -0.00284049 -1.17004 0.0630371 0.00243763 0.998008 55.3944 
0.998088 -0.00316183 -0.0617249 -3.30942 0.00300015 0.999992 -0.00271187 -1.17565 0.0617329 0.0025215 0.99809 56.0036 
0.998117 -0.00162568 -0.0613233 -3.34872 0.00145613 0.999995 -0.00280943 -1.18617 0.0613276 0.00271484 0.998114 56.6132 
0.99813 -0.00093496 -0.0611148 -3.38795 0.000758527 0.999995 -0.00291005 -1.20213 0.0611173 0.00285825 0.998126 57.2221 
0.998124 -0.000956167 -0.061212 -3.43169 0.00079981 0.999996 -0.0025788 -1.21071 0.0612142 0.00252501 0.998121 57.8309 
0.998092 -0.000285835 -0.0617497 -3.47435 7.35925e-05 0.999994 -0.00343939 -1.21927 0.0617503 0.00342828 0.998086 58.4391 
0.998052 0.000868372 -0.0623771 -3.51349 -0.00114967 0.999989 -0.00447391 -1.22959 0.0623726 0.00453691 0.998043 59.0493 
0.998007 0.00256215 -0.0630552 -3.55504 -0.0028359 0.999987 -0.00425238 -1.23811 0.0630435 0.00442273 0.998001 59.6556 
0.997996 0.00366399 -0.063178 -3.60191 -0.00393551 0.999984 -0.00417372 -1.24837 0.0631617 0.00441399 0.997994 60.2613 
0.997985 0.00376243 -0.0633427 -3.64422 -0.00398206 0.999986 -0.00334135 -1.25976 0.0633293 0.00358685 0.997986 60.8645 
0.997941 0.00430789 -0.0639979 -3.68492 -0.00449478 0.999986 -0.00277667 -1.27421 0.063985 0.00305861 0.997946 61.4634 
0.997907 0.00405138 -0.0645334 -3.7225 -0.00423682 0.999987 -0.00273682 -1.28292 0.0645215 0.00300451 0.997912 62.0582 
0.99786 0.00454136 -0.0652212 -3.76002 -0.00472206 0.999985 -0.00261662 -1.29273 0.0652084 0.002919 0.997867 62.661 
0.997831 0.00474593 -0.0656602 -3.80331 -0.00489108 0.999986 -0.00205002 -1.30555 0.0656495 0.00236673 0.99784 63.2527 
0.997808 0.00521863 -0.0659727 -3.84947 -0.00536903 0.999983 -0.00210261 -1.31889 0.0659607 0.00245221 0.997819 63.8429 
0.99777 0.00532818 -0.0665306 -3.89153 -0.00548033 0.999983 -0.00210466 -1.3315 0.0665182 0.00246458 0.997782 64.4282 
0.997699 0.00563662 -0.0675609 -3.93498 -0.00577359 0.999982 -0.0018323 -1.33998 0.0675493 0.00221815 0.997713 65.0125 
0.997592 0.00609629 -0.0690823 -3.97739 -0.00622205 0.999979 -0.0016054 -1.34934 0.0690711 0.00203137 0.99761 65.5975 
0.997511 0.00622314 -0.0702399 -4.02442 -0.00636023 0.999978 -0.00172836 -1.35184 0.0702277 0.0021708 0.997529 66.1789 
0.997359 0.00736221 -0.0722523 -4.06916 -0.00744027 0.999972 -0.000811306 -1.36258 0.0722443 0.00134674 0.997386 66.7608 
0.9972 0.00799072 -0.0743573 -4.11506 -0.0080502 0.999967 -0.000500283 -1.36879 0.0743509 0.00109747 0.997232 67.3332 
0.997009 0.00814458 -0.0768582 -4.16193 -0.00819075 0.999966 -0.000285521 -1.3775 0.0768533 0.000914193 0.997042 67.9059 
0.996775 0.00872593 -0.07977 -4.20763 -0.00873114 0.999962 0.000283407 -1.38658 0.0797694 0.00041399 0.996813 68.4798 
0.996528 0.0102248 -0.0826255 -4.26117 -0.0102466 0.999947 0.00015975 -1.39754 0.0826228 0.000687439 0.996581 69.0495 
0.996288 0.0104588 -0.0854507 -4.32213 -0.010545 0.999944 -0.00055744 -1.40529 0.0854401 0.00145645 0.996342 69.6144 
0.99597 0.0105599 -0.0890654 -4.38082 -0.0107337 0.999941 -0.00147281 -1.41518 0.0890446 0.00242288 0.996025 70.1813 
0.995683 0.00968624 -0.092307 -4.43684 -0.00992242 0.999949 -0.0021 -1.42478 0.0922819 0.00300684 0.995728 70.7441 
0.995361 0.00953789 -0.0957393 -4.49658 -0.00993623 0.999944 -0.00368479 -1.43429 0.0956988 0.00461898 0.9954 71.2972 
0.994996 0.00942915 -0.0994643 -4.55339 -0.00998899 0.999937 -0.00513206 -1.43898 0.0994096 0.00609993 0.995028 71.8427 
0.99465 0.00952305 -0.102862 -4.61847 -0.0101411 0.999934 -0.00548672 -1.44986 0.102803 0.0065005 0.994681 72.3871 
0.994322 0.00927001 -0.10601 -4.67836 -0.00996047 0.999932 -0.00598549 -1.46076 0.105947 0.00700741 0.994347 72.927 
0.994068 0.00867218 -0.108411 -4.73807 -0.00933983 0.99994 -0.00565227 -1.47265 0.108356 0.00663128 0.99409 73.4607 
0.993973 0.00945702 -0.109217 -4.79961 -0.0100269 0.999939 -0.00466958 -1.4885 0.109166 0.00573654 0.994007 73.9773 
0.994088 0.01071 -0.10805 -4.86101 -0.0112278 0.999928 -0.00418498 -1.49596 0.107998 0.0053734 0.994137 74.4779 
0.994353 0.0128235 -0.105347 -4.91432 -0.0132768 0.999905 -0.00360243 -1.50864 0.10529 0.00498075 0.994429 74.9578 
0.994871 0.0140819 -0.100164 -4.96162 -0.0144653 0.999891 -0.00310268 -1.5201 0.100109 0.00453566 0.994966 75.4255 
0.995665 0.0155181 -0.0917064 -5.00062 -0.0158796 0.999869 -0.00321376 -1.52929 0.0916445 0.00465609 0.995781 75.8738 
0.996799 0.018549 -0.077765 -5.03308 -0.0188708 0.999816 -0.00340436 -1.53565 0.0776876 0.00486095 0.996966 76.3152 
0.998087 0.021602 -0.0579338 -5.05217 -0.0218028 0.999758 -0.00283706 -1.54322 0.0578585 0.00409476 0.998316 76.7499 
0.999197 0.0229991 -0.0328219 -5.04948 -0.0231037 0.999729 -0.00281081 -1.55091 0.0327484 0.00356685 0.999457 77.1741 
0.999737 0.0228216 -0.00204495 -5.0326 -0.022828 0.999734 -0.00316903 -1.55959 0.00197208 0.00321488 0.999993 77.5847 
0.999178 0.0212939 0.0344823 -4.99569 -0.0211696 0.999768 -0.0039664 -1.56991 -0.0345587 0.00323316 0.999397 77.9932 
0.996928 0.0192753 0.0759152 -4.93568 -0.0189839 0.999809 -0.00455724 -1.58104 -0.0759886 0.00310207 0.997104 78.3927 
0.992382 0.0168892 0.122034 -4.85437 -0.0163653 0.999852 -0.00529383 -1.59481 -0.122106 0.00325637 0.992512 78.7828 
0.98504 0.014214 0.171741 -4.74938 -0.0133222 0.999891 -0.0063444 -1.60166 -0.171812 0.00396151 0.985122 79.1596 
0.974432 0.00990231 0.224463 -4.62553 -0.00863568 0.999941 -0.00662401 -1.61497 -0.224515 0.00451626 0.97446 79.5251 
0.960172 0.00616052 0.27934 -4.47368 -0.00450419 0.999968 -0.00657093 -1.62753 -0.279372 0.00505103 0.96017 79.8734 
0.941622 0.00148765 0.33667 -4.30839 0.000105714 0.999989 -0.00471435 -1.63691 -0.336673 0.00447473 0.941611 80.2062 
0.919173 -0.00175777 0.39385 -4.11985 0.00314504 0.999991 -0.00287694 -1.64508 -0.393841 0.00388308 0.91917 80.5239 
0.892581 -0.00786379 0.450818 -3.90577 0.00898742 0.99996 -0.000351631 -1.65277 -0.450797 0.00436555 0.892616 80.829 
0.862777 -0.0113105 0.505458 -3.67727 0.0123941 0.999922 0.00121923 -1.65491 -0.505432 0.00521278 0.86285 81.1237 
0.828865 -0.0108068 0.559344 -3.43783 0.0127095 0.999919 0.000485301 -1.65841 -0.559304 0.00670673 0.828936 81.3967 
0.790594 -0.00783421 0.61229 -3.18112 0.0099147 0.999951 -7.64197e-06 -1.66016 -0.61226 0.00607671 0.790633 81.6648 
0.748291 -0.00461362 0.663354 -2.90008 0.00513386 0.999986 0.00116368 -1.66214 -0.663351 0.0025348 0.748305 81.9262 
0.701689 -0.00400503 0.712472 -2.60067 0.00259898 0.999992 0.00306163 -1.66521 -0.712479 -0.000296612 0.701693 82.1678 
0.650932 -0.00573967 0.759115 -2.28415 0.00375595 0.999984 0.0043402 -1.66933 -0.759127 2.60216e-05 0.650942 82.384 
0.597088 -0.00731675 0.802143 -1.94604 0.0044195 0.999973 0.00583154 -1.67725 -0.802164 6.31332e-05 0.597104 82.5762 
0.539207 -0.00530486 0.842157 -1.59712 8.36858e-05 0.99998 0.00624543 -1.67977 -0.842174 -0.0032971 0.539197 82.755 
0.480147 -0.00474505 0.877175 -1.2352 -0.00128734 0.99998 0.00611402 -1.68469 -0.877187 -0.00406485 0.480131 82.9113 
0.423921 -0.00525848 0.905684 -0.868623 -0.00014259 0.999983 0.00587273 -1.68635 -0.905699 -0.00261872 0.423913 83.0334 
0.371374 -0.00624985 0.928462 -0.480822 0.00430258 0.999978 0.00501027 -1.68789 -0.928473 0.0021341 0.371393 83.1394 
0.322728 -0.00652818 0.946469 -0.0901551 0.00782969 0.99996 0.00422736 -1.68891 -0.94646 0.00604627 0.322766 83.2306 
0.278774 -0.00616079 0.960337 0.313021 0.00940917 0.999949 0.00368354 -1.68951 -0.960311 0.0080091 0.278817 83.3143 
0.238617 -0.00552951 0.971098 0.716581 0.00928604 0.999951 0.00341205 -1.68855 -0.971069 0.00820349 0.238656 83.3922 
0.202766 -0.00521535 0.979213 1.13662 0.0101011 0.999944 0.00323411 -1.69201 -0.979175 0.00923541 0.202808 83.4508 
0.171333 -0.00438755 0.985203 1.56071 0.0119722 0.999926 0.00237107 -1.69132 -0.98514 0.0113888 0.171373 83.4994 
0.143619 -0.00327542 0.989628 1.99477 0.0133935 0.999909 0.00136572 -1.69002 -0.989542 0.0130585 0.14365 83.5426 
0.119031 -0.0020703 0.992888 2.43905 0.0136926 0.999906 0.000443402 -1.68915 -0.992796 0.0135425 0.119049 83.58 
0.097222 -0.00151955 0.995262 2.88284 0.0143224 0.999897 0.00012754 -1.68969 -0.99516 0.0142422 0.0972338 83.6146 
0.078623 -0.000475119 0.996904 3.34397 0.0167859 0.999859 -0.000847332 -1.69079 -0.996763 0.0168006 0.0786199 83.6338 
0.0627267 0.00100282 0.99803 3.81788 0.0190706 0.999816 -0.00220321 -1.69668 -0.997849 0.0191712 0.0626961 83.6504 
0.0494164 0.00229663 0.998776 4.30204 0.0204332 0.999786 -0.00330993 -1.70282 -0.998569 0.0205717 0.0493588 83.6659 
0.0397855 0.00333234 0.999203 4.80224 0.0213572 0.999763 -0.00418459 -1.70201 -0.99898 0.0215067 0.0397049 83.6771 
0.033251 0.00332358 0.999442 5.31574 0.0217571 0.999755 -0.00404847 -1.70709 -0.99921 0.0218795 0.0331705 83.6925 
0.0290349 0.00331544 0.999573 5.84356 0.0226047 0.999737 -0.00397259 -1.71408 -0.999323 0.0227104 0.0289523 83.7064 
0.0265475 0.00342754 0.999642 6.38544 0.0225414 0.999738 -0.0040265 -1.71921 -0.999393 0.0226402 0.0264632 83.7181 
0.0258395 0.00203647 0.999664 6.947 0.0219674 0.999755 -0.00260448 -1.72924 -0.999425 0.0220273 0.0257885 83.7326 
0.0272721 0.00127416 0.999627 7.51594 0.0214687 0.999768 -0.00186005 -1.7364 -0.999397 0.0215114 0.0272384 83.7547 
0.0301394 0.000326921 0.999546 8.10014 0.0211873 0.999775 -0.00096586 -1.74729 -0.999321 0.0212068 0.0301257 83.7726 
0.0330358 -0.000359103 0.999454 8.6956 0.0211001 0.999777 -0.000338219 -1.74926 -0.999231 0.0210997 0.033036 83.7942 
0.0365893 -0.000591663 0.99933 9.30833 0.0203445 0.999793 -0.000152954 -1.76112 -0.999123 0.0203365 0.0365938 83.822 
0.0407201 -0.000674101 0.99917 9.93453 0.0204563 0.999791 -0.000159153 -1.76521 -0.998961 0.0204458 0.0407253 83.8506 
0.044481 -0.00215021 0.999008 10.5826 0.0203095 0.999793 0.00124762 -1.76708 -0.998804 0.0202338 0.0445155 83.8873 
0.0488342 -0.00338997 0.998801 11.2414 0.0207346 0.999782 0.00237953 -1.77114 -0.998592 0.0205936 0.0488939 83.927 
0.0532826 -0.00464634 0.998569 11.8975 0.0215888 0.999761 0.00349993 -1.77916 -0.998346 0.0213714 0.0533702 83.9704 
0.0575417 -0.00604053 0.998325 12.568 0.022702 0.999731 0.00474053 -1.77923 -0.998085 0.0223912 0.0576634 84.0173 
0.0622421 -0.00715241 0.998035 13.2398 0.0238622 0.999699 0.00567617 -1.78404 -0.997776 0.023462 0.062394 84.0637 
0.0668088 -0.00853535 0.997729 13.9158 0.0242791 0.999681 0.0069263 -1.78805 -0.99747 0.0237613 0.0669947 84.1161 
0.071067 -0.00982778 0.997423 14.6018 0.0241666 0.999675 0.00812808 -1.79099 -0.997179 0.0235267 0.0712814 84.1753 
0.0755293 -0.00984837 0.997095 15.2892 0.0249102 0.999658 0.00798675 -1.79574 -0.996832 0.0242346 0.0757487 84.2344 
0.0785435 -0.00985278 0.996862 15.9766 0.0255618 0.999642 0.00786622 -1.79463 -0.996583 0.0248638 0.0787672 84.295 
0.0795511 -0.00966236 0.996784 16.6719 0.0242321 0.999676 0.00775649 -1.79613 -0.996536 0.0235371 0.0797595 84.357 
0.079654 -0.00889034 0.996783 17.3772 0.024173 0.999683 0.00698453 -1.7964 -0.996529 0.0235388 0.0798437 84.4127 
0.07922 -0.00850341 0.996821 18.0895 0.0247963 0.999671 0.0065571 -1.80022 -0.996549 0.024198 0.0794048 84.4727 
0.078649 -0.00761826 0.996873 18.8061 0.0264115 0.999636 0.00555562 -1.8027 -0.996552 0.025892 0.0788216 84.528 
0.0785656 -0.00740414 0.996881 19.5304 0.0276862 0.999603 0.00524237 -1.80712 -0.996524 0.027188 0.0787394 84.5824 
0.0780092 -0.00856794 0.996916 20.2557 0.0288614 0.999563 0.00633228 -1.8116 -0.996535 0.0282784 0.0782224 84.6401 
0.0778524 -0.0090002 0.996924 20.9856 0.0288316 0.999561 0.00677247 -1.81358 -0.996548 0.0282157 0.0780777 84.6954 
0.0772858 -0.00937638 0.996965 21.7205 0.0292866 0.999546 0.00713033 -1.8174 -0.996579 0.0286466 0.0775253 84.7544 
0.0767811 -0.00881066 0.997009 22.4531 0.0293125 0.999549 0.0065757 -1.81808 -0.996617 0.0287199 0.0770047 84.8148 
0.0770075 -0.00745377 0.997003 23.186 0.0294144 0.999554 0.0052009 -1.82398 -0.996597 0.0289257 0.0771924 84.8725 
0.0772425 -0.005518 0.996997 23.9181 0.0294788 0.99956 0.00324831 -1.82772 -0.996576 0.0291394 0.0773712 84.9345 
0.0775938 -0.00520716 0.996971 24.656 0.0315092 0.9995 0.00276802 -1.83709 -0.996487 0.031199 0.0777191 84.9908 
0.0782525 -0.00507397 0.996921 25.3886 0.0333113 0.999442 0.00247206 -1.84542 -0.996377 0.0330152 0.0783779 85.048 
0.0784005 -0.00646529 0.996901 26.125 0.0344105 0.999401 0.00377531 -1.85143 -0.996328 0.0340079 0.078576 85.109 
0.0789117 -0.00888997 0.996842 26.8653 0.0344943 0.999386 0.00618203 -1.86011 -0.996285 0.0338976 0.0791699 85.1692 
0.0793401 -0.0103384 0.996794 27.5958 0.0345809 0.999373 0.00761268 -1.87009 -0.996248 0.033866 0.0796479 85.2322 
0.0799316 -0.0109081 0.996741 28.332 0.035039 0.999353 0.00812683 -1.8807 -0.996184 0.0342752 0.0802621 85.29 
0.0800625 -0.00973136 0.996742 29.0682 0.0342677 0.999388 0.00700466 -1.88311 -0.996201 0.0335952 0.080347 85.3535 
0.0788012 -0.00856694 0.996854 29.8018 0.0331121 0.999434 0.0059716 -1.8863 -0.99634 0.0325374 0.0790403 85.4176 
0.0767961 -0.00818784 0.997013 30.5383 0.0309077 0.999505 0.0058276 -1.89291 -0.996568 0.0303679 0.0770111 85.4765 
0.0747339 -0.00825373 0.997169 31.284 0.0298237 0.999537 0.00603815 -1.90102 -0.996757 0.029288 0.0749455 85.5346 
0.0727281 -0.0082508 0.997318 32.015 0.0288429 0.999565 0.00616606 -1.90719 -0.996935 0.0283171 0.0729345 85.5922 
0.0708988 -0.00854137 0.997447 32.7545 0.0289049 0.999561 0.0065049 -1.91449 -0.997065 0.0283699 0.0711146 85.6464 
0.0689626 -0.00850395 0.997583 33.4949 0.0287271 0.999566 0.00653496 -1.9214 -0.997206 0.028207 0.069177 85.6991 
0.0675626 -0.00840643 0.99768 34.2298 0.0279963 0.999587 0.0065266 -1.92373 -0.997322 0.0274904 0.06777 85.7489 
0.0663404 -0.00898885 0.997757 34.9586 0.0278749 0.999586 0.00715194 -1.93113 -0.997408 0.0273379 0.0665635 85.8021 
0.0652984 -0.00978502 0.997818 35.6886 0.0288252 0.999553 0.00791568 -1.93644 -0.997449 0.0282454 0.0655513 85.8529 
0.0653407 -0.0101814 0.997811 36.4204 0.0297333 0.999524 0.00825184 -1.94128 -0.99742 0.029129 0.0656123 85.9026 
0.0655017 -0.0104676 0.997798 37.1465 0.0304253 0.999501 0.00848821 -1.94625 -0.997389 0.0298023 0.0657875 85.9521 
0.0658575 -0.00991935 0.99778 37.8823 0.0305302 0.999502 0.00792136 -1.94745 -0.997362 0.0299407 0.0661275 86.0047 
0.0660604 -0.00949338 0.99777 38.6167 0.0305904 0.999504 0.00748455 -1.94579 -0.997347 0.0300278 0.0663181 86.0582 
0.0662866 -0.00929842 0.997757 39.3467 0.0304364 0.99951 0.00729269 -1.94428 -0.997336 0.0298847 0.0665372 86.1115 
0.0666412 -0.00988794 0.997728 40.0753 0.0304646 0.999505 0.00787073 -1.95317 -0.997312 0.0298709 0.0669094 86.1624 
0.067007 -0.0100678 0.997702 40.8134 0.0299317 0.999519 0.00807585 -1.95645 -0.997303 0.0293218 0.0672761 86.2216 
0.0667515 -0.0103288 0.997716 41.5451 0.0295744 0.999528 0.00836893 -1.95749 -0.997331 0.0289482 0.0670254 86.2786 
0.066701 -0.00969063 0.997726 42.2889 0.0288175 0.999554 0.00778186 -1.95922 -0.997357 0.0282329 0.0669505 86.333 
0.0662316 -0.0100621 0.997754 43.022 0.0282432 0.999567 0.00820555 -1.96562 -0.997404 0.0276363 0.0664872 86.387 
0.0658986 -0.00993185 0.997777 43.7595 0.0279061 0.999578 0.0081067 -1.97421 -0.997436 0.0273099 0.0661479 86.4317 
0.0656463 -0.00987202 0.997794 44.495 0.0281016 0.999573 0.00804077 -1.97755 -0.997447 0.0275118 0.0658956 86.4785 
0.0648287 -0.0103563 0.997843 45.2296 0.0289613 0.999544 0.00849241 -1.98144 -0.997476 0.0283483 0.0650991 86.5286 
0.0638109 -0.00995972 0.997912 45.964 0.0296421 0.999528 0.0080804 -1.9884 -0.997522 0.0290646 0.064076 86.5837 
0.062974 -0.00997485 0.997965 46.698 0.0302098 0.999511 0.00808399 -2.00057 -0.997558 0.0296393 0.0632445 86.6372 
0.0624025 -0.00925742 0.998008 47.4307 0.0299107 0.999525 0.00740126 -2.00687 -0.997603 0.0293893 0.0626497 86.686 
0.0622946 -0.0088144 0.998019 48.1648 0.0295823 0.999538 0.00698134 -2.00837 -0.997619 0.0290888 0.0625266 86.7361 
0.0620191 -0.00913432 0.998033 48.8991 0.0290354 0.999551 0.00734391 -2.01141 -0.997653 0.0285228 0.0622565 86.7848 
0.0617042 -0.00948741 0.998049 49.6273 0.0290018 0.99955 0.00770864 -2.0155 -0.997673 0.0284696 0.0619515 86.8331 
0.0613645 -0.00940291 0.998071 50.3696 0.0280202 0.999578 0.00769434 -2.0192 -0.997722 0.027494 0.0616021 86.8847 
0.0610191 -0.00930363 0.998093 51.1135 0.0271222 0.999603 0.00765957 -2.02405 -0.997768 0.0266031 0.0612471 86.9337 
0.0607137 -0.00906662 0.998114 51.8501 0.0261471 0.99963 0.0074899 -2.03214 -0.997813 0.0256431 0.0609283 86.9852 
0.0607426 -0.00917468 0.998111 52.5889 0.0259736 0.999634 0.00760799 -2.03779 -0.997815 0.0254624 0.0609586 87.0301 
0.0602329 -0.00913658 0.998143 53.3279 0.0259584 0.999634 0.00758377 -2.04413 -0.997847 0.0254534 0.060448 87.0807 
0.0603001 -0.00935105 0.998136 54.0616 0.0256973 0.999639 0.00781268 -2.05026 -0.997849 0.0251783 0.0605186 87.1266 
0.0601319 -0.009867 0.998142 54.7885 0.0251434 0.999649 0.00836717 -2.05335 -0.997874 0.0245936 0.0603588 87.1727 
0.0598647 -0.0104082 0.998152 55.5274 0.0252965 0.99964 0.00890656 -2.06088 -0.997886 0.0247166 0.0601064 87.2246 
0.0601833 -0.0107817 0.998129 56.2598 0.0269538 0.999595 0.00917232 -2.06746 -0.997823 0.0263514 0.0604496 87.264 
0.059897 -0.010905 0.998145 56.9832 0.028159 0.999561 0.00923069 -2.0627 -0.997807 0.0275538 0.0601778 87.31 
0.0601174 -0.010409 0.998137 57.707 0.0280958 0.999567 0.0087317 -2.06814 -0.997796 0.0275185 0.0603838 87.3539 
0.0602791 -0.00997517 0.998132 58.4284 0.0277272 0.999581 0.00831515 -2.06946 -0.997796 0.0271742 0.0605304 87.3995 
0.0603674 -0.00972928 0.998129 59.1424 0.0273114 0.999594 0.00809175 -2.07233 -0.997803 0.0267719 0.0606087 87.4471 
0.0602868 -0.00921833 0.998139 59.8511 0.0272246 0.999601 0.00758749 -2.07195 -0.99781 0.0267165 0.0605137 87.4966 
0.060296 -0.00897011 0.99814 60.5646 0.0279292 0.999583 0.00729593 -2.0808 -0.99779 0.0274373 0.0605214 87.5402 
0.0605433 -0.00883824 0.998126 61.2827 0.0270971 0.999607 0.00720772 -2.08632 -0.997798 0.02661 0.060759 87.5817 
0.0607259 -0.00881588 0.998116 61.9963 0.0262613 0.999629 0.00723149 -2.09276 -0.997809 0.0257727 0.0609349 87.6277 
0.0611388 -0.00872555 0.998091 62.6988 0.0254861 0.999649 0.00717801 -2.09253 -0.997804 0.0249986 0.0613397 87.6682 
0.0617638 -0.00860115 0.998054 63.4105 0.0249863 0.999663 0.00706875 -2.09684 -0.997778 0.0245011 0.0619579 87.7107 
0.0622159 -0.00914626 0.998021 64.1078 0.0244043 0.999673 0.00764005 -2.09974 -0.997764 0.0238807 0.0624188 87.7578 
0.0627308 -0.00914922 0.997989 64.8042 0.0239278 0.999684 0.00766073 -2.10045 -0.997744 0.0233991 0.0629299 87.8023 
0.0638405 -0.00941869 0.997916 65.499 0.0244878 0.999669 0.00786866 -2.10916 -0.99766 0.0239344 0.06405 87.8491 
0.0652325 -0.00985838 0.997821 66.1865 0.0250458 0.999652 0.00823911 -2.11321 -0.997556 0.0244538 0.0654567 87.8967 
0.0666594 -0.00985109 0.997727 66.8681 0.0246107 0.999663 0.00822593 -2.11398 -0.997472 0.0240065 0.0668794 87.9479 
0.0687282 -0.0100426 0.997585 67.5456 0.0242902 0.99967 0.00839012 -2.11432 -0.99734 0.0236549 0.0689494 87.9971 
0.0700586 -0.0101539 0.997491 68.2223 0.0251968 0.999647 0.00840611 -2.11012 -0.997225 0.0245447 0.0702897 88.0541 
0.0721921 -0.0105743 0.997335 68.8954 0.0256576 0.999633 0.00874141 -2.11315 -0.997061 0.0249582 0.0724369 88.1064 
0.0748073 -0.0109624 0.997138 69.568 0.0260848 0.999619 0.00903279 -2.12047 -0.996857 0.0253344 0.0750648 88.1592 
0.0769784 -0.0105114 0.996977 70.2382 0.0254803 0.999639 0.0085721 -2.12125 -0.996707 0.0247434 0.0772185 88.2176 
0.0797745 -0.0105151 0.996757 70.9002 0.0258754 0.999629 0.00847448 -2.12516 -0.996477 0.0251155 0.080017 88.2705 
0.0826196 -0.0111463 0.996519 71.5564 0.0259391 0.999623 0.00903041 -2.1322 -0.996244 0.0251027 0.0828775 88.3256 
0.084721 -0.0119078 0.996334 72.1969 0.0257931 0.99962 0.00975382 -2.1318 -0.996071 0.0248722 0.0849959 88.3849 
0.0871594 -0.0122881 0.996119 72.8258 0.0248477 0.99964 0.0101574 -2.13776 -0.995884 0.023866 0.0874333 88.4436 
0.0898541 -0.0118649 0.995884 73.4423 0.0247265 0.999647 0.00967876 -2.1398 -0.995648 0.0237551 0.0901158 88.5037 
0.0933793 -0.0111041 0.995569 74.0381 0.0244028 0.999663 0.00886087 -2.14389 -0.995332 0.0234673 0.0936188 88.5597 
0.0973289 -0.010619 0.995196 74.6202 0.0243992 0.999668 0.00828055 -2.14733 -0.994953 0.023476 0.0975557 88.6226 
0.102517 -0.00976632 0.994683 75.2003 0.0222009 0.999725 0.00752769 -2.14917 -0.994483 0.0213111 0.102706 88.6781 
0.106539 -0.00914357 0.994266 75.7662 0.0210733 0.999754 0.00693596 -2.15323 -0.994085 0.0202135 0.106705 88.7417 
0.110437 -0.00849047 0.993847 76.3188 0.0214569 0.999751 0.00615659 -2.15257 -0.993651 0.020645 0.110592 88.8072 
0.113257 -0.00842513 0.99353 76.8539 0.0215253 0.99975 0.00602411 -2.15717 -0.993333 0.0207038 0.11341 88.8826 
0.116481 -0.00810771 0.99316 77.377 0.0214698 0.999754 0.00564348 -2.16158 -0.992961 0.0206656 0.116627 88.9442 
0.118141 -0.00604191 0.992978 77.8785 0.0195601 0.999802 0.00375623 -2.14365 -0.992804 0.018979 0.118236 89.0162 
0.117655 -0.00479933 0.993043 78.3719 0.0167477 0.999856 0.00284801 -2.14376 -0.992913 0.0162961 0.117718 89.0907 
0.114443 -0.00417508 0.993421 78.8438 0.0132575 0.999909 0.00267506 -2.15068 -0.993341 0.0128641 0.114488 89.1578 
0.108018 -0.00332588 0.994143 79.3025 0.0100927 0.999947 0.00224868 -2.15237 -0.994098 0.00979066 0.108046 89.2105 
0.0951377 -0.00239086 0.995461 79.7415 0.0064742 0.999977 0.00178296 -2.15086 -0.995443 0.00627519 0.0951511 89.2563 
0.0754932 -0.00259492 0.997143 80.16 0.00484671 0.999986 0.00223537 -2.15526 -0.997135 0.00466411 0.0755047 89.2734 
0.0480385 -0.00304326 0.998841 80.5633 0.00417324 0.999987 0.00284604 -2.16372 -0.998837 0.00403168 0.0480506 89.2749 
0.0125126 -0.00232239 0.999919 80.9554 0.00353256 0.999991 0.00227835 -2.16835 -0.999915 0.00350376 0.0125207 89.2609 
-0.0312269 -0.00118495 0.999512 81.3347 0.00443686 0.999989 0.00132413 -2.1685 -0.999502 0.00447604 -0.0312214 89.2279 
-0.0818927 -0.00328587 0.996636 81.705 0.00489733 0.999981 0.00369931 -2.18697 -0.996629 0.0051838 -0.081875 89.1695 
-0.13947 -0.00114645 0.990226 82.0738 0.00798751 0.999965 0.00228274 -2.17604 -0.990194 0.00822781 -0.139456 89.0879 
-0.203354 -0.000373127 0.979105 82.4211 0.0106867 0.99994 0.00260063 -2.1883 -0.979047 0.0109923 -0.203337 88.9923 
-0.268624 0.00256249 0.963242 82.7477 0.0160273 0.99987 0.00180968 -2.18126 -0.963112 0.0159243 -0.26863 88.8472 
-0.336589 0.00148799 0.94165 83.0634 0.0211382 0.999759 0.00597597 -2.18954 -0.941414 0.0219163 -0.33654 88.6848 
-0.405726 -0.00144548 0.913994 83.3872 0.0249432 0.999609 0.0126533 -2.19389 -0.913654 0.0279317 -0.405531 88.5133 
-0.469886 -0.000141955 0.882727 83.662 0.0283237 0.999483 0.0152378 -2.17507 -0.882273 0.0321622 -0.469639 88.3097 
-0.532786 0.000788991 0.84625 83.9242 0.0279616 0.99947 0.0166724 -2.16127 -0.845788 0.0325453 -0.532526 88.0955 
-0.593827 -0.00291233 0.804588 84.1603 0.0235236 0.999503 0.0209794 -2.16029 -0.804249 0.0313849 -0.593463 87.8649 
-0.652989 -0.00834946 0.757322 84.3873 0.0189049 0.999448 0.0273194 -2.16475 -0.757132 0.0321563 -0.65247 87.6302 
-0.707337 -0.00739888 0.706838 84.5827 0.0184762 0.99941 0.0289506 -2.14359 -0.706635 0.0335375 -0.706783 87.3684 
-0.757793 -0.00785493 0.652448 84.7529 0.0167815 0.999362 0.0315226 -2.13815 -0.652279 0.0348367 -0.757178 87.0944 
-0.802736 -0.00428068 0.596319 84.9121 0.0191948 0.999271 0.0330124 -2.13762 -0.596025 0.0379465 -0.802069 86.7993 
-0.840335 -0.000759705 0.542067 85.0427 0.0200251 0.999273 0.0324443 -2.13107 -0.541698 0.038119 -0.839708 86.4996 
-0.873165 0.00428139 0.487407 85.1698 0.0215954 0.999319 0.029909 -2.11122 -0.486947 0.0366413 -0.872663 86.1857 
-0.900273 0.00195929 0.435321 85.2933 0.0169412 0.99939 0.0305374 -2.10019 -0.434996 0.0348669 -0.899757 85.8539 
-0.921528 -0.00177446 0.388308 85.4069 0.0122756 0.999357 0.033699 -2.09715 -0.388118 0.0358213 -0.920913 85.5163 
-0.93837 -0.00316022 0.345617 85.5026 0.0100398 0.999287 0.0363959 -2.08596 -0.345486 0.0376228 -0.937669 85.1678 
-0.95233 -0.00396815 0.305045 85.5894 0.00844867 0.999189 0.039374 -2.0794 -0.304954 0.0400743 -0.951524 84.81 
-0.96364 -0.0034065 0.267183 85.6569 0.00751516 0.999178 0.039844 -2.06262 -0.267099 0.0404032 -0.962822 84.4482 
-0.972654 -0.00450738 0.232216 85.7195 0.00502497 0.999169 0.0404417 -2.05223 -0.232205 0.0405027 -0.971823 84.0772 
-0.979884 -0.00575747 0.199487 85.7775 0.00256703 0.999137 0.0414457 -2.0444 -0.199554 0.0411241 -0.979024 83.6892 
-0.985398 -0.00654263 0.170142 85.8241 0.000612609 0.999119 0.0419681 -2.03589 -0.170266 0.0414595 -0.984525 83.2986 
-0.989502 -0.00666409 0.144363 85.8645 -0.000598661 0.999117 0.0420179 -2.02532 -0.144516 0.0414904 -0.988632 82.8947 
-0.992504 -0.00504433 0.122105 85.8985 1.70398e-05 0.999142 0.0414144 -2.01155 -0.122209 0.0411061 -0.991653 82.4758 
-0.994643 -0.00369237 0.103304 85.9301 0.000588701 0.999143 0.0413804 -1.99863 -0.103368 0.0412196 -0.993789 82.043 
-0.99613 -0.00373883 0.0878148 85.9617 -0.000123867 0.999154 0.0411352 -1.98154 -0.0878942 0.0409651 -0.995287 81.6032 
-0.997119 -0.00295055 0.0757976 85.9882 0.000153656 0.999163 0.0409154 -1.9677 -0.0758549 0.0408091 -0.996283 81.1438 
-0.997785 -0.00204204 0.0664932 86.0154 0.000658842 0.999176 0.0405716 -1.95598 -0.0665213 0.0405255 -0.996962 80.6655 
-0.998221 -0.00136731 0.059611 86.0441 0.00103449 0.999189 0.0402418 -1.9397 -0.0596177 0.0402319 -0.99741 80.1764 
-0.998479 -0.000159423 0.055133 86.0704 0.00204862 0.999198 0.0399906 -1.91891 -0.0550952 0.0400427 -0.997678 79.6633 
