1 0 0 0 0 1 0 0 0 0 1 0 
0.999999 -0.000686322 0.00101625 0.00165498 0.000685834 1 0.00048115 -0.0118272 -0.00101658 -0.000480452 0.999999 0.437129 
0.999996 0.00142584 0.0022401 -0.00640099 -0.00142232 0.999998 -0.00157496 -0.0197727 -0.00224234 0.00157176 0.999996 0.870721 
0.999995 0.00267644 0.00139999 -0.00555614 -0.00267212 0.999992 -0.00307503 -0.0292657 -0.00140821 0.00307128 0.999994 1.30348 
0.999998 0.00173969 -0.00123515 -0.000550437 -0.00174464 0.99999 -0.00401281 -0.032932 0.00122815 0.00401496 0.999991 1.73247 
0.999989 -0.00172399 -0.00446539 -0.000917149 0.00170457 0.999989 -0.00434891 -0.0425093 0.00447284 0.00434125 0.999981 2.16096 
0.999947 -0.00556885 -0.00870945 -0.00170679 0.0055435 0.99998 -0.00293209 -0.051243 0.0087256 0.00288365 0.999958 2.5856 
0.999885 -0.00713415 -0.0133639 -0.00721275 0.00710507 0.999972 -0.00222181 -0.0563805 0.0133793 0.00212661 0.999908 3.01175 
0.999847 -0.00538846 -0.0166148 -0.0273643 0.00536 0.999984 -0.00175689 -0.0643029 0.016624 0.00166757 0.99986 3.42844 
0.999776 -0.00466493 -0.0206459 -0.0434976 0.00463292 0.999988 -0.0015983 -0.0720639 0.0206531 0.00150229 0.999786 3.84154 
0.999669 -0.00468509 -0.025302 -0.0555157 0.00463884 0.999987 -0.00188642 -0.0817126 0.0253105 0.00176842 0.999678 4.24864 
0.99956 -0.0042578 -0.029348 -0.0708235 0.00421782 0.99999 -0.00142409 -0.0884565 0.0293538 0.00129968 0.999568 4.64999 
0.999412 -0.00546854 -0.0338595 -0.0845719 0.00542403 0.999984 -0.00140639 -0.0957893 0.0338667 0.0012219 0.999426 5.04638 
0.999248 -0.00552377 -0.0383912 -0.106425 0.00541085 0.999981 -0.00304462 -0.0976155 0.0384073 0.0028346 0.999258 5.43159 
0.999057 -0.00668544 -0.0429081 -0.125262 0.00654395 0.999973 -0.00343715 -0.103594 0.0429299 0.00315312 0.999073 5.81543 
0.998897 -0.00639793 -0.0465135 -0.148341 0.00628786 0.999977 -0.00251227 -0.114914 0.0465285 0.00221703 0.998915 6.18523 
0.998735 -0.00519918 -0.050012 -0.172372 0.00512337 0.999986 -0.00164383 -0.122863 0.0500198 0.00138552 0.998747 6.54405 
0.998563 -0.0045615 -0.053397 -0.194425 0.00450414 0.999989 -0.00119454 -0.128543 0.0534019 0.000952312 0.998573 6.89037 
0.998449 -0.00433274 -0.055501 -0.219417 0.00425997 0.99999 -0.0014294 -0.133987 0.0555066 0.00119075 0.998458 7.22315 
0.998345 -0.00335585 -0.0574194 -0.242314 0.0032618 0.999993 -0.00173164 -0.140376 0.0574248 0.00154148 0.998349 7.54271 
0.998259 -0.00234627 -0.0589352 -0.264499 0.00219624 0.999994 -0.00261034 -0.14485 0.058941 0.00247636 0.998258 7.84999 
0.998168 -0.00225446 -0.0604559 -0.28493 0.00206294 0.999993 -0.00323018 -0.152422 0.0604627 0.00309955 0.998166 8.14434 
0.99807 -0.0021123 -0.0620694 -0.306543 0.0018387 0.999988 -0.00446477 -0.154559 0.0620781 0.00434202 0.998062 8.42298 
0.99797 -0.00198155 -0.0636513 -0.32834 0.00160767 0.999981 -0.00592466 -0.162494 0.0636619 0.0058103 0.997955 8.69686 
0.997928 -0.00118318 -0.0643339 -0.350674 0.000706809 0.999972 -0.00742688 -0.168214 0.0643409 0.00736601 0.997901 8.96257 
0.997887 -0.00106731 -0.0649701 -0.369011 0.000515168 0.999964 -0.00851462 -0.17329 0.0649768 0.00846315 0.997851 9.22218 
0.997844 -0.0021821 -0.0655919 -0.38525 0.00156571 0.999954 -0.00944727 -0.180495 0.0656095 0.00932421 0.997802 9.47738 
0.997758 -0.00411278 -0.0668058 -0.397822 0.00341344 0.999938 -0.010579 -0.188732 0.0668451 0.0103273 0.99771 9.72587 
0.997706 -0.00369897 -0.0675988 -0.417585 0.0028884 0.999923 -0.0120847 -0.196915 0.0676383 0.0118617 0.997639 9.97578 
0.99765 -0.00214392 -0.0684862 -0.440053 0.00128132 0.999919 -0.0126367 -0.202147 0.0685077 0.0125193 0.997572 10.2242 
0.997589 0.000238941 -0.0693929 -0.462983 -0.0009991 0.99994 -0.0109199 -0.204586 0.0693861 0.0109629 0.99753 10.4721 
0.997568 -3.02493e-05 -0.0697056 -0.483999 -0.000487754 0.999972 -0.00741427 -0.208918 0.0697039 0.00743024 0.99754 10.7207 
0.997577 -0.00102086 -0.0695567 -0.505002 0.000625085 0.999983 -0.0057115 -0.21292 0.0695614 0.00565419 0.997562 10.9671 
0.997596 -0.00186831 -0.0692692 -0.523675 0.00136001 0.999972 -0.00738438 -0.222038 0.0692811 0.00727243 0.997571 11.2032 
0.997591 -0.00198993 -0.0693384 -0.54125 0.00128677 0.999947 -0.0101841 -0.231128 0.069355 0.0100704 0.997541 11.4402 
0.99761 -0.0012189 -0.0690858 -0.560351 0.000421079 0.999933 -0.0115616 -0.23787 0.0690952 0.0115049 0.997544 11.6749 
0.997617 3.65284e-05 -0.0689997 -0.5798 -0.000872723 0.999927 -0.0120887 -0.244294 0.0689942 0.0121201 0.997543 11.9041 
0.997627 -0.00025585 -0.0688465 -0.593576 -0.000610434 0.999921 -0.0125615 -0.249532 0.0688442 0.0125737 0.997548 12.1366 
0.997636 -0.00285502 -0.0686607 -0.606018 0.00202555 0.999924 -0.0121473 -0.257721 0.0686901 0.0119795 0.997566 12.3737 
0.997692 -0.00420174 -0.0677752 -0.62439 0.00345897 0.999933 -0.0110729 -0.263251 0.0678171 0.0108129 0.997639 12.6132 
0.997771 -0.00245451 -0.0666851 -0.645053 0.0015323 0.999903 -0.013877 -0.271426 0.0667127 0.0137438 0.997678 12.8562 
0.997834 6.26202e-05 -0.0657846 -0.668881 -0.00150908 0.999758 -0.0219384 -0.272655 0.0657673 0.0219901 0.997593 13.1103 
0.997889 -0.000690738 -0.064938 -0.686224 -0.00121767 0.999569 -0.029344 -0.275709 0.0649303 0.0293611 0.997458 13.3837 
0.997971 -0.00389274 -0.0635433 -0.702678 0.00185098 0.999481 -0.0321591 -0.282055 0.0636355 0.0319762 0.997461 13.6755 
0.998062 -0.00614804 -0.0619287 -0.720373 0.00437184 0.999576 -0.0287761 -0.294534 0.0620794 0.0284496 0.997666 13.9891 
0.998162 -0.0065671 -0.0602442 -0.737986 0.00501145 0.999651 -0.0259373 -0.310743 0.0603935 0.0255877 0.997847 14.3145 
0.998296 -0.00480624 -0.0581565 -0.75811 0.00340884 0.999704 -0.0241037 -0.319979 0.0582551 0.0238644 0.998016 14.6626 
0.998362 -0.00462282 -0.0570268 -0.772922 0.0033108 0.999728 -0.0230801 -0.331019 0.057118 0.0228535 0.998106 15.0145 
0.998446 -0.00634128 -0.0553705 -0.788914 0.00496895 0.999678 -0.0248872 -0.339407 0.0555104 0.0245734 0.998156 15.3803 
0.998548 -0.00805313 -0.0532702 -0.806933 0.00667633 0.99964 -0.0259731 -0.34931 0.0534603 0.0255797 0.998242 15.7546 
0.998632 -0.00796643 -0.0516792 -0.823413 0.00662936 0.99964 -0.0259926 -0.360878 0.0518676 0.0256144 0.998325 16.1481 
0.998671 -0.00886359 -0.0507712 -0.835266 0.00763553 0.999675 -0.0243313 -0.381046 0.0509704 0.0239113 0.998414 16.5575 
0.998743 -0.00816123 -0.049457 -0.852966 0.00708007 0.999733 -0.0219966 -0.393951 0.0496233 0.0216188 0.998534 16.971 
0.998768 -0.00883891 -0.0488282 -0.874619 0.00783569 0.999755 -0.0206993 -0.404331 0.0489992 0.0202912 0.998593 17.3816 
0.998769 -0.00787107 -0.048966 -0.89577 0.00687711 0.999768 -0.0204344 -0.414858 0.0491155 0.0200725 0.998591 17.8076 
0.998727 -0.00704516 -0.049957 -0.919608 0.0060529 0.999782 -0.0199858 -0.425196 0.0500869 0.019658 0.998551 18.2411 
0.998664 -0.00706311 -0.0511808 -0.947043 0.00612492 0.999811 -0.0184645 -0.438418 0.0513016 0.0181264 0.998519 18.6851 
0.998623 -0.00699389 -0.0519876 -0.976269 0.00611892 0.999837 -0.0169706 -0.452166 0.0520979 0.0166292 0.998504 19.1406 
0.998566 -0.00593974 -0.0532005 -1.00271 0.00508 0.999855 -0.016281 -0.469677 0.0532894 0.0159874 0.998451 19.6038 
0.998533 -0.00299186 -0.0540729 -1.03936 0.00204929 0.999845 -0.0174786 -0.482583 0.0541168 0.0173421 0.998384 20.0678 
0.998514 -0.000280644 -0.0544945 -1.07423 -0.000658169 0.999852 -0.017209 -0.494887 0.0544913 0.0172193 0.998366 20.5432 
0.998463 0.000564054 -0.0554267 -1.1015 -0.00133934 0.999902 -0.0139514 -0.504999 0.0554133 0.0140042 0.998365 21.0236 
0.998418 -0.00109941 -0.0562162 -1.12543 0.000581557 0.999957 -0.00922731 -0.515175 0.0562239 0.00918002 0.998376 21.5128 
0.998355 -0.00154479 -0.057318 -1.15166 0.00124981 0.999986 -0.00518189 -0.523734 0.0573252 0.00510173 0.998343 21.9964 
0.998331 0.000187181 -0.0577427 -1.18506 -0.000376307 0.999995 -0.00326446 -0.53781 0.0577418 0.00328074 0.998326 22.4813 
0.998294 0.00445969 -0.0582119 -1.22547 -0.00458132 0.999988 -0.00195619 -0.551214 0.0582024 0.00221954 0.998302 22.971 
0.998249 0.00588414 -0.0588622 -1.26253 -0.00603156 0.999979 -0.00232724 -0.563211 0.0588472 0.00267819 0.998263 23.4624 
0.998192 0.00488734 -0.0599075 -1.29441 -0.00512215 0.99998 -0.00376664 -0.569992 0.0598879 0.00406668 0.998197 23.9547 
0.998148 0.00121137 -0.0608163 -1.32257 -0.0015832 0.99998 -0.00606608 -0.576572 0.0608078 0.00615114 0.998131 24.4494 
0.998107 -0.00011974 -0.0615011 -1.35251 -0.000272783 0.99998 -0.00637394 -0.588371 0.0615006 0.00637865 0.998087 24.9525 
0.998118 0.00217673 -0.0612902 -1.38922 -0.00252745 0.999981 -0.00564542 -0.600934 0.0612768 0.0057897 0.998104 25.4591 
0.998165 0.00346162 -0.0604579 -1.4268 -0.00376145 0.999981 -0.00484632 -0.61275 0.06044 0.00506484 0.998159 25.9662 
0.998208 0.00435693 -0.0596784 -1.46202 -0.00465458 0.999977 -0.00484943 -0.621164 0.0596559 0.00511851 0.998206 26.479 
0.998288 0.00323899 -0.0583993 -1.49483 -0.00353193 0.999982 -0.00491362 -0.628425 0.0583823 0.00511147 0.998281 27.007 
0.998363 0.00158939 -0.0571672 -1.52831 -0.00188395 0.999985 -0.00509898 -0.640496 0.0571582 0.00519833 0.998352 27.525 
0.998424 0.000993048 -0.0561132 -1.55747 -0.00128812 0.999986 -0.00522252 -0.646925 0.0561072 0.00528656 0.998411 28.0478 
0.998473 0.000280523 -0.0552372 -1.58462 -0.000594083 0.999984 -0.00566027 -0.653549 0.0552347 0.00568444 0.998457 28.5786 
0.998533 -0.000797066 -0.0541453 -1.61132 0.000494088 0.999984 -0.00560881 -0.665112 0.0541489 0.00557382 0.998517 29.1144 
0.998594 -0.000413918 -0.0530143 -1.6443 0.000106111 0.999983 -0.0058088 -0.672617 0.0530158 0.005795 0.998577 29.6484 
0.998635 -0.000568776 -0.0522283 -1.67369 0.000244665 0.999981 -0.00621185 -0.681626 0.0522308 0.00619059 0.998616 30.186 
0.998663 -0.000567674 -0.0516901 -1.69862 0.000221148 0.999977 -0.0067094 -0.688416 0.0516927 0.006689 0.998641 30.7333 
0.998686 -0.00149969 -0.0512247 -1.72621 0.00115791 0.999977 -0.00670108 -0.699199 0.0512336 0.00663296 0.998665 31.2778 
0.998707 -0.00187956 -0.0508018 -1.75554 0.00153189 0.999975 -0.00688172 -0.711559 0.0508134 0.006795 0.998685 31.8255 
0.998746 -0.0019201 -0.0500354 -1.78883 0.00156893 0.999974 -0.00705685 -0.726024 0.0500476 0.0069695 0.998723 32.3846 
0.998737 -0.00239021 -0.05018 -1.81653 0.00199476 0.999967 -0.0079291 -0.736578 0.0501973 0.00781899 0.998709 32.9441 
0.998736 -0.00252364 -0.0501962 -1.84593 0.00210503 0.999963 -0.00839061 -0.747617 0.0502155 0.00827435 0.998704 33.516 
0.998746 -0.00297066 -0.0499734 -1.87701 0.00249594 0.999951 -0.00955904 -0.755953 0.0499994 0.00942233 0.998705 34.0945 
0.998748 -0.0032436 -0.0499114 -1.91071 0.00276552 0.99995 -0.00964463 -0.773187 0.0499402 0.00949453 0.998707 34.6699 
0.998741 -0.00351191 -0.0500319 -1.9442 0.00303631 0.99995 -0.0095787 -0.787816 0.050063 0.00941474 0.998702 35.2511 
0.998757 -0.0030695 -0.0497558 -1.98419 0.00260435 0.999952 -0.00941089 -0.803055 0.0497823 0.00926961 0.998717 35.8405 
0.998739 -0.00284943 -0.0501168 -2.01549 0.00238063 0.999953 -0.00941148 -0.817218 0.0501413 0.00928031 0.998699 36.4374 
0.998742 -0.00305646 -0.05005 -2.05302 0.00260732 0.999956 -0.0090367 -0.829187 0.0500754 0.00889483 0.998706 37.0354 
0.998725 -0.00308208 -0.0503945 -2.08687 0.00267874 0.999964 -0.00806918 -0.840797 0.0504176 0.00792389 0.998697 37.6366 
0.998713 -0.00262171 -0.0506487 -2.1243 0.00224573 0.99997 -0.0074788 -0.850737 0.0506668 0.00735543 0.998689 38.2323 
0.998693 -0.002315 -0.0510543 -2.1602 0.00195313 0.999973 -0.00713674 -0.864556 0.0510695 0.0070277 0.99867 38.8397 
0.998621 -0.00272209 -0.0524193 -2.19109 0.00238881 0.999977 -0.00641942 -0.877526 0.0524355 0.00628535 0.998605 39.4514 
0.998545 -0.00334199 -0.0538282 -2.22363 0.00300141 0.999975 -0.00640678 -0.886757 0.0538483 0.0062359 0.99853 40.0563 
0.998472 -0.00390447 -0.0551275 -2.25814 0.00353006 0.99997 -0.00688756 -0.90052 0.0551528 0.00668243 0.998456 40.6615 
0.998393 -0.00487892 -0.0564548 -2.28987 0.00450643 0.999967 -0.00672355 -0.918845 0.0564857 0.00645833 0.998383 41.2745 
0.99833 -0.00399858 -0.057634 -2.32916 0.00360128 0.999969 -0.00699573 -0.932678 0.0576602 0.00677649 0.998313 41.8865 
0.998258 -0.00373603 -0.0588846 -2.36487 0.00326952 0.999963 -0.00801685 -0.941646 0.0589124 0.00781036 0.998233 42.5016 
0.998177 -0.00340639 -0.0602614 -2.4003 0.00294195 0.999965 -0.00779416 -0.957013 0.0602858 0.00760266 0.998152 43.1122 
0.99812 -0.0047161 -0.0611102 -2.44135 0.00426631 0.999963 -0.0074887 -0.966218 0.0611433 0.00721391 0.998103 43.7328 
0.998041 -0.00480277 -0.0623753 -2.48045 0.00437144 0.999966 -0.00704983 -0.979144 0.062407 0.00676335 0.998028 44.3352 
0.997955 -0.00390684 -0.063794 -2.51706 0.00347206 0.99997 -0.0069248 -0.995914 0.0638191 0.00668915 0.997939 44.9525 
0.997856 -0.00313054 -0.0653659 -2.55383 0.00258196 0.999961 -0.00847533 -1.01152 0.0653899 0.00828839 0.997825 45.5698 
0.997784 -0.00380947 -0.0664345 -2.59813 0.0030784 0.999934 -0.0111033 -1.0323 0.0664724 0.0108742 0.997729 46.181 
0.997674 -0.00748332 -0.0677528 -2.63583 0.00654675 0.99988 -0.0140348 -1.05027 0.0678497 0.0135586 0.997603 46.7985 
0.997604 -0.00943382 -0.0685371 -2.67894 0.00836535 0.999839 -0.0158601 -1.06535 0.0686757 0.0152487 0.997522 47.4106 
0.997519 -0.00905768 -0.0698077 -2.71897 0.00787216 0.99982 -0.0172391 -1.0809 0.0699513 0.0166468 0.997412 48.0276 
0.997455 -0.00598192 -0.0710475 -2.76673 0.00487193 0.999864 -0.0157863 -1.09459 0.0711322 0.0154 0.997348 48.6435 
0.997365 -0.00562065 -0.0723333 -2.81024 0.00484042 0.999928 -0.0109575 -1.10838 0.0723897 0.0105785 0.99732 49.2619 
0.99729 -0.00646842 -0.0732907 -2.85459 0.00611466 0.999969 -0.00505016 -1.11708 0.073321 0.00458832 0.997298 49.8818 
0.997262 -0.00690855 -0.0736233 -2.90067 0.00711038 0.999972 0.0024797 -1.1281 0.0736041 -0.0029964 0.997283 50.501 
0.997343 -0.00464247 -0.0727028 -2.95914 0.00530881 0.999946 0.00897469 -1.13667 0.0726572 -0.0093368 0.997313 51.1157 
0.99741 -0.00453176 -0.0717848 -3.0048 0.00542254 0.999911 0.012219 -1.14544 0.071723 -0.0125766 0.997345 51.7381 
0.997517 -0.00335528 -0.0703488 -3.05211 0.00421955 0.999917 0.0121405 -1.15117 0.0703022 -0.0124072 0.997449 52.3461 
0.997669 -0.00244997 -0.068196 -3.09874 0.00305598 0.999957 0.00878343 -1.15291 0.0681715 -0.00897136 0.997633 52.952 
0.9978 -0.00204695 -0.0662669 -3.14442 0.00238072 0.999985 0.00495812 -1.15645 0.0662557 -0.00510497 0.99779 53.562 
0.997868 -0.00367071 -0.0651685 -3.18368 0.00377244 0.999992 0.00143805 -1.15901 0.0651627 -0.00168082 0.997873 54.1743 
0.99792 -0.00616557 -0.0641667 -3.21793 0.00607211 0.99998 -0.00165148 -1.16163 0.0641756 0.00125842 0.997938 54.7833 
0.998023 -0.00639175 -0.0625175 -3.26003 0.00622673 0.999977 -0.00283405 -1.17017 0.0625341 0.00243916 0.99804 55.3926 
0.998119 -0.00308511 -0.0612221 -3.31075 0.00292495 0.999992 -0.00270552 -1.17577 0.06123 0.00252136 0.998121 56.0018 
0.998148 -0.00154887 -0.0608205 -3.34975 0.00138093 0.999995 -0.00280311 -1.18629 0.0608246 0.00271393 0.998145 56.6114 
0.998161 -0.000858074 -0.060612 -3.38868 0.000683324 0.999996 -0.00290375 -1.20224 0.0606143 0.00285699 0.998157 57.2203 
0.998155 -0.000879448 -0.0607091 -3.43211 0.000724608 0.999996 -0.0025725 -1.21082 0.0607112 0.00252376 0.998152 57.8292 
0.998123 -0.000208661 -0.061247 -3.47447 -1.60651e-06 0.999994 -0.00343304 -1.21937 0.0612473 0.00342669 0.998117 58.4374 
0.998083 0.000946104 -0.0618745 -3.51329 -0.00122487 0.999989 -0.00446752 -1.2297 0.0618696 0.00453474 0.998074 59.0475 
0.998038 0.00263982 -0.0625526 -3.55455 -0.00291109 0.999987 -0.00424594 -1.23821 0.0625406 0.00441971 0.998033 59.6539 
0.998027 0.00374166 -0.0626754 -3.6011 -0.0040107 0.999983 -0.00416727 -1.24847 0.0626588 0.00441042 0.998025 60.2596 
0.998016 0.00383968 -0.06284 -3.64312 -0.00405724 0.999986 -0.00333489 -1.25985 0.0628264 0.00358323 0.998018 60.8628 
0.997973 0.00438487 -0.0634952 -3.68351 -0.00456997 0.999986 -0.00277016 -1.27429 0.0634821 0.00305471 0.997978 61.4617 
0.997939 0.00412834 -0.0640307 -3.72079 -0.004312 0.999987 -0.00273027 -1.283 0.0640186 0.00300074 0.997944 62.0566 
0.997893 0.00461828 -0.0647186 -3.75801 -0.00479723 0.999985 -0.00261001 -1.29281 0.0647055 0.00291498 0.9979 62.6594 
0.997863 0.00482257 -0.0651575 -3.801 -0.00496626 0.999986 -0.00204338 -1.30563 0.0651467 0.0023626 0.997873 63.2511 
0.99784 0.00529532 -0.06547 -3.84687 -0.0054442 0.999983 -0.00209594 -1.31896 0.0654578 0.00244785 0.997852 63.8414 
0.997803 0.00540486 -0.0660279 -3.88864 -0.0055555 0.999982 -0.00209795 -1.33156 0.0660154 0.00246016 0.997816 64.4266 
0.997733 0.00571318 -0.0670582 -3.93179 -0.00584875 0.999981 -0.00182552 -1.34004 0.0670465 0.00221358 0.997747 65.011 
0.997627 0.00617276 -0.0685797 -3.97391 -0.0062972 0.999979 -0.0015985 -1.34939 0.0685683 0.00202657 0.997644 65.596 
0.997545 0.00629968 -0.0697374 -4.02064 -0.00643538 0.999978 -0.00172138 -1.35189 0.069725 0.00216594 0.997564 66.1775 
0.997395 0.00743833 -0.0717497 -4.06509 -0.00751539 0.999971 -0.000804168 -1.36263 0.0717417 0.0013413 0.997422 66.7594 
0.997236 0.00806671 -0.0738548 -4.11071 -0.00812531 0.999967 -0.000492986 -1.36883 0.0738484 0.00109172 0.997269 67.3318 
0.997047 0.00822048 -0.0763557 -4.15728 -0.00826584 0.999966 -0.000278036 -1.37753 0.0763508 0.000908359 0.997081 67.9044 
0.996815 0.00880158 -0.0792676 -4.2027 -0.00880621 0.999961 0.000291112 -1.38662 0.0792671 0.000407863 0.996853 68.4784 
0.996569 0.0103006 -0.0821233 -4.25595 -0.0103217 0.999947 0.000167669 -1.39757 0.0821206 0.000680557 0.996622 69.0482 
0.99633 0.010535 -0.0849486 -4.31662 -0.01062 0.999943 -0.000549308 -1.40531 0.084938 0.00144945 0.996385 69.6131 
0.996014 0.0106366 -0.0885635 -4.37503 -0.0108087 0.999941 -0.00146441 -1.4152 0.0885427 0.00241583 0.996069 70.18 
0.995729 0.0097632 -0.0918054 -4.43077 -0.00999738 0.999948 -0.00209135 -1.4248 0.0917802 0.00300023 0.995775 70.7428 
0.995408 0.00961566 -0.095238 -4.49023 -0.0100112 0.999943 -0.00367588 -1.4343 0.0951972 0.00461245 0.995448 71.296 
0.995046 0.00950766 -0.0989632 -4.54676 -0.0100639 0.999936 -0.00512288 -1.43898 0.0989082 0.00609345 0.995078 71.8415 
0.994701 0.00960177 -0.102361 -4.61158 -0.0102159 0.999933 -0.00547728 -1.44986 0.102302 0.00649397 0.994732 72.3859 
0.994374 0.00934899 -0.105509 -4.67119 -0.0100353 0.999932 -0.00597581 -1.46075 0.105446 0.00700101 0.9944 72.9259 
0.994122 0.00875096 -0.107911 -4.73063 -0.00941465 0.99994 -0.00564241 -1.47263 0.107855 0.00662518 0.994145 73.4596 
0.994027 0.00953535 -0.108716 -4.79191 -0.0101017 0.999938 -0.00465966 -1.48848 0.108665 0.00573005 0.994062 73.9762 
0.994141 0.0107882 -0.10755 -4.85307 -0.0113026 0.999927 -0.00417514 -1.49594 0.107497 0.00536627 0.994191 74.4768 
0.994405 0.0129015 -0.104846 -4.90613 -0.0133516 0.999904 -0.0035928 -1.50861 0.104789 0.00497256 0.994482 74.9568 
0.994921 0.0141596 -0.0996625 -4.95319 -0.0145402 0.99989 -0.00309344 -1.52007 0.0996077 0.00452684 0.995016 75.4245 
0.99571 0.0155959 -0.0912048 -4.99197 -0.0159546 0.999868 -0.00320516 -1.52925 0.0911427 0.00464654 0.995827 75.8728 
0.996839 0.0186913 -0.0772206 -5.02453 -0.0190091 0.999814 -0.00338246 -1.53625 0.077143 0.00483966 0.997008 76.3114 
0.998115 0.0217438 -0.0573886 -5.04338 -0.0219415 0.999755 -0.00281793 -1.54381 0.0573133 0.00407181 0.998348 76.7461 
0.999211 0.0231456 -0.0322731 -5.04051 -0.0232477 0.999726 -0.00279449 -1.55151 0.0321996 0.00354256 0.999475 77.1703 
0.999735 0.0229573 -0.00149739 -5.02337 -0.022962 0.999731 -0.0031584 -1.56017 0.00142448 0.00319195 0.999994 77.5809 
0.999157 0.0214296 0.0350294 -4.98624 -0.0213038 0.999765 -0.00396067 -1.5705 -0.035106 0.00321107 0.999378 77.9894 
0.996884 0.0194109 0.076461 -4.92601 -0.0191183 0.999807 -0.00455709 -1.58163 -0.0765347 0.00308108 0.997062 78.3889 
0.992313 0.0170249 0.122577 -4.84449 -0.0164996 0.99985 -0.0052999 -1.5954 -0.122649 0.00323669 0.992445 78.779 
0.984944 0.0143502 0.17228 -4.73929 -0.013456 0.999889 -0.00635721 -1.60226 -0.172352 0.0039433 0.985028 79.1556 
0.974308 0.0100388 0.224996 -4.61524 -0.00876859 0.999939 -0.006644 -1.61559 -0.225049 0.00450041 0.974337 79.5211 
0.960019 0.00629729 0.279866 -4.46321 -0.00463576 0.999967 -0.00659842 -1.62817 -0.279898 0.00503722 0.960017 79.8693 
0.941437 0.00162411 0.337185 -4.29774 -2.39603e-05 0.999989 -0.00474972 -1.63757 -0.337189 0.00446348 0.941426 80.202 
0.918958 -0.00162164 0.394353 -4.10902 0.00301778 0.999991 -0.00292021 -1.64575 -0.394345 0.00387362 0.918954 80.5196 
0.892335 -0.0077274 0.451307 -3.89477 0.00886313 0.999961 -0.000402802 -1.65347 -0.451286 0.00435943 0.892369 80.8246 
0.862502 -0.0111736 0.505931 -3.66611 0.0122733 0.999924 0.00116042 -1.65564 -0.505905 0.00520855 0.862573 81.1191 
0.82856 -0.0106691 0.559798 -3.42653 0.0125926 0.999921 0.000418927 -1.65917 -0.559758 0.00670222 0.828629 81.392 
0.79026 -0.00769688 0.612723 -3.16967 0.00980241 0.999952 -8.15077e-05 -1.66095 -0.612693 0.00607058 0.790297 81.66 
0.747928 -0.00447823 0.663764 -2.88848 0.00502671 0.999987 0.00108253 -1.66296 -0.663761 0.0025269 0.747941 81.9213 
0.701298 -0.00387119 0.712857 -2.58894 0.00249756 0.999992 0.00297342 -1.66607 -0.712863 -0.000304846 0.701303 82.1627 
0.650516 -0.00560566 0.759472 -2.2723 0.00366086 0.999984 0.00424521 -1.67024 -0.759484 1.87376e-05 0.650526 82.3787 
0.596649 -0.00718271 0.80247 -1.93409 0.00433118 0.999974 0.00573022 -1.67819 -0.802491 5.67135e-05 0.596664 82.5708 
0.538745 -0.00517354 0.842453 -1.58506 4.27396e-06 0.999981 0.0061382 -1.68076 -0.842469 -0.00330332 0.538735 82.7494 
0.479665 -0.00461439 0.877439 -1.22306 -0.0013588 0.999981 0.00600164 -1.68572 -0.877451 -0.00407104 0.47965 82.9054 
0.423423 -0.00512731 0.905917 -0.856415 -0.00020649 0.999983 0.00575622 -1.68744 -0.905932 -0.00262438 0.423415 83.0273 
0.370863 -0.00611669 0.928667 -0.468562 0.00424668 0.999979 0.00489047 -1.68903 -0.928678 0.00213005 0.370882 83.1331 
0.322208 -0.00639287 0.946647 -0.0778449 0.00778007 0.999961 0.00410482 -1.6901 -0.946637 0.00604238 0.322245 83.2241 
0.278187 -0.00603829 0.960508 0.326517 0.00910493 0.999952 0.00364925 -1.69272 -0.960484 0.00773019 0.278228 83.3091 
0.23803 -0.0054173 0.971243 0.730047 0.00900226 0.999954 0.00337118 -1.69188 -0.971216 0.00794094 0.238068 83.3866 
0.202175 -0.00510251 0.979336 1.15013 0.00981906 0.999947 0.00318284 -1.69537 -0.9793 0.00897267 0.202214 83.445 
0.170735 -0.0042748 0.985308 1.57421 0.0116945 0.999929 0.00231179 -1.69473 -0.985248 0.011128 0.170773 83.4934 
0.143019 -0.00316165 0.989715 2.0083 0.0131176 0.999913 0.00129867 -1.69346 -0.989633 0.012797 0.143048 83.5363 
0.118429 -0.00195624 0.992961 2.4526 0.0134185 0.99991 0.000369527 -1.69262 -0.992872 0.0132803 0.118445 83.5734 
0.0965744 -0.00141161 0.995325 2.89634 0.0140601 0.999901 5.38759e-05 -1.69328 -0.995226 0.0139891 0.0965847 83.6083 
0.077887 -0.000376611 0.996962 3.35733 0.0165468 0.999863 -0.000915001 -1.69457 -0.996825 0.0165678 0.0778826 83.6283 
0.0619902 0.00110307 0.998076 3.83126 0.0188326 0.99982 -0.00227468 -1.70049 -0.997899 0.0189373 0.0619582 83.6445 
0.0486794 0.00239792 0.998812 4.31543 0.0201961 0.99979 -0.00338458 -1.70667 -0.99861 0.0203369 0.0486207 83.6596 
0.0387408 0.00340569 0.999243 4.81553 0.0211032 0.999768 -0.00422566 -1.70625 -0.999026 0.021251 0.03866 83.6739 
0.0320823 0.00338164 0.99948 5.32859 0.0215212 0.99976 -0.0040734 -1.71162 -0.999254 0.0216407 0.0320018 83.6901 
0.0278727 0.00334825 0.999606 5.85635 0.0224031 0.999741 -0.00397339 -1.71894 -0.99936 0.022505 0.0277905 83.7032 
0.0252327 0.00341288 0.999676 6.39746 0.0224627 0.99974 -0.00398008 -1.72478 -0.999429 0.0225559 0.0251495 83.7159 
0.0245247 0.00202101 0.999697 6.95903 0.0218887 0.999757 -0.00255811 -1.73478 -0.99946 0.0219448 0.0244746 83.7297 
0.0258514 0.00138375 0.999665 7.52947 0.0213882 0.999769 -0.001937 -1.7403 -0.999437 0.0214311 0.0258159 83.7523 
0.0285688 0.000417732 0.999592 8.11358 0.0211359 0.999776 -0.00102188 -1.75149 -0.999368 0.0211565 0.0285536 83.771 
0.0313302 -0.000283831 0.999509 8.70899 0.0210819 0.999778 -0.000376918 -1.75368 -0.999287 0.0210834 0.0313293 83.7935 
0.0347825 -0.000531375 0.999395 9.32152 0.0203917 0.999792 -0.000178118 -1.76577 -0.999187 0.0203856 0.0347861 83.8215 
0.0386902 -0.000650013 0.999251 9.94737 0.0205841 0.999788 -0.000146637 -1.77039 -0.999039 0.0205743 0.0386954 83.8514 
0.0424514 -0.00212655 0.999096 10.5955 0.0204373 0.99979 0.00125965 -1.77226 -0.998889 0.0203654 0.042486 83.8868 
0.0468051 -0.00336558 0.998898 11.2544 0.0208625 0.999779 0.002391 -1.77631 -0.998686 0.0207276 0.046865 83.9252 
0.0512539 -0.00462036 0.998675 11.9106 0.0217168 0.999758 0.00351083 -1.78433 -0.99845 0.0215081 0.0513419 83.9672 
0.0554645 -0.0060223 0.998442 12.5811 0.0228415 0.999728 0.00476118 -1.78451 -0.998199 0.0225418 0.055587 84.0133 
0.0600907 -0.00714706 0.998167 13.2528 0.0240208 0.999695 0.00571192 -1.78955 -0.997904 0.0236336 0.060244 84.0592 
0.064658 -0.00852935 0.997871 13.9288 0.0244379 0.999677 0.00696131 -1.79353 -0.997608 0.0239358 0.0648456 84.1101 
0.0688894 -0.00982867 0.997576 14.6149 0.0243372 0.99967 0.00816866 -1.79654 -0.997327 0.0237155 0.0691059 84.1681 
0.0733524 -0.00984771 0.997257 15.3024 0.0250809 0.999653 0.00802656 -1.80126 -0.996991 0.0244234 0.0735739 84.2257 
0.0763671 -0.00985075 0.997031 15.9899 0.0257327 0.999638 0.00790552 -1.80013 -0.996748 0.0250526 0.0765929 84.2849 
0.0773749 -0.00966322 0.996955 16.6853 0.024403 0.999672 0.00779561 -1.8016 -0.996703 0.0237255 0.0775854 84.3453 
0.0774778 -0.00889121 0.996954 17.3908 0.0243439 0.999679 0.00702363 -1.80184 -0.996697 0.0237255 0.0776694 84.3996 
0.0770438 -0.00850284 0.996991 18.1032 0.0249672 0.999667 0.00659628 -1.80563 -0.996715 0.0243839 0.0772304 84.4579 
0.0764727 -0.00761399 0.997043 18.8199 0.0265824 0.999631 0.00559491 -1.80809 -0.996717 0.0260759 0.0766468 84.5117 
0.0763893 -0.00739704 0.997051 19.5443 0.0278571 0.999598 0.00528167 -1.81248 -0.996689 0.0273714 0.0765646 84.5645 
0.0758328 -0.00855846 0.997084 20.2697 0.0290322 0.999558 0.00637166 -1.81693 -0.996698 0.0284644 0.0760477 84.6206 
0.0756912 -0.00906971 0.99709 20.9994 0.0290891 0.999553 0.00688391 -1.81983 -0.996707 0.0284834 0.0759212 84.6739 
0.0751244 -0.00944496 0.997129 21.7344 0.029544 0.999537 0.00724191 -1.82357 -0.996736 0.0289151 0.0753687 84.7313 
0.0746197 -0.00887908 0.997173 22.4672 0.0295698 0.99954 0.00668742 -1.82417 -0.996774 0.0289872 0.0748479 84.7901 
0.0748373 -0.00752374 0.997167 23.2001 0.029675 0.999545 0.00531457 -1.83001 -0.996754 0.0291932 0.0750265 84.8464 
0.0750723 -0.00558751 0.997162 23.9324 0.0297395 0.999552 0.00336194 -1.83367 -0.996735 0.0294027 0.0752049 84.9068 
0.0754147 -0.00527488 0.997138 24.6702 0.0317759 0.999491 0.00288408 -1.843 -0.996646 0.0314675 0.0755439 84.9616 
0.0760734 -0.00513771 0.997089 25.403 0.033578 0.999433 0.00258794 -1.85125 -0.996537 0.0332834 0.0762028 85.0172 
0.0762213 -0.00652686 0.99707 26.1396 0.0346773 0.999391 0.00389114 -1.85717 -0.996488 0.0342791 0.0764012 85.0766 
0.0767326 -0.00895178 0.997012 26.8799 0.0347612 0.999376 0.00629769 -1.86577 -0.996446 0.034174 0.0769959 85.1351 
0.0771611 -0.0104003 0.996964 27.6106 0.0348478 0.999363 0.00772822 -1.87567 -0.996409 0.0341456 0.0774744 85.1966 
0.0777527 -0.0109691 0.996912 28.347 0.035306 0.999343 0.0082422 -1.88618 -0.996347 0.0345561 0.0780888 85.2527 
0.0778762 -0.00979645 0.996915 29.0833 0.0345397 0.999378 0.0071225 -1.88856 -0.996365 0.0338785 0.0781661 85.3148 
0.0766148 -0.00863435 0.997023 29.817 0.033384 0.999424 0.0060898 -1.89167 -0.996502 0.0328181 0.0768589 85.3772 
0.0746094 -0.00826002 0.997179 30.5536 0.0311794 0.999496 0.00594635 -1.89819 -0.996725 0.0306478 0.0748294 85.4345 
0.072547 -0.00832827 0.99733 31.2994 0.0300952 0.999528 0.00615747 -1.90621 -0.996911 0.0295681 0.0727634 85.491 
0.070541 -0.00832748 0.997474 32.0305 0.0291141 0.999556 0.00628592 -1.91229 -0.997084 0.0285972 0.0707521 85.547 
0.0687114 -0.00861793 0.997599 32.7702 0.0291759 0.999552 0.00662526 -1.91951 -0.99721 0.0286506 0.068932 85.5996 
0.0667749 -0.00858087 0.997731 33.5107 0.0289978 0.999557 0.00665584 -1.92633 -0.997347 0.0284876 0.0669941 85.6507 
0.0653747 -0.00848492 0.997825 34.2456 0.0282669 0.999578 0.00664787 -1.92857 -0.99746 0.0277708 0.065587 85.6988 
0.0641454 -0.00907006 0.997899 34.9746 0.0281493 0.999577 0.00727586 -1.9359 -0.997543 0.0276234 0.0643736 85.7505 
0.0631032 -0.00986422 0.997958 35.7047 0.0290994 0.999544 0.00803987 -1.94112 -0.997583 0.0285327 0.0633615 85.7997 
0.0631316 -0.0102624 0.997952 36.4365 0.0300141 0.999514 0.00837975 -1.94592 -0.997554 0.0294236 0.0634089 85.8479 
0.0632925 -0.0105471 0.997939 37.1628 0.0307061 0.999491 0.00861607 -1.9508 -0.997523 0.0300975 0.0635842 85.8958 
0.0636484 -0.00999855 0.997922 37.8986 0.0308111 0.999493 0.00804912 -1.9519 -0.997497 0.0302348 0.0639242 85.9468 
0.0638514 -0.00957239 0.997914 38.6332 0.0308713 0.999494 0.00761226 -1.95015 -0.997482 0.0303208 0.0641146 85.9987 
0.0640776 -0.00937774 0.997901 39.3633 0.0307173 0.999501 0.00742034 -1.94855 -0.997472 0.0301774 0.0643337 86.0504 
0.0644322 -0.00996729 0.997872 40.092 0.0307456 0.999495 0.00799827 -1.95735 -0.997448 0.0301648 0.0647062 86.0997 
0.0647981 -0.0101483 0.997847 40.8303 0.0302127 0.99951 0.00820329 -1.96054 -0.997441 0.0296161 0.0650729 86.1573 
0.0645426 -0.0104102 0.997861 41.562 0.0298554 0.999518 0.00849644 -1.96149 -0.997468 0.0292432 0.0648223 86.2126 
0.0644921 -0.00977361 0.99787 42.306 0.0290985 0.999545 0.00790939 -1.96312 -0.997494 0.0285264 0.0647472 86.2653 
0.0640228 -0.0101464 0.997897 43.0392 0.0285242 0.999558 0.00833321 -1.96943 -0.997541 0.0279307 0.0642839 86.3178 
0.0636898 -0.0100169 0.997919 43.7768 0.028187 0.999569 0.00823446 -1.97792 -0.997572 0.0276039 0.0639446 86.3608 
0.0634374 -0.0099566 0.997936 44.5124 0.0283825 0.999564 0.0081686 -1.98116 -0.997582 0.0278057 0.0636923 86.406 
0.0626196 -0.0104391 0.997983 45.2471 0.029242 0.999535 0.00862047 -1.98496 -0.997609 0.0286433 0.0628957 86.4545 
0.0616016 -0.0100409 0.99805 45.9817 0.0299227 0.999519 0.00820874 -1.99183 -0.997652 0.0293587 0.0618724 86.5079 
0.0607645 -0.0100547 0.998101 46.7158 0.0304903 0.999501 0.00821256 -2.00391 -0.997686 0.0299334 0.0610408 86.5598 
0.060193 -0.00933784 0.998143 47.4485 0.0301912 0.999516 0.00753 -2.01012 -0.99773 0.0296819 0.0604457 86.607 
0.0600851 -0.00889549 0.998154 48.1827 0.0298627 0.999529 0.00711011 -2.01152 -0.997746 0.0293804 0.0603224 86.6554 
0.0598097 -0.00921665 0.998167 48.9171 0.0293158 0.999542 0.00747277 -2.01447 -0.997779 0.0288151 0.0600525 86.7026 
0.0594947 -0.00956987 0.998183 49.6455 0.0292822 0.99954 0.00783758 -2.01846 -0.997799 0.0287627 0.0597475 86.7492 
0.059155 -0.00948753 0.998204 50.3879 0.0283005 0.999569 0.00782337 -2.02207 -0.997848 0.0277869 0.059398 86.7992 
0.0588096 -0.00939022 0.998225 51.1319 0.0274025 0.999594 0.00778871 -2.02682 -0.997893 0.0268958 0.059043 86.8466 
0.0585043 -0.00915534 0.998245 51.8687 0.0264274 0.999622 0.00761913 -2.03482 -0.997937 0.0259352 0.0587241 86.8964 
0.0585332 -0.00926379 0.998242 52.6075 0.0262538 0.999625 0.0077372 -2.04038 -0.99794 0.0257548 0.0587545 86.9397 
0.0580234 -0.00922571 0.998273 53.3466 0.0262386 0.999626 0.00771313 -2.04662 -0.99797 0.0257457 0.0582438 86.9886 
0.0580907 -0.00944079 0.998267 54.0805 0.0259775 0.999631 0.00794202 -2.05265 -0.997973 0.0254711 0.0583145 87.0329 
0.0579304 -0.00995941 0.998271 54.8087 0.0254589 0.99964 0.00849566 -2.05527 -0.997996 0.0249228 0.0581631 87.0778 
0.0576632 -0.0105003 0.998281 55.5477 0.025612 0.999631 0.00903514 -2.06271 -0.998008 0.025047 0.0579108 87.128 
0.0579817 -0.0108702 0.998258 56.2801 0.0272693 0.999585 0.00930078 -2.0692 -0.997945 0.0266826 0.0582541 87.1659 
0.0576953 -0.0109909 0.998274 57.0036 0.0284744 0.999551 0.00935924 -2.06435 -0.997928 0.0278853 0.0579823 87.2102 
0.0579157 -0.0104949 0.998266 57.7275 0.0284113 0.999557 0.00886019 -2.0697 -0.997917 0.0278489 0.0581882 87.2525 
0.0580774 -0.0100619 0.998261 58.449 0.0280427 0.999571 0.00844359 -2.07092 -0.997918 0.0275036 0.0583347 87.2966 
0.0581658 -0.00981688 0.998259 59.1632 0.027627 0.999585 0.00822017 -2.0737 -0.997925 0.0271007 0.0584129 87.3425 
0.0580851 -0.00930605 0.998268 59.8719 0.0275401 0.999591 0.00771594 -2.07323 -0.997932 0.0270442 0.0583177 87.3905 
0.0580943 -0.00905625 0.99827 60.5856 0.0282447 0.999573 0.00742437 -2.08198 -0.997911 0.0277645 0.0583253 87.4326 
0.0583417 -0.0089262 0.998257 61.3037 0.0274127 0.999597 0.00733609 -2.08742 -0.99792 0.0269369 0.0585629 87.4725 
0.0585244 -0.00890569 0.998246 62.0174 0.0265769 0.99962 0.00735981 -2.09377 -0.997932 0.0260996 0.0587389 87.5169 
0.0589374 -0.00881707 0.998223 62.72 0.0258018 0.99964 0.00730619 -2.09345 -0.997928 0.0253253 0.0591437 87.5558 
0.0595626 -0.00869376 0.998187 63.4318 0.025302 0.999654 0.00719675 -2.09766 -0.997904 0.0248275 0.0597619 87.5967 
0.0600148 -0.00924024 0.998155 64.1292 0.0247201 0.999664 0.0077679 -2.10047 -0.997891 0.0242083 0.060223 87.6423 
0.0605298 -0.00924426 0.998124 64.8257 0.0242437 0.999676 0.00778842 -2.1011 -0.997872 0.0237267 0.0607343 87.6853 
0.0616396 -0.00951255 0.998053 65.5206 0.0248038 0.99966 0.00799599 -2.10972 -0.99779 0.0242626 0.0618546 87.7306 
0.0630317 -0.0099511 0.997962 66.2082 0.025362 0.999643 0.00836599 -2.11368 -0.997689 0.024783 0.0632616 87.7766 
0.0644589 -0.00994479 0.997871 66.8899 0.0249271 0.999654 0.00835236 -2.11437 -0.997609 0.0243356 0.0646845 87.8263 
0.066528 -0.0101371 0.997733 67.5676 0.0246068 0.999661 0.00851589 -2.11462 -0.997481 0.0239845 0.0667549 87.874 
0.0678586 -0.0102464 0.997642 68.2443 0.0255136 0.999638 0.00853146 -2.11034 -0.997369 0.0248745 0.0680954 87.9295 
0.0699923 -0.0106659 0.997491 68.9176 0.0259746 0.999623 0.00886608 -2.11329 -0.997209 0.0252889 0.070243 87.9804 
0.0726079 -0.0110532 0.997299 69.5903 0.0264021 0.999609 0.00915662 -2.12053 -0.997011 0.025666 0.0728714 88.0317 
0.0747795 -0.0106035 0.997144 70.2606 0.025798 0.999629 0.00869525 -2.12122 -0.996866 0.0250741 0.0750253 88.0886 
0.0775759 -0.0106064 0.99693 70.9227 0.0261934 0.99962 0.00859674 -2.12505 -0.996642 0.0254461 0.0778242 88.1401 
0.0804215 -0.0112375 0.996698 71.5791 0.0262574 0.999613 0.00915174 -2.13201 -0.996415 0.0254347 0.0806855 88.1938 
0.0825233 -0.0119996 0.996517 72.2196 0.0261117 0.99961 0.00987448 -2.13154 -0.996247 0.0252059 0.0828045 88.2516 
0.0849622 -0.0123821 0.996307 72.8487 0.0251666 0.99963 0.0102772 -2.13742 -0.996066 0.0242005 0.0852425 88.3089 
0.0876575 -0.0119591 0.996079 73.4653 0.0250457 0.999638 0.00979778 -2.13939 -0.995836 0.0240887 0.0879253 88.3677 
0.0911835 -0.011199 0.995771 74.0612 0.0247224 0.999654 0.00897877 -2.1434 -0.995527 0.0237992 0.0914288 88.4223 
0.0951339 -0.0107139 0.995407 74.6435 0.0247193 0.999659 0.00839718 -2.14678 -0.995158 0.0238069 0.0953663 88.4839 
0.100324 -0.00986597 0.994906 75.2237 0.0225216 0.999717 0.00764266 -2.14855 -0.9947 0.0216401 0.100517 88.5382 
0.104346 -0.00924564 0.994498 75.7898 0.0213945 0.999746 0.00704965 -2.15255 -0.994311 0.0205412 0.104518 88.6005 
0.108246 -0.00859159 0.994087 76.3425 0.0217785 0.999743 0.00626902 -2.15183 -0.993886 0.0209712 0.108405 88.6648 
0.111066 -0.00852612 0.993776 76.8778 0.0218473 0.999742 0.00613562 -2.15637 -0.993573 0.0210298 0.111224 88.7391 
0.114291 -0.00820878 0.993413 77.401 0.0217921 0.999746 0.00575395 -2.16073 -0.993208 0.0209909 0.114441 88.7995 
0.115952 -0.00614671 0.993236 77.9027 0.0198826 0.999795 0.00386618 -2.14274 -0.993056 0.0192999 0.11605 88.8704 
0.115465 -0.00491005 0.993299 78.3962 0.0170702 0.99985 0.00295813 -2.1428 -0.993165 0.0166142 0.115532 88.9438 
0.112254 -0.00429336 0.99367 78.8682 0.0135796 0.999904 0.00278623 -2.14967 -0.993587 0.0131809 0.112301 89.0099 
0.105827 -0.00345095 0.994379 79.3271 0.0104141 0.999943 0.00236193 -2.15131 -0.99433 0.0101056 0.105857 89.0616 
0.0929443 -0.00252368 0.995668 79.7662 0.00679413 0.999975 0.00190037 -2.14974 -0.995648 0.00658807 0.0929591 89.1064 
0.0732963 -0.00273128 0.997306 80.1848 0.00516426 0.999984 0.00235907 -2.15409 -0.997297 0.00497744 0.0733092 89.1225 
0.045838 -0.00318101 0.998944 80.588 0.00448727 0.999985 0.00297842 -2.16249 -0.998939 0.00434601 0.0458516 89.1231 
0.0103099 -0.00246131 0.999944 80.98 0.00384169 0.99999 0.00242181 -2.16706 -0.999939 0.0038165 0.0103193 89.1083 
-0.0334287 -0.00132173 0.99944 81.3594 0.00473942 0.999988 0.00148097 -2.16715 -0.99943 0.00478628 -0.0334221 89.0745 
-0.0840881 -0.00342109 0.996452 81.7295 0.00519155 0.999979 0.00387129 -2.18554 -0.996445 0.00549866 -0.0840686 89.0152 
-0.141651 -0.00127496 0.989916 82.0981 0.00827126 0.999963 0.00247147 -2.17454 -0.989882 0.00853794 -0.141636 88.9329 
-0.205511 -0.000495552 0.978655 82.4452 0.0109577 0.999936 0.00280736 -2.18671 -0.978593 0.0113007 -0.205492 88.8365 
-0.270747 0.00245093 0.962647 82.7715 0.0162837 0.999865 0.00203413 -2.17959 -0.962513 0.0162262 -0.27075 88.6907 
-0.338665 0.00138965 0.940906 83.0868 0.0213779 0.999752 0.00621811 -2.18776 -0.940664 0.0222205 -0.338611 88.5275 
-0.407741 -0.00153055 0.913096 83.4102 0.0251642 0.9996 0.0129126 -2.19202 -0.912751 0.0282423 -0.407539 88.3554 
-0.471832 -0.00021769 0.881688 83.6846 0.0285257 0.999473 0.0155122 -2.17309 -0.881227 0.0324699 -0.471577 88.1512 
-0.534652 0.000714099 0.845072 83.9463 0.028143 0.99946 0.0169607 -2.15919 -0.844604 0.032851 -0.534383 87.9363 
-0.5956 -0.00298977 0.803276 84.1819 0.0236832 0.999493 0.0212803 -2.1581 -0.802932 0.0316987 -0.595227 87.7053 
-0.654657 -0.00842519 0.755879 84.4083 0.0190414 0.999437 0.0276314 -2.16246 -0.755686 0.0324821 -0.654128 87.47 
-0.708894 -0.00747156 0.705276 84.6032 0.0185891 0.999399 0.029272 -2.14118 -0.70507 0.0338612 -0.708329 87.2078 
-0.75923 -0.00792474 0.650774 84.7728 0.0168703 0.99935 0.0318514 -2.13563 -0.650604 0.0351613 -0.758603 86.9335 
-0.80405 -0.00434364 0.594546 84.9313 0.0192597 0.999258 0.0333468 -2.13499 -0.59425 0.0382633 -0.80337 86.638 
-0.841529 -0.000822289 0.540212 85.0613 0.0200678 0.999261 0.0327822 -2.12833 -0.53984 0.038428 -0.84089 86.338 
-0.874238 0.00421554 0.485479 85.1877 0.0216164 0.999309 0.030249 -2.10836 -0.485016 0.0369392 -0.873725 86.0238 
-0.901231 0.00188952 0.433334 85.3105 0.0169422 0.99938 0.0308781 -2.09721 -0.433007 0.0351699 -0.900704 85.6918 
-0.922382 -0.00184212 0.386274 85.4233 0.0122591 0.999345 0.0340393 -2.09406 -0.386084 0.0361326 -0.921756 85.3539 
-0.93913 -0.0032239 0.343546 85.5183 0.0100078 0.999275 0.036735 -2.08275 -0.343416 0.0379371 -0.938417 85.0053 
-0.953 -0.00402641 0.302943 85.6042 0.00840209 0.999176 0.0397114 -2.07606 -0.302853 0.0403903 -0.952181 84.6472 
-0.964227 -0.00346403 0.265056 85.671 0.00745528 0.999165 0.0401792 -2.05916 -0.264973 0.0407179 -0.963396 84.2853 
-0.973164 -0.0045647 0.230069 85.7328 0.00495304 0.999156 0.0407746 -2.04864 -0.230061 0.0408199 -0.97232 83.9141 
-0.980321 -0.00581341 0.197325 85.7899 0.002484 0.999124 0.041776 -2.04069 -0.197395 0.041444 -0.979448 83.5261 
-0.985771 -0.00659782 0.167967 85.8357 0.000519766 0.999105 0.0422957 -2.03206 -0.168096 0.0417812 -0.984885 83.1353 
-0.989818 -0.00671922 0.142179 85.8751 -0.000700023 0.999103 0.042343 -2.02135 -0.142336 0.0418123 -0.988935 82.7314 
-0.992771 -0.0051003 0.119915 85.9082 -9.16194e-05 0.999129 0.0417372 -2.00745 -0.120023 0.0414245 -0.991906 82.3124 
-0.994868 -0.0037481 0.101109 85.9389 0.000473937 0.99913 0.041701 -1.99439 -0.101177 0.041535 -0.994001 81.8795 
-0.996321 -0.00379512 0.0856166 85.9695 -0.000243606 0.99914 0.041454 -1.97716 -0.0857003 0.0412806 -0.995465 81.4397 
-0.997284 -0.00300719 0.0735973 85.995 3.00714e-05 0.99915 0.0412327 -1.96317 -0.0736587 0.0411229 -0.996435 80.9802 
-0.997929 -0.0020993 0.0642915 86.0211 0.000532291 0.999164 0.0408878 -1.95131 -0.0643235 0.0408373 -0.997093 80.5018 
-0.99835 -0.00142523 0.0574083 86.0488 0.000905752 0.999177 0.0405571 -1.93487 -0.0574189 0.0405422 -0.997527 80.0127 
-0.998598 -0.000217761 0.0529298 86.0739 0.00191846 0.999186 0.0403053 -1.91392 -0.0528955 0.0403503 -0.997785 79.4996 
