1 0 0 0 0 1 0 0 0 0 1 0 
0.999997 0.000201166 -0.00229819 -0.0417771 -0.00020221 1 -0.000453994 -0.0386179 0.0022981 0.000454458 0.999997 0.814987 
0.99999 0.000352643 -0.00442296 -0.085837 -0.000359811 0.999999 -0.00161977 -0.061561 0.00442238 0.00162135 0.999989 1.6472 
0.999974 0.00058444 -0.0072411 -0.116629 -0.000600525 0.999997 -0.00221933 -0.0942283 0.00723978 0.00222362 0.999971 2.44192 
0.999961 0.000880558 -0.00880481 -0.171779 -0.000907155 0.999995 -0.00301719 -0.124451 0.00880211 0.00302506 0.999957 3.28753 
0.999943 0.00117814 -0.0106459 -0.217967 -0.0012253 0.999989 -0.004424 -0.134408 0.0106405 0.00443679 0.999934 4.07518 
0.999913 0.00207222 -0.0130167 -0.252545 -0.00213033 0.999988 -0.00445214 -0.182489 0.0130073 0.00447948 0.999905 4.90319 
0.999888 0.00236851 -0.0147861 -0.297296 -0.00243945 0.999986 -0.00478096 -0.220575 0.0147745 0.0048165 0.999879 5.7041 
0.999854 0.00260018 -0.0169026 -0.34204 -0.00268297 0.999985 -0.00487744 -0.262546 0.0168896 0.00492208 0.999845 6.51577 
0.999835 0.00379938 -0.0177604 -0.409938 -0.0038859 0.999981 -0.00483996 -0.311963 0.0177417 0.00490817 0.999831 7.3616 
0.999787 0.00394879 -0.0202428 -0.441344 -0.00405238 0.999979 -0.00507875 -0.354505 0.0202223 0.0051597 0.999782 8.13007 
0.999738 0.00477025 -0.0223715 -0.481031 -0.00491606 0.999967 -0.00646721 -0.36888 0.0223399 0.0065755 0.999729 8.92752 
0.999683 0.0045803 -0.0247758 -0.521207 -0.00476502 0.999961 -0.00740193 -0.395769 0.0247409 0.00751763 0.999666 9.7326 
0.999634 0.00371381 -0.026809 -0.566665 -0.0039246 0.999962 -0.00781428 -0.43125 0.026779 0.00791664 0.99961 10.56 
0.99958 0.0039991 -0.0286852 -0.614371 -0.00423122 0.999959 -0.00803586 -0.471165 0.0286519 0.00815386 0.999556 11.4197 
0.999534 0.00391422 -0.0302894 -0.661567 -0.00414976 0.999962 -0.00771723 -0.492471 0.030258 0.00783932 0.999511 12.2165 
0.999438 0.00707364 -0.0327684 -0.699047 -0.00739707 0.999925 -0.00975965 -0.512604 0.0326969 0.00999656 0.999415 13.035 
0.99937 0.00674495 -0.0348546 -0.737634 -0.00717275 0.9999 -0.0121633 -0.536468 0.034769 0.0124057 0.999318 13.8177 
0.999256 0.00958441 -0.0373542 -0.788218 -0.0101253 0.999846 -0.0143172 -0.557809 0.0372112 0.0146848 0.9992 14.7472 
0.999201 0.0115974 -0.0382459 -0.83838 -0.0121132 0.999838 -0.0132849 -0.592846 0.0380856 0.0137376 0.99918 15.5144 
0.999137 0.0117275 -0.0398584 -0.883169 -0.0121722 0.999866 -0.0109333 -0.623581 0.0397248 0.011409 0.999146 16.3239 
0.999075 0.0116991 -0.0413783 -0.937812 -0.0120443 0.999895 -0.00810322 -0.675948 0.0412791 0.00859409 0.999111 17.2753 
0.999017 0.0109407 -0.0429533 -0.992112 -0.0112636 0.99991 -0.00728332 -0.703693 0.0428697 0.00775997 0.999051 18.1484 
0.998945 0.0109716 -0.0445896 -1.05144 -0.011343 0.999903 -0.00808588 -0.720813 0.0444965 0.00858313 0.998973 19.0982 
0.998878 0.00887598 -0.046517 -1.09287 -0.00929998 0.999917 -0.00890658 -0.744203 0.0464341 0.00932919 0.998878 19.9926 
0.99884 0.00939386 -0.0472289 -1.14044 -0.00972649 0.999929 -0.00681796 -0.770479 0.0471615 0.00726942 0.998861 20.906 
0.99883 0.0104028 -0.0472253 -1.20317 -0.0105316 0.999941 -0.00248035 -0.798125 0.0471968 0.00297481 0.998881 21.9025 
0.998871 0.0111759 -0.0461663 -1.26076 -0.0111217 0.999937 0.00143042 -0.827005 0.0461794 -0.00091536 0.998933 22.7896 
0.998916 0.0109187 -0.0452526 -1.29447 -0.0107344 0.999933 0.00431468 -0.853039 0.0452966 -0.00382425 0.998966 23.6408 
0.998983 0.0123296 -0.0433661 -1.34582 -0.0120957 0.999911 0.00565246 -0.871446 0.0434319 -0.00512217 0.999043 24.5694 
0.999029 0.0129822 -0.0421096 -1.39226 -0.0128309 0.99991 0.00386136 -0.895405 0.0421559 -0.00331731 0.999106 25.4451 
0.999064 0.0130095 -0.0412585 -1.44734 -0.0130592 0.999914 -0.000936941 -0.930393 0.0412427 0.00147487 0.999148 26.43 
0.999101 0.0130889 -0.0403183 -1.48485 -0.0132379 0.999906 -0.00343122 -0.96077 0.0402696 0.00396187 0.999181 27.2721 
0.999138 0.0114215 -0.039909 -1.52581 -0.0115377 0.99993 -0.00268427 -0.971655 0.0398755 0.00314242 0.9992 28.1861 
0.999207 0.00772882 -0.0390615 -1.6056 -0.0076735 0.999969 0.00156609 -0.966416 0.0390724 -0.00126511 0.999236 29.177 
0.999218 0.00378 -0.0393598 -1.66579 -0.00356933 0.999979 0.00542141 -0.981707 0.0393795 -0.00527668 0.99921 30.1331 
0.999167 -0.00341502 -0.0406721 -1.69975 0.00364027 0.999978 0.00546548 -0.999903 0.0406526 -0.00560898 0.999158 31.0526 
0.999112 -0.00500564 -0.0418418 -1.75635 0.00500842 0.999987 -3.85496e-05 -0.990556 0.0418415 -0.000171046 0.999124 32.0468 
0.99902 -0.00387578 -0.0440961 -1.78962 0.00364163 0.999979 -0.0053891 -0.994109 0.044116 0.00522323 0.999013 32.9852 
0.998909 -0.00326638 -0.0465826 -1.83747 0.00296534 0.999974 -0.00653019 -1.02664 0.0466027 0.00638493 0.998893 33.9607 
0.998854 -0.00324675 -0.0477482 -1.91106 0.00305553 0.999987 -0.00407732 -1.09185 0.0477609 0.00392675 0.998851 35.101 
0.99877 0.00136314 -0.0495612 -1.958 -0.00128648 0.999998 0.00157864 -1.18245 0.0495632 -0.00151294 0.99877 36.1323 
0.9987 0.00098744 -0.0509714 -2.02875 -0.000845457 0.999996 0.00280703 -1.2238 0.0509739 -0.00276028 0.998696 37.2173 
0.998603 0.00216169 -0.0527875 -2.07291 -0.001912 0.999987 0.00478022 -1.24846 0.0527971 -0.00467261 0.998594 38.2705 
0.998649 0.00149772 -0.0519455 -2.15096 -0.00104856 0.999962 0.00867294 -1.2773 0.0519565 -0.00860676 0.998612 39.2508 
0.998648 0.00782798 -0.0513817 -2.24411 -0.00728097 0.999915 0.0108246 -1.29913 0.0514621 -0.0104359 0.99862 40.2935 
0.998631 0.01012 -0.0513166 -2.31039 -0.00956247 0.999893 0.0110992 -1.31011 0.0514235 -0.0105933 0.998621 41.2824 
0.998631 0.00792556 -0.0517014 -2.37249 -0.00740174 0.999919 0.0103153 -1.33554 0.051779 -0.00991851 0.998609 42.2033 
0.998607 0.0105113 -0.0517038 -2.43779 -0.0101583 0.999923 0.00708465 -1.3494 0.0517743 -0.00654956 0.998637 43.2003 
0.998591 0.0112348 -0.0518565 -2.51247 -0.0108922 0.999917 0.00688511 -1.37252 0.0519295 -0.00631058 0.998631 44.1516 
0.998527 0.0100833 -0.0533066 -2.56581 -0.00958162 0.999907 0.00965807 -1.41776 0.053399 -0.00913308 0.998531 45.1406 
0.998395 0.0110635 -0.0555519 -2.61147 -0.010461 0.999883 0.0111244 -1.4456 0.0556685 -0.0105254 0.998394 46.1976 
0.998311 0.014089 -0.0563592 -2.66827 -0.0135784 0.999863 0.00943343 -1.46686 0.0564844 -0.00865224 0.998366 47.0791 
0.998269 0.0144648 -0.0570088 -2.75282 -0.0142948 0.999892 0.00338922 -1.46945 0.0570517 -0.00256842 0.998368 48.1208 
0.998173 0.015739 -0.0583296 -2.80256 -0.0156458 0.999875 0.00205521 -1.46939 0.0583546 -0.00113884 0.998295 49.0143 
0.998156 0.0161422 -0.058513 -2.86644 -0.0157477 0.99985 0.0071969 -1.52184 0.0586204 -0.00626218 0.998261 49.937 
0.998239 0.01297 -0.0578905 -2.95186 -0.0123754 0.999867 0.0106166 -1.54 0.0580205 -0.00988147 0.998266 50.9056 
0.998261 0.0111341 -0.0578823 -3.02393 -0.010433 0.999869 0.0124006 -1.57377 0.0580127 -0.0117751 0.998246 51.8682 
0.998268 0.00767709 -0.0583211 -3.07874 -0.00695402 0.999897 0.012591 -1.60254 0.0584118 -0.0121636 0.998218 52.7769 
0.998259 0.0033999 -0.0588832 -3.13636 -0.00271337 0.999927 0.0117352 -1.62441 0.0589188 -0.011555 0.998196 53.7302 
0.99821 0.00114597 -0.059793 -3.20437 -0.000337775 0.999908 0.0135249 -1.64976 0.059803 -0.0134805 0.998119 54.616 
0.998141 -0.000955323 -0.0609342 -3.2653 0.00205969 0.999835 0.0180638 -1.64746 0.0609068 -0.0181557 0.997978 55.6018 
0.998156 -0.00260715 -0.0606387 -3.34841 0.00407717 0.9997 0.0241312 -1.66441 0.0605576 -0.0243339 0.997868 56.5618 
0.998119 -0.00052127 -0.0613117 -3.41313 0.00219694 0.999626 0.0272662 -1.67971 0.0612745 -0.0273496 0.997746 57.4817 
0.997976 0.000165325 -0.0635952 -3.47937 0.00139796 0.999698 0.0245365 -1.67756 0.06358 -0.0245757 0.997674 58.5164 
0.997908 0.00146523 -0.0646319 -3.55056 -0.000382192 0.999859 0.0167662 -1.68888 0.0646474 -0.0167064 0.997768 59.3784 
0.997856 0.00171928 -0.0654276 -3.61219 -0.000957831 0.999931 0.0116676 -1.70195 0.0654431 -0.0115799 0.997789 60.2266 
0.997761 0.00747848 -0.0664554 -3.69702 -0.00662424 0.999893 0.0130653 -1.72115 0.066546 -0.0125959 0.997704 61.1904 
0.997699 0.0102325 -0.0670158 -3.76737 -0.00910083 0.999811 0.0171696 -1.75926 0.0671788 -0.0165202 0.997604 62.0608 
0.997576 0.0118436 -0.0685703 -3.83521 -0.0105602 0.999763 0.0190491 -1.77269 0.0687796 -0.0182788 0.997464 62.9153 
0.997484 0.01107 -0.0700272 -3.90104 -0.00979095 0.999779 0.0185813 -1.78484 0.0702175 -0.0178489 0.997372 63.8337 
0.997362 0.0126307 -0.0714744 -3.97388 -0.0111698 0.999721 0.0208021 -1.81227 0.0717172 -0.0199489 0.997225 64.6731 
0.997245 0.0134732 -0.0729469 -4.0474 -0.0119207 0.999694 0.0216761 -1.82049 0.0732166 -0.0207468 0.9971 65.5595 
0.997119 0.0132611 -0.0746907 -4.11307 -0.0115836 0.999672 0.0228481 -1.83018 0.0749692 -0.0219171 0.996945 66.3813 
0.997006 0.0119705 -0.0763891 -4.17133 -0.0101996 0.999671 0.0235311 -1.83456 0.0766456 -0.0226815 0.9968 67.175 
0.996824 0.0134201 -0.0785004 -4.23518 -0.0113968 0.999593 0.0261658 -1.84202 0.0788196 -0.025188 0.996571 68.0308 
0.996658 0.0157972 -0.0801496 -4.29493 -0.0133598 0.999435 0.030856 -1.84381 0.0805917 -0.0296821 0.996305 68.8157 
0.996509 0.0177814 -0.081569 -4.36448 -0.0151498 0.999348 0.0327689 -1.84414 0.0820985 -0.0314187 0.996129 69.5367 
0.996322 0.0202481 -0.0832559 -4.441 -0.0178569 0.999409 0.0293659 -1.84787 0.0838013 -0.0277712 0.996095 70.3143 
0.996187 0.0204122 -0.0848228 -4.50188 -0.0186958 0.999605 0.020981 -1.83472 0.0852175 -0.0193152 0.996175 71.0209 
0.996036 0.0193181 -0.086829 -4.57053 -0.0180413 0.999718 0.0154658 -1.84725 0.0871032 -0.013838 0.996103 71.7937 
0.996043 0.0205104 -0.0864683 -4.64989 -0.0193781 0.999715 0.0139151 -1.86343 0.0867291 -0.0121844 0.996157 72.458 
0.995954 0.0217282 -0.0871981 -4.71619 -0.0203485 0.999654 0.0166802 -1.86862 0.0875304 -0.0148383 0.996051 73.0972 
0.995825 0.0229559 -0.0883507 -4.77946 -0.0212561 0.999571 0.0201322 -1.88611 0.0887749 -0.0181701 0.995886 73.7542 
0.995766 0.0196807 -0.0897891 -4.8319 -0.0181616 0.999678 0.017704 -1.9124 0.0901086 -0.0159983 0.995803 74.356 
0.995875 0.0120929 -0.0899241 -4.87453 -0.0108904 0.999845 0.0138507 -1.93603 0.0900777 -0.0128143 0.995852 74.9168 
0.996015 0.00774219 -0.0888463 -4.92975 -0.00706735 0.999944 0.00790773 -1.9492 0.0889025 -0.00724831 0.996014 75.5389 
0.99628 0.00929121 -0.0856702 -4.98904 -0.00865459 0.999932 0.0077995 -1.96121 0.0857369 -0.00702905 0.996293 76.089 
0.99651 0.015573 -0.0820042 -5.03678 -0.0147182 0.999831 0.0110177 -1.97248 0.0821619 -0.00977234 0.996571 76.632 
0.996912 0.0144777 -0.0771854 -5.07895 -0.0134069 0.999807 0.014374 -1.98098 0.0773786 -0.0132948 0.996913 77.1881 
0.997348 0.0106088 -0.0719995 -5.10606 -0.00927355 0.999779 0.0188549 -2.00405 0.0721837 -0.0181373 0.997226 77.7159 
0.99795 0.0064297 -0.0636808 -5.1303 -0.00492851 0.999707 0.0237027 -2.01972 0.0638146 -0.0233402 0.997689 78.2445 
0.998535 0.00861636 -0.0534102 -5.1566 -0.00741368 0.999715 0.0226752 -2.02028 0.0535903 -0.022246 0.998315 78.7187 
0.999143 0.0143 -0.0388392 -5.18784 -0.0133984 0.999637 0.023376 -2.04983 0.0391594 -0.0228356 0.998972 79.1688 
0.999607 0.019597 -0.0200465 -5.19859 -0.0191337 0.999551 0.0230483 -2.03804 0.0204892 -0.0226557 0.999533 79.674 
0.999798 0.0200643 0.00140257 -5.20027 -0.0200912 0.999535 0.0229242 -2.03415 -0.00094196 -0.0229478 0.999736 80.0968 
0.99944 0.0168634 0.0289101 -5.17845 -0.0175645 0.999554 0.0241707 -2.05126 -0.0284896 -0.0246649 0.99929 80.5899 
0.998269 0.0152279 0.0568151 -5.13291 -0.0167102 0.99953 0.0257057 -2.05687 -0.0563969 -0.0266106 0.998054 81.0411 
0.99599 0.0147332 0.088247 -5.08362 -0.0171331 0.999502 0.0264988 -2.05143 -0.0878127 -0.0279045 0.995746 81.4537 
0.991717 0.0146088 0.127606 -5.02025 -0.0182423 0.999459 0.0273517 -2.06071 -0.127138 -0.029453 0.991448 81.8761 
0.985904 0.0138831 0.166732 -4.92745 -0.0186747 0.999455 0.027205 -2.06326 -0.166264 -0.0299353 0.985627 82.2767 
0.977852 0.0135386 0.208859 -4.80475 -0.0195078 0.999457 0.0265464 -2.06456 -0.208387 -0.0300328 0.977585 82.6979 
0.965496 0.0156229 0.259947 -4.6801 -0.0226066 0.999459 0.0238976 -2.06713 -0.259433 -0.0289495 0.965327 83.1083 
0.95071 0.0159926 0.309667 -4.53063 -0.023713 0.999494 0.0211829 -2.08284 -0.309172 -0.0274819 0.950609 83.4602 
0.929959 0.0163558 0.3673 -4.36001 -0.0246414 0.999536 0.0178797 -2.07863 -0.366837 -0.0256782 0.929931 83.8056 
0.906841 0.0156501 0.421181 -4.17689 -0.0247435 0.999564 0.0161335 -2.0942 -0.420745 -0.025052 0.906833 84.126 
0.87965 0.0151793 0.47538 -3.96509 -0.0249315 0.999588 0.0142158 -2.11738 -0.474969 -0.0243569 0.879666 84.4289 
0.845008 0.0119572 0.53462 -3.71956 -0.0212131 0.999713 0.0111697 -2.12076 -0.534333 -0.0207794 0.845019 84.7363 
0.810103 0.0121344 0.586161 -3.47046 -0.0215183 0.999728 0.00904355 -2.12192 -0.585892 -0.0199394 0.810144 85.0093 
0.768458 0.00994405 0.639823 -3.18964 -0.0204195 0.999751 0.00898684 -2.12519 -0.639575 -0.0199709 0.76847 85.2843 
0.727877 0.00874406 0.685652 -2.89339 -0.0217282 0.999711 0.0103171 -2.13468 -0.685363 -0.0224076 0.727856 85.5412 
0.685345 0.00704611 0.728185 -2.5989 -0.0220553 0.999695 0.0110844 -2.15332 -0.727885 -0.023657 0.685291 85.7521 
0.636528 0.00535567 0.771235 -2.2602 -0.0184873 0.999795 0.00831539 -2.14854 -0.771032 -0.019551 0.636496 85.985 
0.591763 0.00201724 0.80611 -1.95613 -0.0123353 0.999902 0.00655308 -2.15187 -0.806018 -0.0138214 0.59173 86.1642 
0.542528 0.00292949 0.840032 -1.60173 -0.0132852 0.999899 0.00509317 -2.16608 -0.839932 -0.0139232 0.542512 86.3578 
0.497402 0.00494602 0.867506 -1.27104 -0.0170523 0.999846 0.00407674 -2.18073 -0.867352 -0.0168207 0.49741 86.5185 
0.454335 0.00682059 0.890805 -0.928487 -0.0193926 0.999809 0.00223558 -2.19691 -0.89062 -0.0182908 0.454381 86.648 
0.409535 0.00393198 0.912286 -0.542114 -0.0121346 0.999926 0.00113765 -2.20915 -0.912214 -0.0115362 0.409552 86.785 
0.371607 -0.00420217 0.928381 -0.172968 0.002328 0.999991 0.00359446 -2.21987 -0.928387 0.000825541 0.371614 86.8888 
0.337201 -0.00881644 0.941391 0.153954 0.00874905 0.999942 0.00623093 -2.22743 -0.941392 0.0061352 0.337259 86.9836 
0.302961 -0.00539122 0.952988 0.555094 0.00678951 0.999971 0.00349858 -2.23071 -0.952979 0.00541039 0.302989 87.082 
0.272947 0.0021692 0.962027 0.904333 -0.0049744 0.999987 -0.000843455 -2.24426 -0.962016 -0.00455529 0.272955 87.1788 
0.246076 0.00741173 0.969222 1.2873 -0.0116486 0.999921 -0.004689 -2.24677 -0.96918 -0.0101363 0.246143 87.2513 
0.21885 0.00900678 0.975717 1.69177 -0.0105979 0.99992 -0.00685313 -2.25621 -0.975701 -0.00884073 0.218928 87.3239 
0.196464 0.0096195 0.980464 2.08413 -0.00407262 0.999951 -0.00899463 -2.26688 -0.980503 -0.00222593 0.196494 87.3707 
0.177019 0.014639 0.984099 2.47946 0.00412023 0.99987 -0.0156148 -2.27064 -0.984199 0.00681883 0.176936 87.4076 
0.156284 0.0227425 0.98745 2.93272 0.00635147 0.999691 -0.0240296 -2.27004 -0.987692 0.0100272 0.156091 87.4543 
0.13856 0.0241868 0.990059 3.32949 0.00420795 0.999678 -0.0250107 -2.27078 -0.990345 0.0076316 0.138414 87.5112 
0.123691 0.0195206 0.992129 3.76104 0.000623885 0.999805 -0.0197494 -2.28337 -0.992321 0.0030618 0.123655 87.548 
0.108317 0.0153953 0.993997 4.28041 0.00115725 0.999877 -0.0156125 -2.30928 -0.994116 0.0028414 0.108286 87.5794 
0.0957382 0.0130002 0.995322 4.74669 0.0041094 0.999901 -0.0134553 -2.3212 -0.995398 0.00537836 0.0956753 87.5926 
0.0832859 0.0118072 0.996456 5.26992 0.008802 0.999882 -0.0125835 -2.33361 -0.996487 0.00981883 0.0831722 87.6111 
0.0730418 0.0118452 0.997259 5.74751 0.011849 0.999849 -0.0127438 -2.35682 -0.997258 0.0127473 0.0728904 87.6283 
0.0647185 0.0123986 0.997827 6.25822 0.0144617 0.999806 -0.0133612 -2.37185 -0.997799 0.015295 0.0645267 87.6484 
0.0584054 0.012277 0.998217 6.80487 0.0167643 0.999771 -0.013277 -2.38626 -0.998152 0.0175099 0.0581862 87.6576 
0.0523455 0.0133669 0.99854 7.31519 0.018264 0.99973 -0.0143403 -2.39353 -0.998462 0.018988 0.0520873 87.6739 
0.0467138 0.0140637 0.998809 7.84323 0.0177932 0.999731 -0.0149089 -2.4086 -0.99875 0.0184684 0.046451 87.6744 
0.0424261 0.0135727 0.999007 8.45298 0.020109 0.999694 -0.014436 -2.42776 -0.998897 0.0207015 0.0421401 87.6648 
0.0393776 0.0129389 0.999141 9.05229 0.0225689 0.99965 -0.013835 -2.44202 -0.998969 0.0230943 0.0390718 87.6626 
0.0358114 0.0112379 0.999295 9.69347 0.0235894 0.999649 -0.0120873 -2.48244 -0.99908 0.0240056 0.0355337 87.6701 
0.0319306 0.00939495 0.999446 10.3906 0.0254797 0.999623 -0.0102107 -2.52227 -0.999165 0.0257916 0.0316792 87.6794 
0.03105 0.00829226 0.999483 11.0266 0.0299951 0.999507 -0.00922429 -2.54746 -0.999068 0.030266 0.0307859 87.6665 
0.0314031 0.0085013 0.999471 11.7539 0.0342947 0.999366 -0.00957794 -2.54558 -0.998918 0.0345774 0.0310916 87.6568 
0.0327922 0.00762758 0.999433 12.4154 0.0356205 0.999327 -0.00879551 -2.57202 -0.998827 0.0358888 0.0324984 87.6549 
0.0356061 0.00746171 0.999338 13.1258 0.0387986 0.999208 -0.00884312 -2.59625 -0.998612 0.0390877 0.0352884 87.662 
0.0391641 0.00703282 0.999208 13.8973 0.0393505 0.999189 -0.00857503 -2.61425 -0.998458 0.0396552 0.0388556 87.6743 
0.0427702 0.00436643 0.999075 14.6065 0.0407784 0.99915 -0.00611247 -2.63977 -0.998252 0.0410021 0.0425557 87.691 
0.0463636 0.00245088 0.998922 15.3409 0.0399033 0.999194 -0.00430361 -2.66422 -0.998127 0.0400598 0.0462285 87.7077 
0.0507911 0.000480049 0.998709 16.1432 0.0377662 0.999284 -0.00240099 -2.66914 -0.997995 0.0378394 0.0507366 87.7374 
0.0543869 -0.000207067 0.99852 16.9143 0.0363332 0.999338 -0.00177174 -2.66714 -0.997859 0.0363758 0.0543584 87.771 
0.0585973 0.000983634 0.998281 17.7241 0.0335143 0.999434 -0.002952 -2.67783 -0.997719 0.0336297 0.0585311 87.809 
0.0616359 0.00435118 0.998089 18.4894 0.0323553 0.999456 -0.0063552 -2.69174 -0.997574 0.0326852 0.0614616 87.852 
0.0631016 0.0096036 0.997961 19.2488 0.0263687 0.999589 -0.0112866 -2.72426 -0.997659 0.0270271 0.0628224 87.8886 
0.0627628 0.0136673 0.997935 20.1242 0.0239027 0.999599 -0.0151934 -2.71823 -0.997742 0.0248069 0.062411 87.9344 
0.0627954 0.01277 0.997945 20.8667 0.0206161 0.999688 -0.0140896 -2.7636 -0.997813 0.0214585 0.0625125 87.9662 
0.0628514 0.0093396 0.997979 21.6599 0.0184547 0.999774 -0.0105187 -2.80501 -0.997852 0.0190785 0.0626648 88.0068 
0.062795 0.00802012 0.997994 22.4789 0.0194506 0.999768 -0.00925822 -2.83716 -0.997837 0.0199929 0.0626244 88.0392 
0.0633226 0.00650463 0.997972 23.2677 0.016852 0.999829 -0.00758602 -2.87201 -0.997851 0.0172982 0.0632022 88.0668 
0.0622911 0.00500657 0.998045 24.0156 0.0160046 0.999854 -0.00601454 -2.92329 -0.99793 0.016348 0.0622018 88.1119 
0.0623463 0.00574897 0.998038 24.8608 0.0129505 0.999895 -0.00656867 -2.95506 -0.997971 0.0133346 0.0622652 88.1498 
0.0604914 0.0064122 0.998148 25.6559 0.0103101 0.999922 -0.00704842 -2.98941 -0.998115 0.0107173 0.0604206 88.1967 
0.057956 0.00479402 0.998308 26.4876 0.00671274 0.999964 -0.00519168 -3.04733 -0.998297 0.00700227 0.0579217 88.2229 
0.0542467 0.00370136 0.998521 27.2804 0.00340149 0.999987 -0.00389158 -3.06514 -0.998522 0.00360757 0.0542334 88.2521 
0.0497188 -0.000305423 0.998763 28.0401 0.000809364 1 0.00026551 -3.11588 -0.998763 0.000795162 0.049719 88.2765 
0.0426764 -0.00301324 0.999084 28.8472 -0.00108324 0.999995 0.00306225 -3.13423 -0.999088 -0.00121293 0.042673 88.3045 
0.0354851 -0.00263077 0.999367 29.6125 -0.00125536 0.999996 0.002677 -3.14496 -0.999369 -0.00134955 0.0354816 88.318 
0.0269351 -0.00194093 0.999635 30.3672 -0.00257468 0.999995 0.002011 -3.16582 -0.999634 -0.0026279 0.02693 88.3234 
0.0165669 -0.0010541 0.999862 31.2326 -0.00139489 0.999998 0.00107735 -3.17997 -0.999862 -0.00141255 0.0165654 88.3116 
0.00675324 -0.00167423 0.999976 32.0142 3.20313e-05 0.999999 0.00167405 -3.1938 -0.999977 2.07253e-05 0.00675329 88.2973 
-0.00493341 -0.0039774 0.99998 32.8252 -0.00149325 0.999991 0.00397008 -3.2138 -0.999987 -0.00147363 -0.0049393 88.2768 
-0.0157989 -0.00502789 0.999863 33.5658 0.000439885 0.999987 0.00503547 -3.23492 -0.999875 0.00051938 -0.0157965 88.2485 
-0.0268833 -0.00504875 0.999626 34.3291 0.00240754 0.999984 0.00511531 -3.25409 -0.999636 0.00254416 -0.0268708 88.2145 
-0.0384534 -0.00446906 0.99925 35.1057 0.00215507 0.999987 0.00455529 -3.26724 -0.999258 0.00232862 -0.0384433 88.1619 
-0.0493313 -0.00291931 0.998778 35.8102 0.00149026 0.999994 0.00299647 -3.27651 -0.998781 0.00163626 -0.0493266 88.121 
-0.0597239 -0.00366021 0.998208 36.5515 0.00150551 0.999992 0.00375682 -3.3169 -0.998214 0.00172718 -0.0597179 88.0657 
-0.0699669 -0.00451336 0.997539 37.3227 0.00378627 0.999981 0.00478998 -3.36636 -0.997542 0.00411209 -0.0699486 87.9952 
-0.079443 -0.00493193 0.996827 38.0181 0.00423734 0.999977 0.00528522 -3.39648 -0.99683 0.00464377 -0.0794203 87.9211 
-0.0897695 -0.00477763 0.995951 38.8184 0.00525667 0.999972 0.00527072 -3.4106 -0.995949 0.00570854 -0.0897419 87.8405 
-0.0978762 -0.00503065 0.995186 39.5126 0.00697749 0.999959 0.00574101 -3.42315 -0.995174 0.00750581 -0.0978371 87.7491 
-0.10484 -0.00644528 0.994468 40.1781 0.00781257 0.999943 0.00730439 -3.43313 -0.994458 0.00853515 -0.104784 87.6515 
-0.110192 -0.00799251 0.993878 40.9549 0.0107144 0.9999 0.00922885 -3.44396 -0.993853 0.0116657 -0.110096 87.5327 
-0.114396 -0.0109622 0.993375 41.6232 0.0145258 0.999814 0.0127061 -3.48117 -0.993329 0.0158831 -0.114215 87.4502 
-0.117364 -0.0119582 0.993017 42.2649 0.0164697 0.999767 0.013986 -3.48454 -0.992952 0.0179962 -0.11714 87.3599 
-0.119987 -0.0136655 0.992681 42.9648 0.0159706 0.999749 0.0156931 -3.51 -0.992647 0.0177367 -0.119738 87.2688 
-0.121433 -0.0131011 0.992513 43.5808 0.0165419 0.999747 0.0152204 -3.50552 -0.992462 0.0182663 -0.121185 87.1917 
-0.120537 -0.0125988 0.992629 44.1953 0.0170552 0.999746 0.0147601 -3.5225 -0.992562 0.0187086 -0.120292 87.0955 
-0.11734 -0.0114784 0.993025 44.8346 0.0185061 0.999734 0.0137427 -3.52643 -0.992919 0.0199896 -0.117096 86.9992 
-0.112768 -0.0112035 0.993558 45.4346 0.018864 0.999732 0.0134141 -3.53748 -0.993442 0.0202552 -0.112526 86.9252 
-0.105071 -0.0115662 0.994398 46.0633 0.0178182 0.99975 0.0135111 -3.56399 -0.994305 0.019138 -0.104838 86.8612 
-0.0940834 -0.011616 0.995497 46.6062 0.0162331 0.999781 0.0132001 -3.567 -0.995432 0.0174019 -0.0938742 86.7986 
-0.0813303 -0.0113837 0.996622 47.1325 0.0159269 0.999792 0.0127196 -3.57011 -0.99656 0.0169076 -0.0811321 86.7558 
-0.0641169 -0.0101284 0.997891 47.7009 0.0143335 0.999836 0.0110691 -3.58381 -0.997839 0.0150129 -0.0639612 86.7308 
-0.0440675 -0.00771339 0.998999 48.1713 0.0128073 0.999884 0.00828518 -3.58935 -0.998946 0.0131596 -0.0439636 86.7213 
-0.0209746 -0.00476423 0.999769 48.6694 0.0116765 0.999919 0.00500991 -3.60398 -0.999712 0.0117789 -0.0209173 86.7244 
0.00858481 -0.0029885 0.999959 49.2226 0.0105644 0.99994 0.00289775 -3.61808 -0.999907 0.0105391 0.00861587 86.7384 
0.0402934 -0.00245999 0.999185 49.7552 0.0101807 0.999946 0.00205131 -3.60911 -0.999136 0.0100898 0.0403162 86.7688 
0.0761129 -0.00527449 0.997085 50.2209 0.00985679 0.999941 0.00453717 -3.62824 -0.99705 0.00948272 0.0761604 86.8224 
0.120222 -0.00914104 0.992705 50.7513 0.00825768 0.999932 0.00820754 -3.64123 -0.992713 0.00721071 0.12029 86.9002 
0.163133 -0.0138614 0.986507 51.2205 0.00614435 0.999896 0.0130335 -3.65651 -0.986585 0.00393526 0.163201 87.0005 
0.209107 -0.0172757 0.97774 51.7036 0.00267931 0.99985 0.0170933 -3.67232 -0.977889 -0.000954661 0.209122 87.1229 
0.263027 -0.0190943 0.964599 52.2179 -0.000813142 0.999799 0.0200128 -3.68879 -0.964788 -0.00604826 0.262959 87.2913 
0.315274 -0.0198607 0.948793 52.655 -0.000982181 0.999774 0.0212542 -3.70406 -0.949 -0.00763279 0.315183 87.4647 
0.370645 -0.0193894 0.928572 53.0694 0.00352078 0.999804 0.0194715 -3.7049 -0.928768 -0.0039477 0.370641 87.654 
0.434284 -0.0172618 0.900611 53.5257 0.00703301 0.999851 0.0157726 -3.73023 -0.900749 -0.000515759 0.43434 87.889 
0.491398 -0.0139779 0.870823 53.8859 0.0102362 0.999895 0.0102735 -3.7409 -0.870875 0.00386558 0.49149 88.1285 
0.552878 -0.008652 0.833217 54.2511 0.00791004 0.999956 0.00513471 -3.73128 -0.833224 0.00375191 0.552922 88.4208 
0.606414 -0.00499775 0.795133 54.5719 0.00593261 0.999981 0.00176075 -3.7214 -0.795127 0.00364947 0.606432 88.7192 
0.657746 -0.00397069 0.753229 54.8854 0.00576788 0.999983 0.000234751 -3.74167 -0.753218 0.00419013 0.657758 89.0376 
0.710136 -0.0059514 0.70404 55.2021 0.0073046 0.999973 0.00108513 -3.76575 -0.704027 0.00437214 0.71016 89.4118 
0.754546 -0.0094773 0.656179 55.4376 0.00769281 0.999955 0.00559649 -3.7755 -0.656202 0.000825052 0.754584 89.7292 
0.795641 -0.0135448 0.605617 55.6583 0.0084394 0.999901 0.0112756 -3.76947 -0.605709 -0.00386029 0.795677 90.0739 
0.835576 -0.0159609 0.549142 55.8882 0.00781769 0.999822 0.0171645 -3.78298 -0.549319 -0.0100492 0.835552 90.5046 
0.866703 -0.0181999 0.498492 56.0676 0.0078793 0.999709 0.0227999 -3.77839 -0.498762 -0.015833 0.866594 90.8976 
0.892871 -0.0170371 0.449991 56.2503 0.00554887 0.999624 0.0268366 -3.76983 -0.450279 -0.0214647 0.89263 91.3339 
0.91599 -0.0150099 0.40092 56.4291 0.00341143 0.999555 0.0296277 -3.77597 -0.401186 -0.025771 0.915634 91.8129 
0.931916 -0.00892864 0.362563 56.5611 -0.00296703 0.999476 0.0322399 -3.77015 -0.362661 -0.0311206 0.931401 92.2704 
0.945569 -0.00416906 0.325396 56.6984 -0.00621798 0.999504 0.0308748 -3.77315 -0.325363 -0.0312175 0.945074 92.7678 
0.955327 -0.00173614 0.295545 56.8161 -0.00743684 0.999525 0.0299107 -3.76111 -0.295456 -0.0307724 0.954861 93.2339 
0.961813 -0.0076417 0.273599 56.9473 -0.000672813 0.999541 0.0302826 -3.76509 -0.273705 -0.0293103 0.961367 93.719 
0.966414 -0.0104371 0.256779 57.0758 0.00239382 0.999497 0.0316164 -3.77132 -0.25698 -0.0299399 0.965953 94.2171 
0.969508 -0.00630423 0.24498 57.1715 -0.00156528 0.999489 0.0319151 -3.77786 -0.245056 -0.0313254 0.969003 94.676 
0.97204 0.000357713 0.234815 57.287 -0.00814543 0.999448 0.0321962 -3.76059 -0.234674 -0.0332087 0.971507 95.1912 
0.973398 0.00751714 0.228997 57.3943 -0.0150311 0.999404 0.0310858 -3.75802 -0.228626 -0.0337009 0.972931 95.7001 
0.973951 0.0151801 0.226252 57.5133 -0.021715 0.999415 0.0264227 -3.74233 -0.225718 -0.0306475 0.97371 96.2648 
0.974041 0.0162412 0.225788 57.6206 -0.0223557 0.999449 0.0245501 -3.74009 -0.225264 -0.0289604 0.973867 96.7633 
0.973408 0.0149934 0.228585 57.7305 -0.0205711 0.999545 0.0220377 -3.73999 -0.228151 -0.0261539 0.973274 97.2725 
0.972394 0.0135969 0.232949 57.8704 -0.0174074 0.999746 0.0143098 -3.7239 -0.232695 -0.0179698 0.972384 97.8209 
0.97152 0.0123356 0.236638 58.0086 -0.015319 0.999825 0.010773 -3.74791 -0.236464 -0.0140913 0.971538 98.3338 
0.970447 0.0169849 0.240717 58.136 -0.0203915 0.999724 0.011668 -3.749 -0.240453 -0.0162317 0.970525 98.8763 
0.968996 0.0207459 0.246204 58.289 -0.025491 0.999545 0.0161012 -3.75601 -0.245758 -0.021878 0.969084 99.4706 
0.967847 0.0167661 0.250979 58.4444 -0.022686 0.999528 0.0207124 -3.75928 -0.250513 -0.0257402 0.967771 100.043 
0.966869 0.0118224 0.254998 58.6211 -0.0193943 0.999442 0.0272 -3.76239 -0.254534 -0.0312444 0.966559 100.68 
0.966046 0.00925873 0.258204 58.7973 -0.0183415 0.999294 0.0327901 -3.77761 -0.257718 -0.0364126 0.965534 101.289 
0.965266 0.00545102 0.261213 58.9589 -0.0148507 0.999311 0.0340246 -3.76909 -0.260847 -0.0367219 0.964681 101.845 
0.965183 0.00131553 0.261571 59.1382 -0.00994205 0.999449 0.0316591 -3.76809 -0.261385 -0.0331573 0.964665 102.474 
0.965253 0.00108765 0.261315 59.3069 -0.00817781 0.999627 0.0260468 -3.76355 -0.261189 -0.0272787 0.964902 103.087 
0.965346 0.00233847 0.260964 59.4741 -0.00745353 0.999799 0.0186127 -3.76274 -0.260868 -0.0199128 0.965169 103.733 
0.96603 0.00570381 0.258365 59.6576 -0.00964848 0.999855 0.0140024 -3.76125 -0.258248 -0.0160196 0.965946 104.422 
0.966683 0.00474187 0.255932 59.8313 -0.00966346 0.999792 0.017976 -3.74983 -0.255793 -0.0198502 0.966528 105.073 
0.967089 -0.000608366 0.254437 60.0243 -0.00620338 0.999644 0.0259686 -3.75276 -0.254362 -0.0266923 0.966741 105.828 
0.967585 -0.00150738 0.252543 60.183 -0.00705027 0.999431 0.0329776 -3.75706 -0.252449 -0.0336891 0.967024 106.487 
0.968057 0.00249666 0.250718 60.3619 -0.0108695 0.999428 0.0320164 -3.74339 -0.250495 -0.0337189 0.967531 107.183 
0.968548 0.0095166 0.248645 60.545 -0.0169881 0.999466 0.0279203 -3.7441 -0.248247 -0.0312662 0.968192 107.931 
0.969553 0.00951974 0.244698 60.7292 -0.0158385 0.99959 0.0238678 -3.75572 -0.24437 -0.0270168 0.969306 108.632 
0.970553 0.00754824 0.240768 60.9009 -0.0129417 0.999699 0.0208276 -3.74205 -0.240538 -0.0233303 0.970359 109.336 
0.971615 0.00614268 0.236487 61.1095 -0.0118122 0.999676 0.0225646 -3.73494 -0.236272 -0.0247175 0.971373 110.156 
0.972444 0.00254908 0.233121 61.2966 -0.00836897 0.999677 0.0239794 -3.7302 -0.232984 -0.0252696 0.972152 110.912 
0.972809 0.00132449 0.231606 61.4718 -0.00770546 0.999615 0.0266486 -3.72031 -0.231482 -0.0277086 0.972445 111.663 
0.973238 -0.00263587 0.229783 61.6715 -0.00427653 0.999553 0.0295791 -3.71462 -0.229759 -0.0297702 0.972792 112.486 
0.973237 -0.0087843 0.229635 61.8333 0.00184356 0.999535 0.0304222 -3.70198 -0.229795 -0.0291847 0.972801 113.201 
0.973368 -0.00899633 0.22907 62.0352 0.00128629 0.999428 0.0337851 -3.73124 -0.229243 -0.0325907 0.972824 114.081 
0.973147 -0.00373985 0.230156 62.2036 -0.00374264 0.999479 0.0320654 -3.72657 -0.230156 -0.0320657 0.972625 114.885 
0.973112 0.00192973 0.230324 62.3965 -0.00892519 0.99953 0.0293342 -3.72068 -0.230159 -0.0306012 0.972672 115.682 
0.972613 0.0092082 0.23225 62.5696 -0.0160977 0.999484 0.0277865 -3.70574 -0.231874 -0.0307642 0.972259 116.55 
0.971923 0.0151793 0.234809 62.7464 -0.0226438 0.999319 0.029126 -3.71616 -0.234208 -0.0336252 0.971605 117.348 
0.971136 0.0189545 0.237773 62.9365 -0.0274889 0.999089 0.0326288 -3.72549 -0.236938 -0.0382231 0.970772 118.123 
0.97075 0.0188443 0.23935 63.1873 -0.0274677 0.999086 0.0327437 -3.7204 -0.238514 -0.0383603 0.970381 119.046 
0.970324 0.0188249 0.241076 63.3748 -0.0267466 0.999203 0.0296295 -3.71036 -0.240326 -0.0351981 0.970054 119.811 
0.970278 0.0104967 0.241766 63.6057 -0.0185462 0.999346 0.0310429 -3.69169 -0.241282 -0.034604 0.969838 120.701 
0.970197 0.0042513 0.242279 63.811 -0.0121716 0.999439 0.0312032 -3.67985 -0.242011 -0.0332222 0.969705 121.521 
0.969808 0.00274252 0.243853 64.011 -0.0107739 0.999442 0.0316077 -3.67397 -0.243631 -0.0332807 0.969297 122.324 
0.96945 0.0068868 0.245193 64.2144 -0.0153479 0.99935 0.0326138 -3.6354 -0.244809 -0.0353806 0.968926 123.184 
0.969373 0.00831165 0.245454 64.4195 -0.0179496 0.999152 0.0370548 -3.60103 -0.244938 -0.0403257 0.9687 123.996 
0.969074 0.010637 0.246543 64.6038 -0.022028 0.998811 0.0434911 -3.5969 -0.245787 -0.0475769 0.968156 124.776 
0.96884 0.00916445 0.247518 64.8282 -0.019058 0.999111 0.0376046 -3.59275 -0.246953 -0.04115 0.968153 125.613 
0.968831 0.00689624 0.247625 65.0365 -0.0131931 0.99963 0.0237785 -3.58566 -0.24737 -0.0263043 0.968564 126.344 
0.968866 0.00244053 0.247574 65.2379 -0.0060614 0.999886 0.0138643 -3.60325 -0.247512 -0.0149333 0.96877 127.081 
0.969186 -0.000569444 0.246331 65.4608 -0.00494073 0.999751 0.0217503 -3.63094 -0.246282 -0.0222971 0.968942 127.898 
0.969266 -0.00617761 0.245936 65.6531 -0.00492954 0.998996 0.0445215 -3.64111 -0.245964 -0.0443656 0.968263 128.688 
0.969454 -0.0107164 0.24504 65.8626 -0.00512958 0.997941 0.0639373 -3.64006 -0.245221 -0.0632412 0.967402 129.537 
0.96953 -0.00775239 0.244852 66.0532 -0.00662472 0.998304 0.0578395 -3.62438 -0.244885 -0.0576992 0.967834 130.263 
0.969649 -6.87826e-05 0.2445 66.2367 -0.0107664 0.999018 0.0429791 -3.60846 -0.244263 -0.044307 0.968696 131.002 
0.970031 0.00113597 0.242979 66.4856 -0.00946013 0.999407 0.0330947 -3.56532 -0.242797 -0.0344015 0.969467 131.89 
0.970476 -0.00303654 0.241178 66.6877 -0.00493175 0.999462 0.0324285 -3.55496 -0.241146 -0.0326606 0.969939 132.638 
0.97104 -0.00459307 0.238873 66.8646 -0.00430293 0.999317 0.0367067 -3.54604 -0.238878 -0.0366716 0.970357 133.375 
0.972005 -0.00483245 0.234909 67.075 -0.00346902 0.999384 0.034913 -3.51106 -0.234933 -0.0347506 0.97139 134.207 
0.973245 -0.00476616 0.229719 67.2707 -0.00293781 0.999445 0.0331828 -3.48825 -0.22975 -0.0329698 0.972691 134.965 
0.974102 0.000305984 0.226109 67.4665 -0.00843819 0.999352 0.0350002 -3.47881 -0.225952 -0.0360017 0.973473 135.794 
0.974603 0.00551082 0.22387 67.6414 -0.0134459 0.999334 0.0339363 -3.46822 -0.223534 -0.0360846 0.974028 136.545 
0.975068 0.00697157 0.221798 67.8266 -0.0153813 0.999226 0.0362113 -3.44517 -0.221374 -0.03872 0.97442 137.33 
0.975348 0.00411145 0.220636 68.026 -0.0137026 0.999025 0.0419577 -3.43889 -0.220248 -0.0439467 0.974453 138.199 
0.975584 0.0024444 0.219611 68.1852 -0.0120148 0.999035 0.042254 -3.41824 -0.219296 -0.0438609 0.974672 138.909 
0.976181 0.00116508 0.216955 68.3567 -0.0100977 0.999146 0.0400684 -3.41841 -0.216723 -0.0413048 0.975359 139.633 
0.977188 -0.00249495 0.212361 68.5376 -0.00550106 0.999298 0.0370537 -3.38684 -0.212305 -0.0373767 0.976488 140.43 
0.978547 -0.00545053 0.205954 68.6971 -0.00195344 0.99936 0.0357292 -3.37646 -0.206017 -0.035365 0.977909 141.163 
0.979827 -0.00669973 0.199735 68.8461 -0.0013411 0.999195 0.040095 -3.35833 -0.199843 -0.039554 0.979029 141.91 
0.981268 -0.00969272 0.192402 69.0144 3.49193e-05 0.998742 0.0501361 -3.34859 -0.192646 -0.0491902 0.980035 142.705 
0.981998 -0.0139859 0.188374 69.1395 0.00302254 0.998291 0.058362 -3.31637 -0.188869 -0.0567419 0.980362 143.423 
0.982938 -0.00734587 0.183792 69.2766 -0.00437199 0.997987 0.0632699 -3.29426 -0.183886 -0.0629939 0.980927 144.229 
0.983849 -0.00314214 0.178971 69.4152 -0.00731445 0.998305 0.0577363 -3.26137 -0.178849 -0.0581128 0.982159 144.976 
0.985094 -0.00256216 0.171996 69.5481 -0.00580325 0.998825 0.0481168 -3.23538 -0.171917 -0.0483977 0.983922 145.716 
0.986193 -0.00441139 0.165541 69.691 -0.00233383 0.999176 0.04053 -3.18983 -0.165583 -0.0403567 0.98537 146.618 
0.987222 -0.00526776 0.159265 69.8101 -0.00143294 0.99912 0.0419285 -3.17642 -0.159346 -0.0416209 0.986345 147.383 
0.988402 0.00218831 0.151842 69.9186 -0.00937561 0.998868 0.0466343 -3.17397 -0.151568 -0.0475171 0.987304 148.161 
0.989619 0.00779614 0.143502 70.0259 -0.0145909 0.998818 0.0463586 -3.1596 -0.142971 -0.0479712 0.988564 148.989 
0.990992 0.0109834 0.133469 70.1405 -0.0165266 0.999043 0.0404948 -3.12767 -0.132897 -0.0423358 0.990225 149.769 
0.992035 0.0106342 0.125515 70.234 -0.0156217 0.999124 0.0388186 -3.11747 -0.124993 -0.0404702 0.991332 150.509 
0.99311 0.0102423 0.116735 70.3445 -0.0152014 0.999016 0.0416708 -3.11728 -0.116193 -0.0431583 0.992289 151.413 
0.993968 0.0126386 0.108942 70.4249 -0.0180756 0.998632 0.0490644 -3.09196 -0.108173 -0.0507377 0.992837 152.184 
0.994799 0.0160554 0.100586 70.4984 -0.0216711 0.998252 0.0549888 -3.06027 -0.0995271 -0.0568826 0.993408 153.032 
0.995527 0.0127594 0.0936164 70.554 -0.0183176 0.998104 0.0587554 -3.02765 -0.0926892 -0.0602074 0.993873 153.852 
0.996066 0.0116585 0.0878472 70.6124 -0.016969 0.998057 0.0599497 -2.99386 -0.0869776 -0.0612045 0.994328 154.66 
0.996528 0.0108052 0.0825488 70.6861 -0.0156756 0.99816 0.0585817 -2.95472 -0.0817638 -0.0596723 0.994864 155.533 
0.99683 0.0147342 0.0781831 70.7392 -0.0188363 0.99847 0.0519924 -2.92247 -0.0772974 -0.0533003 0.995582 156.317 
0.996943 0.0222197 0.0749036 70.7783 -0.0257572 0.998582 0.0465967 -2.89077 -0.073762 -0.0483836 0.996101 157.103 
0.997133 0.0231358 0.0720461 70.8213 -0.0263863 0.998661 0.0444972 -2.88802 -0.0709201 -0.0462706 0.996408 157.941 
0.997365 0.0243112 0.068352 70.8776 -0.0277929 0.998339 0.0504567 -2.8463 -0.0670119 -0.0522234 0.996385 158.727 
0.997461 0.0265398 0.06608 70.9218 -0.0305585 0.997696 0.0605673 -2.80846 -0.0643204 -0.0624328 0.995974 159.62 
0.997685 0.0264431 0.0626584 70.9603 -0.0307648 0.997139 0.069043 -2.78785 -0.0606535 -0.0708109 0.995644 160.368 
0.998033 0.0241708 0.0578412 71.001 -0.0280112 0.997391 0.0665326 -2.75123 -0.0560821 -0.068022 0.996106 161.115 
0.998552 0.0132021 0.0521445 71.0564 -0.016217 0.998195 0.0578256 -2.70878 -0.051287 -0.0585875 0.996964 161.983 
0.998943 0.00775366 0.0452993 71.0888 -0.0100303 0.998686 0.0502486 -2.65691 -0.0448502 -0.0506499 0.997709 162.728 
0.999174 0.0123314 0.0387086 71.1043 -0.0143218 0.998567 0.0515707 -2.60767 -0.0380172 -0.0520825 0.997919 163.52 
0.999476 0.00992585 0.0308235 71.1236 -0.0116527 0.998342 0.0563603 -2.55573 -0.030213 -0.0566899 0.997935 164.417 
0.999698 0.00593679 0.0238663 71.142 -0.00739083 0.998092 0.0613051 -2.52238 -0.0234568 -0.0614629 0.997834 165.239 
0.99983 -0.00247483 0.0182577 71.1624 0.00131684 0.998002 0.0631662 -2.48352 -0.0183775 -0.0631315 0.997836 166.047 
0.999903 -0.00752248 0.0117051 71.175 0.00674386 0.99785 0.0651936 -2.46214 -0.0121703 -0.0651084 0.997804 166.891 
0.99991 -0.0119702 0.00609929 71.1731 0.0115823 0.998126 0.0600896 -2.43229 -0.00680714 -0.0600136 0.998174 167.674 
0.999829 -0.0184597 -0.00112781 71.1717 0.0184928 0.998633 0.048897 -2.38734 0.000223645 -0.0489095 0.998803 168.525 
0.999521 -0.0299456 -0.00786813 71.18 0.0302488 0.99867 0.0417499 -2.35826 0.00660744 -0.0419679 0.999097 169.344 
0.999513 -0.027948 -0.0139078 71.1596 0.0286118 0.998336 0.0500681 -2.32181 0.0124853 -0.0504417 0.998649 170.153 
0.999645 -0.0176692 -0.019925 71.126 0.0189057 0.997791 0.0636811 -2.28436 0.0187558 -0.0640352 0.997771 171.051 
0.999646 -0.0118986 -0.023791 71.0772 0.0135841 0.997313 0.0719889 -2.25063 0.0228705 -0.0722866 0.997122 171.861 
0.999541 -0.0132442 -0.0272512 71.0427 0.0151424 0.997385 0.0706706 -2.22362 0.0262439 -0.0710508 0.997127 172.617 
0.99949 -0.0122792 -0.0294924 71.0153 0.0140425 0.998079 0.0603426 -2.18634 0.0286948 -0.0607259 0.997742 173.491 
0.999471 -0.00155863 -0.0324769 70.9764 0.00321252 0.998697 0.0509352 -2.15703 0.0323552 -0.0510126 0.998174 174.283 
0.999422 -0.00196761 -0.0339397 70.9247 0.00355928 0.998893 0.0469006 -2.1073 0.0338098 -0.0469942 0.998323 175.18 
0.9993 -0.00860102 -0.0364043 70.8953 0.0104717 0.998618 0.0515104 -2.09008 0.0359109 -0.0518556 0.998009 176.002 
0.999283 -0.0083586 -0.0369342 70.8641 0.0105733 0.998131 0.0601809 -2.04657 0.0363621 -0.0605283 0.997504 176.81 
0.99934 -0.00511074 -0.0359747 70.8109 0.00749527 0.997761 0.0664642 -2.00737 0.0355544 -0.06669 0.99714 177.713 
0.99927 -0.00574715 -0.0377768 70.7781 0.00817558 0.997888 0.0644469 -1.98063 0.0373266 -0.0647087 0.997206 178.566 
0.999177 -0.00596917 -0.0401268 70.751 0.00828764 0.99829 0.0578629 -1.9626 0.0397128 -0.0581478 0.997518 179.363 
0.998982 -0.0171695 -0.0417251 70.7146 0.019081 0.998766 0.0458541 -1.94031 0.0408863 -0.0466036 0.998076 180.191 
0.998629 -0.0280714 -0.0441868 70.6999 0.0299538 0.998646 0.042532 -1.93787 0.042933 -0.0437973 0.998118 180.995 
0.998633 -0.0270153 -0.0447543 70.6349 0.0291305 0.998456 0.047306 -1.90345 0.0434072 -0.048545 0.997877 181.998 
0.998656 -0.0214714 -0.0471658 70.6101 0.0241743 0.998052 0.0575051 -1.89126 0.0458392 -0.058568 0.99723 182.886 
0.998606 -0.0190968 -0.049199 70.5738 0.0221792 0.997774 0.0628866 -1.86477 0.0478885 -0.0638902 0.996807 183.703 
0.998473 -0.0219248 -0.0507015 70.5384 0.0249209 0.997933 0.0592366 -1.84652 0.0492979 -0.0604096 0.996956 184.601 
0.998468 -0.0219747 -0.0507807 70.5044 0.0246883 0.998266 0.0534422 -1.82532 0.0495183 -0.054614 0.997279 185.419 
0.998571 -0.0156383 -0.0510998 70.4543 0.0182825 0.998496 0.0516938 -1.78664 0.0502145 -0.0525541 0.997355 186.201 
0.998591 -0.0115672 -0.0517964 70.4122 0.0144391 0.998359 0.0554186 -1.73972 0.0510704 -0.0560884 0.997119 187.042 
0.998525 -0.0091528 -0.0535169 70.3819 0.0123628 0.998124 0.0599618 -1.7418 0.0528677 -0.060535 0.996765 187.852 
0.998497 -0.00684399 -0.0543766 70.3464 0.0102913 0.997937 0.0633716 -1.7178 0.0538307 -0.063836 0.996508 188.663 
0.99847 -0.00370161 -0.0551645 70.2896 0.00716915 0.998001 0.0627936 -1.67479 0.0548217 -0.0630931 0.996501 189.564 
0.998421 -0.00600735 -0.0558509 70.2442 0.00942171 0.998089 0.0610728 -1.64806 0.0553772 -0.0615026 0.99657 190.284 
