1 0 0 0 0 1 0 0 0 0 1 0 
1 -6.97338e-05 -0.000937726 0.0225573 6.84687e-05 0.999999 -0.00134915 0.0542262 0.000937819 0.00134909 0.999999 0.574224 
0.999996 0.00139259 -0.00245672 0.0649227 -0.00135655 0.999892 0.0146121 -0.654784 0.0024768 -0.0146087 0.99989 1.21103 
1 -0.000143956 0.000858264 -0.101383 0.000130389 0.999875 0.0157867 -0.693312 -0.00086043 -0.0157866 0.999875 1.70165 
0.999999 -0.000931901 0.000668385 -0.112005 0.000921872 0.999889 0.0148512 -0.642045 -0.000682151 -0.0148506 0.999889 2.30042 
0.999998 -0.00160152 -0.000685267 -0.0749352 0.00161175 0.999883 0.015195 -0.642891 0.000660852 -0.0151961 0.999884 2.89857 
0.999996 -0.00145665 -0.00244411 -0.0256982 0.0014962 0.999867 0.0162579 -0.696238 0.0024201 -0.0162615 0.999865 3.39537 
0.999995 -0.000995977 0.00295211 -0.284944 0.00090425 0.999522 0.030912 -1.32494 -0.00298148 -0.0309091 0.999518 3.91732 
0.999994 -0.00191661 0.00287914 -0.302823 0.00182061 0.999454 0.0329866 -1.39414 -0.00294079 -0.0329812 0.999452 4.46958 
0.999995 -0.00312737 3.58365e-05 -0.202746 0.00312655 0.999896 0.0140803 -0.548198 -7.98671e-05 -0.0140801 0.999901 4.99341 
0.999993 -0.0027722 -0.00236537 -0.107786 0.00279959 0.999928 0.0116525 -0.43744 0.0023329 -0.0116591 0.999929 5.64509 
0.999998 -0.0017901 0.00129505 -0.292962 0.00176803 0.999857 0.0168453 -0.65274 -0.00132502 -0.0168429 0.999857 6.20575 
0.999997 -0.00223622 -0.00132126 -0.196607 0.0022565 0.999877 0.0155493 -0.575436 0.00128632 -0.0155523 0.999878 6.88773 
0.999992 -0.00404449 -0.00075774 -0.247523 0.00405495 0.999889 0.0143618 -0.525317 0.000699569 -0.0143648 0.999897 7.44327 
0.999984 -0.00539876 -0.00137737 -0.236362 0.00541796 0.999883 0.0143388 -0.514643 0.0012998 -0.0143461 0.999896 8.05214 
0.999981 -0.00536462 -0.00292371 -0.189663 0.00540834 0.999871 0.015155 -0.548561 0.00284203 -0.0151705 0.999881 8.76989 
0.999975 -0.00494671 -0.00508915 -0.122797 0.0050279 0.999858 0.016068 -0.586183 0.00500894 -0.0160932 0.999858 9.33491 
0.999973 -0.00514266 -0.00517931 -0.155819 0.00522087 0.999871 0.0152018 -0.540257 0.00510046 -0.0152284 0.999871 9.95793 
0.99994 -0.00741818 -0.00804218 -0.0786944 0.0075372 0.999861 0.0148705 -0.513666 0.00793075 -0.0149302 0.999857 10.6855 
0.999922 -0.00731173 -0.010169 -0.0132697 0.00748294 0.999829 0.0169009 -0.582199 0.0100437 -0.0169756 0.999805 11.3448 
0.99996 -0.00745091 -0.00490796 -0.264432 0.00746522 0.999968 0.00290446 0.0356341 0.00488616 -0.00294099 0.999984 11.9811 
0.999949 -0.00820729 -0.00588146 -0.243514 0.00822221 0.999963 0.00251724 0.0427047 0.00586059 -0.00256547 0.99998 12.6314 
0.999932 -0.00673158 -0.00954025 -0.103647 0.0067499 0.999975 0.00188963 0.08382 0.00952729 -0.00195389 0.999953 13.2018 
0.999901 -0.00690412 -0.0122233 -0.0144158 0.00722194 0.999632 0.0261507 -0.979474 0.0120383 -0.0262364 0.999583 13.7003 
0.999958 -0.00671298 0.00617257 -0.840373 0.00664708 0.999921 0.0106352 -0.291254 -0.00624348 -0.0105937 0.999924 14.2775 
0.999962 -0.00605483 0.00627697 -0.857573 0.00599497 0.999937 0.00951193 -0.235388 -0.00633416 -0.00947394 0.999935 14.9899 
0.999962 -0.00709301 0.00499756 -0.823404 0.00703772 0.999915 0.0109953 -0.286939 -0.00507513 -0.0109598 0.999927 15.5644 
0.999965 -0.00773043 0.00332763 -0.768755 0.00769764 0.999923 0.00975586 -0.220337 -0.00340279 -0.0097299 0.999947 16.0358 
0.999936 -0.00808809 0.00791074 -0.994072 0.00790565 0.999708 0.022828 -0.778466 -0.00809307 -0.022764 0.999708 16.5817 
0.999979 -0.00650951 0.000228686 -0.670349 0.00650405 0.999802 0.0188281 -0.593653 -0.000351203 -0.0188262 0.999823 17.2601 
0.999951 -0.0059213 -0.00798404 -0.329359 0.0061834 0.999429 0.0332131 -1.22027 0.00778282 -0.0332608 0.999416 17.7916 
0.999958 -0.00483953 -0.00774724 -0.369006 0.00508162 0.99949 0.0315405 -1.14235 0.00759065 -0.0315786 0.999472 18.3552 
0.999911 -0.00400682 -0.0127325 -0.180695 0.00470194 0.998473 0.0550413 -2.15837 0.0124925 -0.0550962 0.998403 18.9624 
0.999897 -0.00524432 -0.013329 -0.185533 0.00543378 0.999884 0.0142183 -0.333662 0.0132529 -0.0142892 0.99981 19.6125 
0.999859 -0.00675381 -0.0153672 -0.13048 0.00704425 0.999796 0.0189246 -0.528329 0.0152363 -0.0190302 0.999703 20.1974 
0.99986 -0.00738122 -0.015003 -0.177748 0.00767499 0.999778 0.0196181 -0.55016 0.0148548 -0.0197305 0.999695 20.7341 
0.99985 -0.00717952 -0.0157836 -0.168898 0.00749793 0.999768 0.020208 -0.559768 0.0156348 -0.0203233 0.999671 21.3947 
0.999796 -0.00796167 -0.0185366 -0.0753678 0.00830586 0.999793 0.0185657 -0.479001 0.0183849 -0.0187159 0.999656 21.9702 
0.999876 -0.00929678 -0.0126841 -0.365528 0.00963142 0.9996 0.0265819 -0.816658 0.0124319 -0.0267008 0.999566 22.459 
0.999893 -0.00924525 -0.0113194 -0.449374 0.0094139 0.999844 0.0149379 -0.282634 0.0111795 -0.0150428 0.999824 23.0134 
0.999811 -0.00951201 -0.0169382 -0.225279 0.00994123 0.999627 0.0254389 -0.73759 0.0166899 -0.0256025 0.999533 23.6427 
0.999794 -0.00940881 -0.0180025 -0.213299 0.00989306 0.999586 0.0270016 -0.798728 0.017741 -0.0271741 0.999473 24.3175 
0.999752 -0.00949601 -0.0201275 -0.144598 0.0100862 0.999516 0.0294253 -0.878639 0.0198383 -0.029621 0.999364 24.9325 
0.999822 -0.00798239 -0.0171162 -0.305003 0.00888998 0.998522 0.0536218 -1.92611 0.0166628 -0.0537644 0.998415 25.5088 
0.999822 -0.00759222 -0.0172452 -0.334357 0.00847095 0.998639 0.0514672 -1.79993 0.016831 -0.0516041 0.998526 26.2071 
0.99934 -0.00732366 -0.035568 0.441678 0.0101622 0.996719 0.0802935 -3.03669 0.0348632 -0.080602 0.996136 26.9419 
0.999223 -0.00655689 -0.0388641 0.559699 0.00997095 0.996043 0.0883143 -3.3508 0.0381312 -0.0886332 0.995334 27.5068 
0.999078 -0.00563131 -0.0425688 0.685117 0.0104398 0.993472 0.113595 -4.40818 0.0416512 -0.113934 0.992615 28.0984 
0.998837 -0.00568368 -0.0478839 0.870596 0.011837 0.991545 0.129221 -5.00832 0.0467446 -0.129637 0.990459 28.9013 
0.999347 -0.00765073 -0.0353229 0.276555 0.0120388 0.99199 0.125739 -4.78803 0.034078 -0.126082 0.991434 29.3949 
0.999341 -0.00805819 -0.0353988 0.246152 0.0124632 0.991947 0.126042 -4.72078 0.034098 -0.1264 0.991393 30.0122 
0.999704 -0.00837133 -0.0228256 -0.341748 0.0112042 0.991845 0.126954 -4.68066 0.0215767 -0.127172 0.991646 30.6274 
0.999678 -0.00860806 -0.0238745 -0.333028 0.0115884 0.991752 0.12765 -4.63769 0.0225788 -0.127886 0.991532 31.1906 
0.999669 -0.00901905 -0.0241117 -0.352007 0.0119924 0.991936 0.126169 -4.49364 0.0227794 -0.126416 0.991716 31.8234 
0.999609 -0.0068115 -0.0271185 -0.257963 0.010178 0.991977 0.126009 -4.41964 0.0260427 -0.126235 0.991658 32.3189 
0.999584 -0.00645857 -0.0280984 -0.260386 0.00994605 0.992005 0.125807 -4.34348 0.0270612 -0.126035 0.991657 32.8332 
0.999591 -0.00809899 -0.0274134 -0.326861 0.0115384 0.991741 0.127733 -4.35548 0.0261525 -0.127997 0.99143 33.4177 
0.99959 -0.00859234 -0.0272989 -0.353584 0.0119257 0.992161 0.124394 -4.13276 0.0260161 -0.124669 0.991857 33.9842 
0.999733 -0.00809 -0.0216251 -0.63758 0.0106373 0.992668 0.120404 -3.88344 0.0204925 -0.120602 0.992489 34.5735 
0.999938 -0.00897507 -0.00662601 -1.33302 0.00978656 0.990823 0.134809 -4.43542 0.00535528 -0.134865 0.990849 35.2078 
0.99996 -0.00867666 -0.00193606 -1.55573 0.00885747 0.991007 0.13352 -4.30777 0.000760135 -0.133532 0.991044 35.77 
0.999915 -0.00700764 0.0109821 -2.14194 0.00551447 0.991428 0.130537 -4.08907 -0.0118028 -0.130465 0.991383 36.372 
0.999852 -0.00538281 0.0163363 -2.3839 0.00287704 0.988727 0.149699 -4.87076 -0.016958 -0.14963 0.988597 36.9753 
0.999856 -0.0051775 0.0161369 -2.37614 0.00269547 0.988653 0.150194 -4.7867 -0.0167314 -0.150129 0.988525 37.6421 
0.999891 -0.00420073 0.0141231 -2.30557 0.00204318 0.988768 0.149442 -4.66137 -0.0145922 -0.149397 0.98867 38.2642 
0.999892 -0.00638188 0.0132596 -2.27439 0.0043064 0.988519 0.151036 -4.61854 -0.0140712 -0.150963 0.988439 39.007 
0.999945 -0.00725733 0.00753554 -2.03435 0.00601912 0.988208 0.153002 -4.60562 -0.00855706 -0.152948 0.988197 39.6537 
0.999964 -0.00781564 -0.0033123 -1.56227 0.00829223 0.982836 0.184295 -5.91247 0.00181506 -0.184316 0.982865 40.3568 
0.999927 -0.00709608 0.00977985 -2.15588 0.0054716 0.987564 0.157122 -4.61067 -0.0107732 -0.157057 0.987531 40.6957 
0.9999 -0.00764401 0.0118568 -2.25159 0.00595147 0.99059 0.136731 -3.60626 -0.0127904 -0.136647 0.990537 41.3463 
0.99987 -0.00990846 0.0127335 -2.30808 0.00760724 0.985498 0.169515 -4.9762 -0.0142285 -0.169396 0.985445 42.0141 
0.9999 -0.00930045 0.010632 -2.22511 0.00741002 0.98614 0.165751 -4.71128 -0.0120262 -0.165656 0.98611 42.5813 
0.999924 -0.00928392 0.00805944 -2.1248 0.00779912 0.985771 0.167913 -4.70576 -0.00950365 -0.167837 0.985769 43.1459 
0.999877 -0.00811019 0.0134105 -2.38024 0.00584489 0.986926 0.161066 -4.32141 -0.0145415 -0.160968 0.986852 43.6492 
0.999949 -0.00954069 0.00327204 -1.94887 0.0086892 0.979585 0.200841 -5.98549 -0.0051214 -0.200802 0.979618 44.4417 
0.999882 -0.00889904 0.0125363 -2.36407 0.00671982 0.986398 0.16424 -4.26294 -0.0138274 -0.164136 0.986341 44.6987 
0.999463 -0.00815817 0.0317385 -3.22252 0.00219164 0.982988 0.183655 -5.02967 -0.0326969 -0.183487 0.982478 45.358 
0.999511 -0.00570749 0.0307286 -3.17496 -3.98206e-06 0.983161 0.182741 -4.89246 -0.0312541 -0.182652 0.982681 45.9443 
0.999734 -0.00543011 0.0224288 -2.81318 0.00108048 0.98187 0.189554 -5.0855 -0.0230514 -0.189479 0.981614 46.5567 
0.999766 -0.00630301 0.0206696 -2.74954 0.00224242 0.981613 0.19087 -5.01345 -0.0214926 -0.190779 0.981398 47.2263 
0.999765 -0.00590905 0.0208354 -2.76209 0.0018525 0.981865 0.189573 -4.84869 -0.0215778 -0.18949 0.981646 47.8397 
0.999604 -0.00736269 0.027149 -3.04996 0.00200142 0.981308 0.192436 -4.85327 -0.0280584 -0.192305 0.980934 48.5084 
0.999661 -0.00713645 0.0250567 -2.95629 0.00220212 0.981456 0.191674 -4.71805 -0.02596 -0.191554 0.981139 49.0494 
0.999612 -0.00771778 0.0267647 -3.04382 0.00198941 0.978177 0.207763 -5.3134 -0.0277841 -0.207629 0.977813 49.7182 
0.999767 -0.00809639 0.0200006 -2.74753 0.00359889 0.976518 0.215405 -5.54685 -0.021275 -0.215282 0.97632 50.3015 
0.999785 -0.00878468 0.018769 -2.70534 0.00453547 0.976504 0.215449 -5.43016 -0.0202207 -0.215318 0.976335 50.8231 
0.999882 -0.00724557 0.0135092 -2.49121 0.00398268 0.973771 0.227497 -5.8428 -0.0148032 -0.227416 0.973685 51.4481 
0.999866 -0.00783582 0.014372 -2.53459 0.00436395 0.973808 0.227331 -5.67228 -0.0157769 -0.227238 0.973711 52.1336 
0.999834 -0.0101239 0.0151682 -2.5846 0.00652755 0.975321 0.220695 -5.21312 -0.0170281 -0.22056 0.975225 52.7803 
0.999828 -0.0106319 0.01521 -2.59731 0.00702726 0.975489 0.219937 -5.05662 -0.0171755 -0.219792 0.975396 53.3813 
0.999961 -0.00840376 0.00288655 -2.05656 0.00751598 0.973228 0.229718 -5.36082 -0.00473976 -0.229687 0.973253 53.9677 
0.999963 -0.00854777 0.000583303 -1.97449 0.00818879 0.97355 0.228328 -5.15542 -0.00251957 -0.228315 0.973584 54.5828 
0.999934 -0.010451 0.00486503 -2.19701 0.00894705 0.969696 0.244152 -5.73578 -0.00726923 -0.244092 0.969725 55.2749 
0.999797 -0.00967256 0.0176747 -2.76805 0.0050153 0.969094 0.246642 -5.6966 -0.0195141 -0.246503 0.968945 55.8678 
0.999745 -0.00717495 0.0214335 -2.94097 0.00169954 0.969457 0.245256 -5.51993 -0.0225385 -0.245157 0.969221 56.3255 
0.999741 -0.00725852 0.0215492 -2.95007 0.00134544 0.964905 0.262594 -6.15372 -0.022699 -0.262497 0.964666 57.0193 
0.999776 -0.00602274 0.0202729 -2.90724 0.000479474 0.964801 0.262981 -6.00963 -0.0211431 -0.262913 0.964588 57.5729 
0.99994 -0.00410979 0.0101791 -2.46842 0.00142641 0.968057 0.250727 -5.32949 -0.0108844 -0.250698 0.968004 57.9521 
0.999962 -0.00209121 0.00852119 -2.40754 -0.000112966 0.968033 0.250824 -5.20217 -0.00877331 -0.250815 0.967995 58.4653 
0.999903 -0.00186046 0.0138265 -2.6519 -0.00163548 0.968603 0.248606 -4.94622 -0.013855 -0.248605 0.968506 59.0846 
0.999912 -0.00179746 0.0131495 -2.62473 -0.00152404 0.968681 0.248304 -4.78632 -0.0131839 -0.248302 0.968593 59.6214 
0.999791 -0.00250912 0.0202877 -2.95933 -0.00261717 0.968561 0.248764 -4.67795 -0.0202741 -0.248765 0.968352 60.1834 
0.999694 -0.00266922 0.0246035 -3.15463 -0.00350454 0.968879 0.24751 -4.4619 -0.0244984 -0.247521 0.968573 60.8238 
0.999747 -0.000461752 0.0225004 -3.07021 -0.00483834 0.972001 0.234926 -3.77409 -0.0219789 -0.234976 0.971753 61.2471 
0.999773 -0.000706001 0.0212959 -3.02576 -0.00432067 0.97197 0.235064 -3.64278 -0.020865 -0.235103 0.971747 61.8326 
0.999838 1.20161e-05 0.017972 -2.88798 -0.0045847 0.967084 0.254415 -4.34415 -0.0173774 -0.254456 0.966928 62.6739 
0.999844 -0.000819576 0.0176396 -2.87732 -0.00370002 0.967025 0.254654 -4.18305 -0.0172666 -0.254679 0.966871 63.3087 
0.999768 -0.00142626 0.0215132 -3.04546 -0.00409559 0.967078 0.254446 -4.01306 -0.0211678 -0.254475 0.966848 63.9716 
0.999782 -0.000819963 0.020846 -3.01697 -0.00455111 0.966588 0.256293 -3.91563 -0.0203597 -0.256332 0.966374 64.6051 
0.999791 -0.00166119 0.0203658 -3.00508 -0.00361458 0.966594 0.256288 -3.75574 -0.0201112 -0.256308 0.966386 65.1599 
0.999808 -0.00234642 0.0194304 -2.97309 -0.00268874 0.966907 0.255116 -3.55175 -0.019386 -0.255119 0.966715 65.7796 
0.999698 -0.00152556 0.0245286 -3.20319 -0.0049682 0.964919 0.262499 -3.7332 -0.0240686 -0.262542 0.96462 66.4448 
0.999475 -0.00607257 0.0318315 -3.54755 -0.00534023 0.93799 0.346621 -7.30683 -0.0319625 -0.346609 0.937465 68.0579 
0.999528 -0.00611624 0.0301125 -3.47425 -0.00465481 0.938541 0.345138 -7.03921 -0.0303727 -0.345115 0.938069 68.5607 
0.99975 -0.00859229 0.0206355 -3.0771 0.000223625 0.926968 0.37514 -8.20785 -0.0223518 -0.375042 0.926738 69.4477 
0.999787 -0.00687897 0.0194587 -3.02171 -0.000876685 0.927814 0.373042 -7.88535 -0.0206202 -0.37298 0.92761 69.9967 
0.999613 -0.00500475 0.0273704 -3.37868 -0.00512995 0.933677 0.35808 -7.0165 -0.0273472 -0.358082 0.93329 70.2814 
0.999683 -0.00478488 0.0247338 -3.26834 -0.00433809 0.934435 0.356107 -6.72196 -0.0248161 -0.356101 0.934118 70.8152 
0.999702 -0.00534612 0.0238301 -3.23447 -0.00420499 0.923496 0.383584 -7.76589 -0.0240577 -0.38357 0.923198 71.7133 
0.999032 -0.0051092 0.0436821 -4.10192 -0.0114615 0.928662 0.370749 -6.98091 -0.0424602 -0.370891 0.927705 72.0733 
0.998842 -0.00529686 0.0478237 -4.26235 -0.0129 0.928055 0.372219 -6.76452 -0.0463546 -0.372405 0.926912 72.7924 
0.999171 -0.00408221 0.0405144 -3.93484 -0.0106256 0.934351 0.356195 -5.84104 -0.0393087 -0.35633 0.933533 73.0458 
0.999193 -0.00467047 0.0398822 -3.90189 -0.0100151 0.932839 0.360155 -5.81066 -0.0388858 -0.360264 0.93204 73.6672 
0.998959 -0.00455475 0.0453851 -4.14097 -0.0115345 0.937438 0.347961 -5.05453 -0.0441306 -0.348123 0.93641 74.051 
0.998419 -0.00725822 0.0557332 -4.59857 -0.0137998 0.929613 0.368278 -5.77324 -0.0544834 -0.368465 0.928044 74.8903 
0.998632 -0.00894706 0.0515242 -4.39941 -0.0110167 0.927153 0.374521 -5.82281 -0.0511217 -0.374576 0.925786 75.5727 
0.997659 -0.00963079 0.0677104 -5.08386 -0.0173329 0.922109 0.386542 -6.05126 -0.0661591 -0.386811 0.919783 76.5323 
0.997674 -0.0104526 0.067359 -5.06141 -0.0164984 0.921764 0.3874 -5.89446 -0.0661385 -0.38761 0.919448 77.0021 
0.997643 -0.011649 0.0676286 -5.05406 -0.0158486 0.919735 0.392219 -5.87933 -0.0667694 -0.392366 0.917383 77.6355 
0.998291 -0.0125824 0.0570664 -4.5584 -0.0114099 0.915781 0.401516 -5.98542 -0.0573124 -0.401481 0.914073 78.4987 
0.997597 -0.0124321 0.0681607 -5.03445 -0.0161436 0.914985 0.403165 -5.82726 -0.0673782 -0.403297 0.912585 79.0967 
0.997565 -0.0120782 0.0686864 -5.04496 -0.0165945 0.915491 0.401995 -5.55824 -0.0677372 -0.402156 0.913062 79.5746 
0.994431 -0.0144757 0.104395 -6.58366 -0.0316031 0.903988 0.426388 -6.35336 -0.100544 -0.427313 0.898496 80.831 
0.994915 -0.0143408 0.0996935 -6.34428 -0.0303711 0.901023 0.432707 -6.41963 -0.0960315 -0.433534 0.896006 81.3775 
0.995131 -0.0158441 0.097283 -6.20489 -0.0283784 0.899145 0.43673 -6.32882 -0.0943912 -0.437364 0.894317 82.0078 
0.996065 -0.0143128 0.0874576 -5.74558 -0.0254753 0.898973 0.437263 -6.12818 -0.0848804 -0.437771 0.895071 82.4511 
0.996185 -0.0141826 0.0861058 -5.64942 -0.0251071 0.898405 0.438449 -5.92177 -0.0835762 -0.438938 0.894622 82.9883 
0.996469 -0.0129896 0.0829482 -5.47847 -0.024904 0.897767 0.439765 -5.72196 -0.0801806 -0.440279 0.894274 83.52 
0.996595 -0.0122854 0.0815319 -5.39734 -0.024772 0.89854 0.438192 -5.43097 -0.078643 -0.438719 0.895176 83.9519 
0.99687 -0.0116248 0.0782005 -5.21341 -0.0238664 0.898736 0.43784 -5.12018 -0.0753714 -0.438336 0.895646 84.5344 
0.995892 -0.0128049 0.0896394 -5.6965 -0.0298728 0.888065 0.458746 -5.79828 -0.0854798 -0.459539 0.884035 85.5077 
0.996826 -0.0155795 0.0780657 -5.16983 -0.0249848 0.869878 0.492633 -7.12602 -0.0755826 -0.49302 0.866729 86.5808 
0.997725 -0.0147598 0.0657767 -4.60177 -0.018876 0.875537 0.482781 -6.41301 -0.0647157 -0.482925 0.873267 86.789 
0.997459 -0.0139766 0.0698636 -4.7663 -0.0215127 0.875723 0.482335 -6.10374 -0.0679226 -0.482612 0.873197 87.3142 
0.997415 -0.0130932 0.0706549 -4.78979 -0.0226948 0.875534 0.482623 -5.86879 -0.0681799 -0.482979 0.872974 87.7794 
0.997544 -0.0121042 0.0689836 -4.68618 -0.0227243 0.87573 0.482266 -5.50009 -0.0662485 -0.482649 0.873305 88.4173 
0.997611 -0.0150577 0.0674259 -4.59755 -0.01911 0.877736 0.478764 -5.07573 -0.0663912 -0.478908 0.875351 88.8152 
0.997625 -0.0170817 0.0667343 -4.55116 -0.0185644 0.866256 0.499255 -5.73693 -0.0663372 -0.499308 0.863881 89.7331 
0.996668 -0.0165109 0.0798781 -5.11039 -0.025003 0.870312 0.491865 -5.09363 -0.07764 -0.492224 0.866999 90.1369 
0.996198 -0.0144924 0.0859064 -5.3399 -0.0297619 0.870132 0.491919 -4.80276 -0.081879 -0.492606 0.866392 90.6829 
0.994788 -0.0140561 0.100991 -5.97482 -0.0381925 0.866981 0.496875 -4.75402 -0.0945413 -0.498143 0.861926 91.3826 
0.994751 -0.0156772 0.101119 -5.94294 -0.0369309 0.866587 0.497658 -4.51767 -0.0954302 -0.49878 0.861459 91.8802 
0.995908 -0.021129 0.0878646 -5.32706 -0.029854 0.840773 0.540565 -6.15191 -0.0852957 -0.540976 0.836702 93.3786 
0.994919 -0.0227794 0.0980649 -5.7503 -0.0346819 0.836893 0.546267 -6.10305 -0.0945135 -0.546893 0.831851 94.0623 
0.995005 -0.0236948 0.0969728 -5.6601 -0.0332838 0.837089 0.546053 -5.76066 -0.0941135 -0.546553 0.832119 94.5805 
0.995401 -0.0279118 0.0916408 -5.37993 -0.03085 0.812254 0.582487 -7.00868 -0.0906939 -0.582635 0.807657 96.1736 
0.995304 -0.0295224 0.0921849 -5.36913 -0.0322484 0.796815 0.603362 -7.5928 -0.091267 -0.603501 0.792122 97.3247 
0.995947 -0.0318648 0.0841041 -4.97243 -0.0264548 0.789972 0.612572 -7.59511 -0.0859594 -0.612315 0.785927 98.134 
0.99603 -0.033471 0.0824803 -4.86945 -0.0243528 0.78879 0.61418 -7.29408 -0.0856168 -0.613751 0.784844 98.6573 
0.995822 -0.0336096 0.0849051 -4.9393 -0.0256154 0.789654 0.613018 -6.81575 -0.0876489 -0.612631 0.785494 99.1665 
0.995915 -0.0326498 0.0841895 -4.88695 -0.026022 0.789019 0.613817 -6.4819 -0.0864681 -0.613501 0.784946 99.653 
0.995868 -0.033609 0.0843635 -4.85523 -0.0252914 0.789592 0.613111 -6.0341 -0.0872188 -0.612712 0.785479 100.175 
0.995309 -0.0324686 0.0911364 -5.12957 -0.0304961 0.788691 0.614033 -5.70798 -0.0918153 -0.613932 0.784001 100.727 
0.994746 -0.0335525 0.0967209 -5.32925 -0.0341463 0.781926 0.622435 -5.62605 -0.0965128 -0.622468 0.776672 101.625 
0.99575 -0.0335655 0.0857663 -4.81445 -0.0266248 0.786558 0.616942 -5.02814 -0.0881681 -0.616603 0.782321 101.815 
0.996455 -0.0339829 0.0769564 -4.39333 -0.0211916 0.783883 0.620547 -4.8333 -0.0814128 -0.619979 0.780384 102.362 
0.996635 -0.034872 0.0741773 -4.24986 -0.0187661 0.783866 0.620647 -4.50007 -0.0797883 -0.61995 0.780574 102.786 
0.997755 -0.0367974 0.0559597 -3.43283 -0.00759993 0.767938 0.640479 -5.01502 -0.0665415 -0.639466 0.765934 103.857 
0.997557 -0.0393067 0.0577517 -3.51603 -0.00764902 0.760263 0.649571 -5.09934 -0.0694389 -0.648425 0.758105 104.575 
0.99759 -0.0397639 0.0568623 -3.46848 -0.00676157 0.75989 0.650017 -4.75268 -0.0690562 -0.648835 0.757789 105.011 
0.997669 -0.0381085 0.0566103 -3.45011 -0.00791279 0.759355 0.650628 -4.41117 -0.0677818 -0.649559 0.757284 105.459 
0.997584 -0.035807 0.0595272 -3.56091 -0.0105729 0.76867 0.639559 -3.56351 -0.0686574 -0.638643 0.766434 105.495 
0.997572 -0.035023 0.0601916 -3.58541 -0.011716 0.767609 0.640811 -3.28695 -0.0686467 -0.639961 0.765335 105.938 
0.997603 -0.0353827 0.059466 -3.52441 -0.0110031 0.767331 0.641157 -2.87251 -0.068316 -0.640274 0.765103 106.459 
0.997608 -0.0340454 0.0601589 -3.53036 -0.0125812 0.766334 0.64232 -2.51606 -0.0679698 -0.64154 0.764072 107.002 
0.996164 -0.0342569 0.0805253 -4.39652 -0.0247619 0.772239 0.634849 -1.73842 -0.0839327 -0.634408 0.768428 107.351 
0.996267 -0.0337818 0.0794411 -4.32218 -0.0244322 0.772281 0.634811 -1.35869 -0.082796 -0.634382 0.768573 107.798 
0.996332 -0.0327553 0.079057 -4.27316 -0.0250324 0.771875 0.635282 -0.990656 -0.0818309 -0.634931 0.768223 108.276 
0.996178 -0.0329537 0.0808945 -4.31823 -0.0259032 0.772998 0.633879 -0.532846 -0.08342 -0.633552 0.76919 108.687 
0.996655 -0.0312711 0.0755101 -4.04509 -0.0233517 0.776436 0.629764 0.0621304 -0.0783221 -0.62942 0.773108 109.02 
0.996937 -0.031208 0.0717153 -3.85363 -0.0208728 0.777522 0.628509 0.465735 -0.0753747 -0.628081 0.774489 109.388 
0.996892 -0.0309796 0.072436 -3.86133 -0.0217384 0.775581 0.630874 0.761769 -0.0757242 -0.630487 0.772497 109.992 
0.997035 -0.0310302 0.0704173 -3.72674 -0.0206084 0.773991 0.632862 1.19562 -0.0741401 -0.632436 0.771056 110.699 
0.997157 -0.0308761 0.0687317 -3.62768 -0.0196468 0.774086 0.632775 1.55158 -0.0727419 -0.632327 0.771279 111.129 
0.996394 -0.0314588 0.0787943 -4.03818 -0.0259524 0.771186 0.636081 1.80985 -0.0807754 -0.635832 0.767589 111.8 
0.99632 -0.0312888 0.0797973 -4.05036 -0.0269934 0.769076 0.638587 2.12001 -0.0813508 -0.638391 0.765402 112.413 
0.996515 -0.0295384 0.0780048 -3.94642 -0.0270872 0.769905 0.637583 2.57599 -0.0788894 -0.637475 0.766422 112.862 
