1 0 0 0 0 1 0 0 0 0 1 0 
0.999999 -0.000790321 -0.000658634 0.0180351 0.00078971 0.999999 -0.000926973 0.0483788 0.000659366 0.000926452 0.999999 0.721814 
0.999998 -0.00197374 -0.000127206 -0.0306125 0.00197354 0.999997 -0.00154927 0.0685835 0.000130264 0.00154902 0.999999 1.4768 
0.999997 -0.00255115 -0.000116774 -0.0425482 0.00255101 0.999996 -0.001151 0.0608169 0.00011971 0.0011507 0.999999 2.13909 
0.999992 -0.00383389 -0.0010356 -0.00606911 0.00383264 0.999992 -0.00121156 0.0750452 0.00104024 0.00120758 0.999999 2.99459 
0.999989 -0.00432737 -0.00186883 0.0227454 0.0043241 0.999989 -0.00174913 0.110873 0.00187638 0.00174103 0.999997 3.76896 
0.999983 -0.00478035 -0.00332521 0.0795604 0.00477513 0.999987 -0.00157437 0.0795814 0.0033327 0.00155846 0.999993 4.43831 
0.999978 -0.00477422 -0.00452851 0.124397 0.00476782 0.999988 -0.00142326 0.0792087 0.00453524 0.00140164 0.999989 5.19855 
0.999972 -0.00592549 -0.00447612 0.104308 0.00592203 0.999982 -0.000785849 0.0606894 0.0044807 0.000759319 0.99999 5.92989 
0.999967 -0.00673525 -0.0045426 0.0807982 0.0067303 0.999977 -0.0011043 0.0830933 0.00454994 0.00107369 0.999989 6.58566 
0.999962 -0.00664019 -0.00567693 0.127586 0.00663187 0.999977 -0.00148273 0.0964038 0.00568664 0.00144502 0.999983 7.37485 
0.999968 -0.00547549 -0.00583315 0.114384 0.00546619 0.999984 -0.00160902 0.10859 0.00584186 0.00157708 0.999982 8.05571 
0.999979 -0.0058054 -0.00278417 -0.0796409 0.00579709 0.999979 -0.00298503 0.199973 0.00280144 0.00296882 0.999992 8.9341 
0.999972 -0.00710526 -0.00244451 -0.121132 0.00709404 0.999964 -0.00456842 0.273474 0.00247689 0.00455095 0.999987 9.69784 
0.999971 -0.00673147 -0.00366956 -0.0718581 0.00671532 0.999968 -0.00439529 0.261657 0.00369903 0.00437052 0.999984 10.4506 
0.999974 -0.00714296 -0.000883675 -0.249893 0.00713818 0.999961 -0.00529164 0.307856 0.000921438 0.00528519 0.999986 11.3114 
0.999973 -0.00714596 -0.00139909 -0.235398 0.00713932 0.999963 -0.00469972 0.260624 0.00143262 0.0046896 0.999988 12.0779 
0.999974 -0.00700946 -0.00157117 -0.251002 0.00700157 0.999963 -0.00496885 0.264342 0.00160594 0.00495772 0.999986 12.8702 
0.999963 -0.0084138 -0.00198897 -0.260936 0.00840682 0.999959 -0.00349248 0.183293 0.00201827 0.00347563 0.999992 13.6189 
0.999962 -0.00717471 -0.00485005 -0.121805 0.0071663 0.999973 -0.00174856 0.0902923 0.00486247 0.00171373 0.999987 14.4827 
0.999958 -0.00686532 -0.00609513 -0.0675133 0.00685377 0.999975 -0.00191311 0.0903732 0.00610811 0.00187125 0.99998 15.3179 
0.999958 -0.00625768 -0.00668601 -0.0424211 0.00624642 0.999979 -0.00170322 0.0662175 0.00669653 0.00166138 0.999976 16.1109 
0.999964 -0.00500183 -0.00692478 -0.0538062 0.00499414 0.999987 -0.0011278 0.0484364 0.00693034 0.00109317 0.999975 16.828 
0.999957 -0.00465633 -0.00805836 -0.0145802 0.00465087 0.999989 -0.000696005 0.0251105 0.00806151 0.000658497 0.999967 17.6473 
0.999927 -0.00420939 -0.01132 0.169837 0.0041803 0.999988 -0.00259252 0.133164 0.0113307 0.00254501 0.999933 18.337 
0.999924 -0.00363557 -0.0117846 0.164519 0.00359733 0.999988 -0.00326464 0.167176 0.0117964 0.00322199 0.999925 19.1137 
0.999908 -0.00474755 -0.0127445 0.202298 0.00470697 0.999984 -0.00321196 0.174512 0.0127595 0.00315167 0.999914 19.8004 
0.999896 -0.00490448 -0.0135328 0.227138 0.00485991 0.999983 -0.00332467 0.187027 0.0135488 0.00325856 0.999903 20.4732 
0.999917 -0.0062259 -0.0112431 0.0593801 0.00637585 0.999891 0.0133513 -0.775925 0.0111588 -0.0134219 0.999848 21.1367 
0.999924 -0.00505351 -0.011227 0.034347 0.00522185 0.999874 0.0150161 -0.86908 0.0111497 -0.0150736 0.999824 22.0065 
0.999921 -0.00393383 -0.0119451 0.0541583 0.00410315 0.999891 0.014184 -0.819108 0.011888 -0.0142319 0.999828 22.7255 
0.999922 -0.00276818 -0.0121806 0.0465328 0.00293479 0.999902 0.0136822 -0.796463 0.0121415 -0.0137169 0.999832 23.4908 
0.999917 -0.001297 -0.0128029 0.049642 0.0014674 0.99991 0.0133091 -0.771073 0.0127845 -0.0133268 0.999829 24.2733 
0.999911 -0.0026104 -0.0130738 0.0372173 0.00281667 0.999871 0.0157836 -0.89624 0.0130309 -0.0158191 0.99979 24.8964 
0.999895 -0.00304491 -0.0141366 0.0593369 0.00325828 0.999881 0.0150945 -0.83917 0.014089 -0.015139 0.999786 25.6751 
0.999871 -0.00384549 -0.0155864 0.116089 0.00407032 0.999888 0.0144192 -0.787978 0.0155292 -0.0144808 0.999775 26.3073 
0.999863 -0.00362732 -0.0161529 0.123077 0.00387068 0.999879 0.0150606 -0.809584 0.0160963 -0.0151211 0.999756 27.1404 
0.99987 -0.0033732 -0.0157494 0.0707764 0.00360133 0.999889 0.0144793 -0.765605 0.0156988 -0.0145341 0.999771 27.9394 
0.999849 -0.00504666 -0.016637 0.0943184 0.00530196 0.999868 0.0153368 -0.799279 0.0165574 -0.0154227 0.999744 28.6245 
0.999834 -0.00542822 -0.0173871 0.110388 0.0057028 0.999859 0.0157817 -0.80526 0.017299 -0.0158783 0.999724 29.3335 
0.999639 -0.00562938 -0.026264 0.598736 0.00626426 0.999689 0.0241538 -1.28873 0.0261199 -0.0243097 0.999363 30.1488 
0.999632 -0.00587085 -0.026487 0.568329 0.0065041 0.999694 0.0238852 -1.26469 0.0263386 -0.0240487 0.999364 30.9991 
0.999625 -0.00634448 -0.0266498 0.549175 0.0069861 0.999686 0.024052 -1.2486 0.0264889 -0.0242292 0.999355 31.8214 
0.999587 -0.00580218 -0.0281551 0.602412 0.00651634 0.999658 0.0253402 -1.3097 0.0279985 -0.0255132 0.999282 32.6002 
0.999572 -0.00620421 -0.028602 0.582379 0.00684297 0.999728 0.0222893 -1.12276 0.0284559 -0.0224754 0.999342 33.4876 
0.999487 -0.00665599 -0.031315 0.708284 0.00736974 0.999714 0.0227329 -1.13773 0.0311547 -0.022952 0.999251 34.4337 
0.999571 -0.00598055 -0.0286723 0.529887 0.00744839 0.998652 0.0513635 -2.80728 0.0283265 -0.0515551 0.998268 35.0607 
0.999569 -0.00527525 -0.0288643 0.5124 0.0068229 0.998529 0.0537854 -2.89329 0.0285381 -0.0539591 0.998135 35.7767 
0.999567 -0.00526155 -0.0289639 0.480285 0.00682018 0.998519 0.0539795 -2.85748 0.028637 -0.0541537 0.998122 36.6688 
0.999544 -0.00527093 -0.0297177 0.498674 0.00685636 0.998544 0.053503 -2.80047 0.0293924 -0.0536824 0.998125 37.4035 
0.999522 -0.00521091 -0.0304632 0.503218 0.00684067 0.998537 0.0536425 -2.78177 0.0301391 -0.0538253 0.998095 38.0741 
0.999508 -0.0056825 -0.0308594 0.494781 0.00735563 0.998493 0.0543778 -2.78232 0.0305039 -0.054578 0.998043 38.7508 
0.999478 -0.00780238 -0.0313448 0.485286 0.00953153 0.998419 0.0554004 -2.79371 0.030863 -0.0556703 0.997972 39.394 
0.999447 -0.00827839 -0.0321934 0.496907 0.0100208 0.998472 0.0543449 -2.68741 0.0316944 -0.0546375 0.998003 40.1468 
0.999405 -0.00669496 -0.0338273 0.543198 0.00855789 0.998437 0.0552307 -2.68434 0.0334047 -0.0554874 0.9979 40.9373 
0.999402 -0.00537321 -0.0341699 0.510857 0.00727751 0.998413 0.0558525 -2.68476 0.0338155 -0.0560677 0.997854 41.6317 
0.999405 -0.00679685 -0.0338207 0.450621 0.00864971 0.998452 0.0549439 -2.58504 0.0333949 -0.0552038 0.997916 42.3335 
0.999381 -0.00662643 -0.0345368 0.462287 0.00853114 0.998433 0.0552978 -2.56972 0.0341163 -0.0555583 0.997872 43.0032 
0.999386 -0.00568784 -0.0345628 0.43304 0.00756389 0.998491 0.0543935 -2.47879 0.0342013 -0.0546216 0.997921 43.7352 
0.99939 -0.00596552 -0.034399 0.376502 0.00785681 0.998449 0.0551107 -2.47435 0.0340169 -0.0553474 0.997888 44.4548 
0.999338 -0.00643109 -0.0358126 0.423145 0.00840279 0.998441 0.0551807 -2.43852 0.0354019 -0.0554451 0.997834 45.2526 
0.999299 -0.0057127 -0.0370084 0.452262 0.00771225 0.998505 0.0541142 -2.3257 0.036644 -0.0543617 0.997849 46.0329 
0.999288 -0.00409745 -0.0375086 0.438862 0.00615087 0.998479 0.0547946 -2.32819 0.0372271 -0.0549863 0.997793 46.6922 
0.999228 -0.0038197 -0.0391001 0.490631 0.00603116 0.998379 0.0565984 -2.37264 0.0388205 -0.0567905 0.997631 47.5622 
0.999182 -0.00386315 -0.0402487 0.518262 0.00613985 0.998378 0.0565964 -2.30662 0.0399648 -0.0567972 0.997586 48.4913 
0.999151 -0.00498145 -0.0408903 0.513944 0.00731709 0.998338 0.0571704 -2.29265 0.0405375 -0.057421 0.997527 49.4011 
0.999155 -0.00528518 -0.0407532 0.456277 0.00760368 0.998348 0.056948 -2.23216 0.0403849 -0.0572098 0.997545 50.2194 
0.999119 -0.00478423 -0.0416835 0.474061 0.00714576 0.998366 0.0566904 -2.18086 0.0413442 -0.0569383 0.997521 50.972 
0.999152 -0.00445295 -0.040943 0.387072 0.00678541 0.998351 0.0570071 -2.14717 0.0406217 -0.0572366 0.997534 51.6991 
0.999268 -0.00576621 -0.0378307 0.155277 0.00791252 0.998352 0.0568326 -2.08898 0.0374406 -0.0570903 0.997667 52.6783 
0.999243 -0.00724103 -0.0382292 0.137195 0.00940135 0.998351 0.0566357 -2.02587 0.037756 -0.0569523 0.997663 53.388 
0.999215 -0.0086557 -0.0386681 0.12184 0.0108215 0.998363 0.0561576 -1.95024 0.0381187 -0.0565319 0.997673 54.1345 
0.99916 -0.00941436 -0.0398721 0.147964 0.011675 0.998315 0.0568492 -1.94973 0.0392697 -0.057267 0.997586 54.8218 
0.99917 -0.00815789 -0.0399076 0.100076 0.0104046 0.998353 0.0564192 -1.90607 0.0393816 -0.0567876 0.997609 55.5682 
0.999226 -0.00985269 -0.0380876 -0.0555941 0.0120176 0.9983 0.0570364 -1.90404 0.0374608 -0.05745 0.997645 56.3829 
0.999209 -0.0106083 -0.0383178 -0.0787501 0.0128262 0.998228 0.0581094 -1.91487 0.0376334 -0.0585549 0.997575 57.1171 
0.999183 -0.00950185 -0.0392739 -0.0714069 0.0117893 0.998222 0.0584282 -1.89512 0.0386489 -0.0588435 0.997519 57.7655 
0.999154 -0.00810091 -0.0403073 -0.0682279 0.0104125 0.998293 0.0574728 -1.8106 0.0397729 -0.0578439 0.997533 58.5899 
0.999138 -0.00682359 -0.0409458 -0.0747453 0.00918413 0.998289 0.0577423 -1.77929 0.0404817 -0.0580686 0.997491 59.3842 
0.999094 -0.00724355 -0.0419339 -0.0849121 0.00968767 0.998248 0.0583785 -1.76036 0.0414375 -0.0587318 0.997413 60.3185 
0.999073 -0.00759407 -0.0423688 -0.110133 0.0100343 0.998285 0.0576825 -1.68247 0.0418581 -0.0580541 0.997436 61.075 
0.999054 -0.00783941 -0.042771 -0.145925 0.0102793 0.998314 0.0571276 -1.61148 0.042251 -0.0575132 0.99745 61.8663 
0.999044 -0.00856151 -0.0428601 -0.179993 0.0110136 0.998296 0.0573074 -1.58892 0.0422964 -0.0577247 0.997436 62.6095 
0.999056 -0.00863798 -0.0425667 -0.250197 0.0111233 0.998225 0.0585005 -1.60273 0.0419858 -0.0589188 0.997379 63.4111 
0.999064 -0.00902066 -0.0423134 -0.313248 0.0114906 0.998221 0.0584978 -1.56339 0.0417104 -0.0589293 0.99739 64.227 
0.998996 -0.00934057 -0.0438172 -0.277827 0.0118704 0.998255 0.0578369 -1.48026 0.0432005 -0.0582989 0.997364 64.9186 
0.998988 -0.00802051 -0.0442476 -0.317713 0.0105747 0.998272 0.0577965 -1.43801 0.0437076 -0.0582059 0.997347 65.6873 
0.999014 -0.00815981 -0.0436495 -0.396103 0.0106919 0.998254 0.0580949 -1.39994 0.0430992 -0.0585043 0.997356 66.523 
0.998991 -0.0108642 -0.0435686 -0.463266 0.0134424 0.998148 0.0593247 -1.40888 0.0428434 -0.0598505 0.997288 67.2877 
0.99897 -0.0104564 -0.0441466 -0.478937 0.0130623 0.998163 0.0591582 -1.37031 0.0434469 -0.0596739 0.997272 68.0418 
0.998341 -0.00830363 -0.0569733 0.23801 0.0133355 0.995985 0.0885168 -3.04369 0.0560096 -0.0891297 0.994444 68.8023 
0.998587 -0.00751807 -0.0526044 -0.0830241 0.0123353 0.995696 0.0918576 -3.16105 0.0516874 -0.0923767 0.994382 69.7083 
0.998507 -0.00784028 -0.0540667 -0.0727675 0.0127705 0.995727 0.0914549 -3.06486 0.0531186 -0.0920088 0.99434 70.4762 
0.998507 -0.0074863 -0.0541008 -0.115027 0.0124734 0.99564 0.0924409 -3.05437 0.0531728 -0.0929777 0.994247 71.1713 
0.998491 -0.00687996 -0.054483 -0.149403 0.011833 0.99577 0.0911166 -2.91572 0.0536257 -0.0916238 0.994349 71.9002 
0.998398 -0.00703886 -0.0561434 -0.10845 0.01208 0.995872 0.0899631 -2.78186 0.0552784 -0.0904972 0.994361 72.6591 
0.99835 -0.00701586 -0.0569983 -0.123625 0.0121478 0.99585 0.0901954 -2.71358 0.0561289 -0.090739 0.994292 73.4236 
0.998418 -0.0058682 -0.0559175 -0.239044 0.0109565 0.995779 0.0911298 -2.71031 0.0551467 -0.0915983 0.994268 74.0691 
0.998464 -0.00520483 -0.0551579 -0.33651 0.010201 0.995827 0.0906898 -2.59565 0.0544557 -0.0911131 0.994351 74.8896 
0.998435 -0.00557726 -0.0556472 -0.370353 0.0106062 0.995841 0.0904897 -2.51697 0.054911 -0.0909383 0.994341 75.6856 
0.998328 -0.00586745 -0.0575014 -0.312832 0.0110783 0.995814 0.0907266 -2.45224 0.0567284 -0.091212 0.994214 76.3642 
0.998326 -0.00588039 -0.0575338 -0.382296 0.011119 0.995774 0.0911618 -2.43156 0.0567546 -0.091649 0.994173 77.0386 
0.998309 -0.00569555 -0.0578478 -0.430146 0.0110082 0.995704 0.0919397 -2.40684 0.0570757 -0.092421 0.994083 77.8728 
0.998266 -0.00401866 -0.058731 -0.44033 0.0093631 0.995806 0.0910092 -2.29282 0.058119 -0.0914012 0.994117 78.5907 
0.998211 -0.00405549 -0.0596529 -0.453388 0.00950182 0.995778 0.0913024 -2.24032 0.0590308 -0.0917059 0.994035 79.401 
0.998173 -0.00459032 -0.0602447 -0.483384 0.0100636 0.995812 0.0908652 -2.14082 0.0595754 -0.0913054 0.994039 80.2542 
0.998153 -0.00466261 -0.060563 -0.529511 0.0102105 0.995741 0.0916223 -2.10059 0.0598779 -0.0920715 0.99395 81.1 
0.998154 -0.00563507 -0.0604791 -0.598274 0.0111406 0.995781 0.0910843 -2.00821 0.0597106 -0.0915899 0.994005 81.853 
0.998164 -0.00593653 -0.0602806 -0.663184 0.0114896 0.995675 0.0921962 -1.97502 0.0594725 -0.0927195 0.993915 82.6767 
0.998153 -0.00548892 -0.060496 -0.708607 0.0110916 0.995635 0.0926692 -1.92188 0.0597233 -0.0931691 0.993857 83.3632 
0.998096 -0.00579957 -0.0614144 -0.719655 0.0114308 0.995717 0.0917423 -1.80553 0.0606193 -0.0922696 0.993887 84.192 
0.998318 -0.00555946 -0.0577017 -0.997149 0.0111946 0.995143 0.0978019 -2.10023 0.0568777 -0.0982834 0.993532 84.9901 
0.998229 -0.00677946 -0.0590977 -0.991813 0.0125971 0.995044 0.0986321 -2.08428 0.0581361 -0.0992019 0.993368 85.6126 
0.998198 -0.00716998 -0.059571 -1.03054 0.01301 0.995078 0.0982339 -1.9796 0.0585735 -0.0988319 0.993379 86.3488 
0.998174 -0.00749679 -0.0599427 -1.09584 0.0133906 0.995043 0.0985363 -1.8885 0.0589069 -0.099159 0.993326 87.4165 
0.998123 -0.00638784 -0.0609018 -1.09603 0.0123793 0.995058 0.0985164 -1.79757 0.0599715 -0.0990854 0.99327 88.2497 
0.998295 -0.00675844 -0.0579831 -1.32893 0.0122806 0.995362 0.0954166 -1.54311 0.0570693 -0.095966 0.993747 88.9717 
0.998245 -0.00711444 -0.0587851 -1.34416 0.0126615 0.995441 0.094535 -1.43167 0.0578445 -0.0951134 0.993784 89.7242 
0.99815 -0.00603336 -0.0605036 -1.30022 0.0117267 0.995485 0.0941902 -1.34701 0.0596622 -0.0947255 0.993714 90.3645 
0.99804 -0.00621487 -0.0622642 -1.2498 0.012094 0.995452 0.0944956 -1.30714 0.0613937 -0.0950634 0.993576 91.0474 
0.998226 -0.00741719 -0.0590723 -1.49468 0.0131606 0.995154 0.0974408 -1.38532 0.0580633 -0.0980454 0.993487 91.9058 
0.998212 -0.00697858 -0.0593617 -1.53724 0.0127859 0.995102 0.0980199 -1.32952 0.0583869 -0.0986036 0.993412 92.6895 
0.998286 -0.00725461 -0.0580807 -1.66231 0.0129397 0.995091 0.098114 -1.25681 0.0570838 -0.0986973 0.993479 93.4782 
0.9982 -0.00751042 -0.0595026 -1.6531 0.0133384 0.995081 0.0981615 -1.17186 0.0584727 -0.0987785 0.99339 94.3327 
0.998136 -0.0086515 -0.0604106 -1.66864 0.0145924 0.99502 0.0986045 -1.13524 0.0592566 -0.0993022 0.993291 95.026 
0.998141 -0.0098907 -0.0601416 -1.75831 0.0157404 0.995103 0.0975837 -0.997452 0.0588819 -0.0983489 0.993408 95.8042 
0.998101 -0.00964092 -0.0608421 -1.78428 0.0155769 0.995078 0.0978579 -0.915423 0.0595992 -0.0986198 0.993339 96.5878 
0.998023 -0.0105044 -0.0619635 -1.77619 0.0165874 0.995 0.0984886 -0.877778 0.0606191 -0.0993217 0.993207 97.321 
0.997982 -0.011224 -0.0624987 -1.80291 0.0173756 0.994958 0.098773 -0.821998 0.061075 -0.0996596 0.993145 98.0472 
0.997924 -0.0103363 -0.0635738 -1.81567 0.0166416 0.994902 0.0994662 -0.786985 0.0622216 -0.100318 0.993008 98.8753 
0.998106 -0.00938041 -0.0608054 -2.0444 0.0154629 0.994832 0.100348 -0.764748 0.0595498 -0.101098 0.993093 99.6497 
0.997969 -0.00862576 -0.0631157 -1.97319 0.0149317 0.994862 0.100132 -0.685007 0.0619277 -0.100871 0.99297 100.355 
0.997932 -0.00803832 -0.0637764 -2.00737 0.0143693 0.99494 0.0994397 -0.555124 0.0626544 -0.10015 0.992998 101.215 
0.997795 -0.00740625 -0.0659587 -1.9411 0.0140129 0.994861 0.100272 -0.525866 0.0648771 -0.100975 0.992771 101.977 
0.997695 -0.00832936 -0.0673383 -1.93498 0.0150436 0.994891 0.0998266 -0.419353 0.0661628 -0.10061 0.992724 102.798 
0.997575 -0.00822613 -0.0691184 -1.9047 0.015089 0.994937 0.0993648 -0.325989 0.067951 -0.100167 0.992648 103.605 
0.997602 -0.00841131 -0.0687036 -1.98964 0.0152503 0.994907 0.0996347 -0.276592 0.0675156 -0.100444 0.992649 104.207 
0.998335 -0.00622387 -0.057343 -2.73293 0.01274 0.993401 0.113981 -1.02825 0.0562552 -0.114522 0.991827 105.08 
0.998269 -0.0058602 -0.058526 -2.72179 0.0124353 0.99356 0.112622 -0.883696 0.0574891 -0.113155 0.991913 105.722 
0.998212 -0.00616597 -0.0594564 -2.72924 0.0129389 0.993372 0.114212 -0.880504 0.0583581 -0.114777 0.991676 106.586 
0.998129 -0.00471289 -0.0609613 -2.69626 0.0117447 0.993237 0.115511 -0.861546 0.0600046 -0.116011 0.991434 107.287 
0.998105 -0.00450639 -0.0613707 -2.72975 0.011567 0.993277 0.115185 -0.770471 0.060439 -0.115677 0.991446 107.969 
0.998138 -0.00598734 -0.0606953 -2.82473 0.0129132 0.993354 0.114369 -0.653917 0.0596072 -0.11494 0.991583 108.644 
0.998106 -0.00629926 -0.0611913 -2.86338 0.0132288 0.993449 0.113509 -0.514315 0.0600754 -0.114104 0.991651 109.439 
0.998129 -0.00587137 -0.0608657 -2.95507 0.0127193 0.993543 0.112741 -0.395057 0.0598108 -0.113305 0.991758 110.14 
0.998108 -0.00625839 -0.0611696 -3.00462 0.0131755 0.993469 0.113342 -0.353904 0.0600607 -0.113934 0.991671 110.946 
0.998211 -0.00724553 -0.0593431 -3.17109 0.0139593 0.993438 0.113515 -0.267272 0.0581312 -0.114141 0.991762 111.719 
0.99819 -0.00756171 -0.0596604 -3.21096 0.0143958 0.993265 0.114967 -0.262907 0.0583893 -0.115618 0.991576 112.405 
0.998135 -0.00799522 -0.0605112 -3.22612 0.0148923 0.993323 0.114404 -0.130539 0.0591925 -0.115092 0.99159 113.168 
0.998182 -0.00763898 -0.0597884 -3.31386 0.0144429 0.993352 0.11421 -0.0378143 0.0585185 -0.114866 0.991656 113.965 
0.998113 -0.00666521 -0.0610452 -3.30511 0.0136329 0.993336 0.114447 0.00701012 0.0598756 -0.115063 0.991552 114.702 
0.998098 -0.00764616 -0.0611651 -3.36624 0.0145148 0.993528 0.112655 0.192038 0.0599078 -0.113328 0.99175 115.567 
0.998037 -0.00859243 -0.062031 -3.37369 0.0156015 0.993426 0.11341 0.239964 0.0606487 -0.114155 0.99161 116.286 
0.998062 -0.0096411 -0.0614763 -3.47887 0.0165708 0.993431 0.113229 0.324563 0.0599808 -0.114029 0.991665 116.974 
0.998055 -0.0102391 -0.0614959 -3.53824 0.0171736 0.99341 0.113319 0.410152 0.0599304 -0.114154 0.991654 117.788 
0.99802 -0.00932936 -0.0622079 -3.56246 0.0164167 0.993298 0.114412 0.44987 0.0607236 -0.115206 0.991484 118.668 
0.997993 -0.00777254 -0.0628512 -3.58703 0.0149136 0.993373 0.113962 0.570386 0.0615489 -0.114671 0.991495 119.534 
0.99779 -0.00853847 -0.0658918 -3.48669 0.0161559 0.993123 0.115955 0.546432 0.0644486 -0.116763 0.991066 120.449 
0.997743 -0.00990138 -0.0664167 -3.5178 0.0176344 0.99299 0.116878 0.568685 0.0647938 -0.117786 0.990923 121.116 
0.997664 -0.0100697 -0.0675721 -3.52587 0.0179591 0.992948 0.117185 0.649219 0.0659155 -0.118125 0.990809 121.909 
0.99755 -0.00889021 -0.0693938 -3.50203 0.0170615 0.992859 0.118065 0.702584 0.0678486 -0.11896 0.990578 122.701 
0.997701 -0.00856189 -0.0672235 -3.70541 0.0164899 0.992843 0.118283 0.789626 0.0657296 -0.11912 0.990702 123.64 
0.997912 -0.00927611 -0.0639182 -3.9855 0.0168331 0.992784 0.118727 0.861925 0.0623556 -0.119555 0.990868 124.503 
0.998047 -0.0084153 -0.0618941 -4.19137 0.0155372 0.993186 0.115502 1.15331 0.0605003 -0.116238 0.991377 125.425 
0.998155 -0.009218 -0.0600089 -4.36993 0.0159737 0.993456 0.113092 1.39382 0.0585737 -0.113842 0.991771 126.21 
0.998112 -0.00952322 -0.0606814 -4.38975 0.0163734 0.993413 0.113413 1.4601 0.0592016 -0.114192 0.991693 127.015 
0.998043 -0.0109724 -0.0615578 -4.39981 0.01791 0.993399 0.113307 1.53634 0.0599082 -0.114188 0.991651 127.659 
0.998048 -0.0107078 -0.0615253 -4.46351 0.0177106 0.993274 0.114428 1.55632 0.0598862 -0.115294 0.991525 128.335 
0.997839 -0.0115832 -0.0646742 -4.34037 0.0190357 0.993086 0.115833 1.54966 0.0628853 -0.116814 0.991161 128.993 
0.997769 -0.0117482 -0.065714 -4.35824 0.0193288 0.993068 0.115941 1.63839 0.0638964 -0.116952 0.99108 129.753 
0.997725 -0.0107372 -0.0665518 -4.37788 0.0184152 0.993095 0.115854 1.73475 0.0648483 -0.116816 0.991034 130.481 
0.997775 -0.0101699 -0.0658851 -4.47666 0.0178376 0.992988 0.116859 1.74474 0.0642347 -0.117775 0.990961 131.194 
0.998065 -0.00947064 -0.0614585 -4.79895 0.016465 0.993308 0.114319 1.96997 0.0599646 -0.11511 0.991541 131.796 
0.997985 -0.00940666 -0.0627512 -4.78022 0.0165729 0.993264 0.114678 2.05241 0.0612498 -0.115487 0.991419 132.684 
0.998 -0.0103322 -0.0623705 -4.86681 0.0174494 0.99325 0.114671 2.13329 0.0607647 -0.11553 0.991444 133.406 
0.998846 -0.0108671 -0.0467902 -5.8522 0.015829 0.994131 0.107018 2.70315 0.0453526 -0.107636 0.993155 134.309 
0.998788 -0.0109727 -0.0479767 -5.83699 0.0160948 0.994052 0.107715 2.74676 0.0465094 -0.108357 0.993023 135.048 
0.99887 -0.00940676 -0.0465949 -5.97239 0.013818 0.995355 0.0952737 3.56413 0.0454823 -0.0958098 0.99436 135.774 
0.998967 -0.0106084 -0.0441758 -6.17792 0.0148124 0.995276 0.0959541 3.61472 0.0429492 -0.0965093 0.994405 136.62 
0.99889 -0.00925855 -0.0461756 -6.11452 0.0137005 0.995207 0.0968285 3.64173 0.0450578 -0.0973537 0.994229 137.448 
0.998866 -0.00920666 -0.0467187 -6.13333 0.0136728 0.995268 0.096198 3.74303 0.045612 -0.0967276 0.994265 138.136 
0.998839 -0.00828305 -0.0474505 -6.14471 0.0128145 0.995298 0.0960059 3.82706 0.0464321 -0.0965025 0.994249 139.055 
0.998808 -0.00603631 -0.0484391 -6.13557 0.0106298 0.995407 0.0951416 3.94546 0.0476423 -0.0955431 0.994285 139.841 
0.998801 -0.00616153 -0.0485737 -6.17097 0.010796 0.995348 0.0957347 3.97334 0.0477579 -0.0961443 0.994221 140.601 
0.999197 -0.0066576 -0.0395189 -6.7542 0.0107199 0.994573 0.10349 3.58596 0.0386154 -0.103831 0.993845 141.462 
0.99908 -0.00719052 -0.0422772 -6.64736 0.0115403 0.994556 0.103562 3.66518 0.0413024 -0.103955 0.993724 142.356 
0.999055 -0.00674366 -0.0429472 -6.66337 0.0112351 0.994386 0.105215 3.66484 0.0419965 -0.105598 0.993522 143.203 
