1 0 0 0 0 1 0 0 0 0 1 0 
0.999998 0.000755577 -0.00206984 -0.0444973 -0.000758127 0.999999 -0.00123183 -0.0230265 0.00206891 0.0012334 0.999997 0.835005 
0.999991 0.00167378 -0.00399081 -0.0879576 -0.00168418 0.999995 -0.00260225 -0.0367165 0.00398644 0.00260894 0.999989 1.66743 
0.999979 0.00184315 -0.00615927 -0.13146 -0.00186452 0.999992 -0.00346611 -0.0703247 0.00615283 0.00347752 0.999975 2.47957 
0.999964 0.00247872 -0.00809268 -0.178522 -0.00251664 0.999986 -0.00467854 -0.0878757 0.00808097 0.00469874 0.999956 3.29747 
0.999944 0.00279655 -0.0102103 -0.21683 -0.00285223 0.999981 -0.00544295 -0.127376 0.0101949 0.00547176 0.999933 4.16207 
0.999921 0.00328715 -0.0121055 -0.263218 -0.00336651 0.999973 -0.00654094 -0.158957 0.0120837 0.00658118 0.999905 5.0026 
0.999888 0.00450766 -0.0142507 -0.301219 -0.00462772 0.999954 -0.00840289 -0.158361 0.0142122 0.0084679 0.999863 5.82731 
0.999858 0.00448932 -0.016223 -0.346355 -0.00464121 0.999946 -0.00933718 -0.193469 0.0161802 0.00941115 0.999825 6.64481 
0.999818 0.00484003 -0.0184765 -0.379865 -0.00502869 0.999936 -0.0101776 -0.227218 0.0184261 0.0102687 0.999777 7.44235 
0.999771 0.0059357 -0.0205783 -0.416361 -0.00616696 0.999918 -0.0111928 -0.250577 0.0205102 0.0113172 0.999726 8.25686 
0.999725 0.00633803 -0.0225603 -0.458774 -0.006625 0.999898 -0.0126681 -0.265519 0.0224777 0.012814 0.999665 9.09708 
0.999677 0.00731261 -0.0243272 -0.511987 -0.00765354 0.999873 -0.0139509 -0.287137 0.0242221 0.0141326 0.999607 9.91912 
0.999626 0.00749411 -0.0263161 -0.556439 -0.00789631 0.999853 -0.015213 -0.309617 0.0261983 0.0154151 0.999538 10.7606 
0.99957 0.00734958 -0.0283953 -0.600274 -0.00780706 0.999841 -0.0160341 -0.346548 0.028273 0.0162489 0.999468 11.6075 
0.999522 0.00623473 -0.0302942 -0.643258 -0.00673678 0.999841 -0.0164989 -0.357554 0.0301865 0.0166951 0.999405 12.4358 
0.999442 0.00818175 -0.0323791 -0.687208 -0.00879097 0.999786 -0.018718 -0.386914 0.0322191 0.0189922 0.9993 13.234 
0.999371 0.0085682 -0.0344033 -0.725971 -0.00928144 0.999744 -0.0206259 -0.432375 0.0342177 0.0209322 0.999195 14.0869 
0.999264 0.012013 -0.0364407 -0.790159 -0.012847 0.999659 -0.0227382 -0.461334 0.0361551 0.0231896 0.999077 15.0326 
0.999195 0.0129651 -0.0379647 -0.832654 -0.01381 0.999661 -0.0220758 -0.499536 0.0376657 0.0225823 0.999035 15.8774 
0.999125 0.0137606 -0.0395064 -0.883293 -0.0145782 0.999684 -0.0204818 -0.522747 0.039212 0.0210398 0.999009 16.7261 
0.99905 0.0141399 -0.041227 -0.923818 -0.0149227 0.999713 -0.0187425 -0.558887 0.0409501 0.0193399 0.998974 17.6538 
0.999001 0.0140343 -0.0424302 -0.970233 -0.0148063 0.99973 -0.0179348 -0.593985 0.042167 0.0185451 0.998938 18.4925 
0.998913 0.0145791 -0.0442759 -1.0226 -0.0154025 0.999714 -0.0183122 -0.635924 0.0439963 0.0189742 0.998851 19.4699 
0.998887 0.0132261 -0.0452844 -1.07874 -0.0141151 0.999713 -0.019369 -0.674443 0.0450152 0.0199867 0.998786 20.3581 
0.998841 0.0135286 -0.0461919 -1.12279 -0.0143483 0.999745 -0.0174593 -0.714379 0.0459439 0.0181019 0.99878 21.2388 
0.998809 0.0160156 -0.0460781 -1.17923 -0.0166489 0.999772 -0.0133939 -0.743285 0.045853 0.0141452 0.998848 22.2243 
0.998849 0.0175739 -0.044622 -1.25126 -0.0180452 0.999785 -0.0101818 -0.755205 0.0444334 0.0109753 0.998952 23.0956 
0.998927 0.0163975 -0.0433211 -1.2955 -0.0167459 0.99983 -0.00769267 -0.77749 0.0431876 0.00840986 0.999032 24.0194 
0.998988 0.016268 -0.0419391 -1.34733 -0.0165525 0.999842 -0.00644392 -0.808625 0.0418276 0.00713159 0.999099 25.0453 
0.999027 0.0165904 -0.0408595 -1.39562 -0.0169613 0.999818 -0.00874856 -0.834749 0.0407069 0.00943308 0.999127 25.9491 
0.999054 0.0176007 -0.039773 -1.45529 -0.0181603 0.99974 -0.0137528 -0.878146 0.0395206 0.0144621 0.999114 26.9547 
0.999116 0.015977 -0.0388908 -1.48865 -0.01665 0.999716 -0.017042 -0.90645 0.0386075 0.0176744 0.999098 27.9264 
0.999176 0.0142788 -0.0379908 -1.53702 -0.0148885 0.999764 -0.0158132 -0.932741 0.0377561 0.0163658 0.999153 28.8668 
0.99921 0.0114668 -0.0380639 -1.59227 -0.011869 0.999876 -0.0103567 -0.972248 0.0379404 0.0108003 0.999222 29.8942 
0.999205 0.0082788 -0.0389944 -1.63627 -0.00852051 0.999945 -0.00603644 -1.01374 0.0389423 0.00636389 0.999221 30.8718 
0.99919 0.00106313 -0.0402291 -1.6667 -0.00132128 0.999979 -0.006391 -1.03034 0.0402215 0.00643897 0.99917 31.8265 
0.999129 -0.00225902 -0.0416732 -1.72462 0.00182423 0.999944 -0.0104684 -1.06034 0.0416945 0.0103832 0.999076 32.882 
0.999059 -0.000891226 -0.0433539 -1.76778 0.000253415 0.999892 -0.014715 -1.08942 0.0433623 0.0146902 0.998951 33.8166 
0.998969 -0.000663401 -0.0453972 -1.81486 -7.43554e-05 0.999868 -0.0162475 -1.11842 0.045402 0.0162342 0.998837 34.7725 
0.99889 8.43157e-05 -0.0471017 -1.85743 -0.000737894 0.999904 -0.0138587 -1.18363 0.047096 0.0138781 0.998794 35.9281 
0.998836 0.00351696 -0.0481012 -1.91578 -0.00404928 0.999932 -0.0109738 -1.21515 0.0480593 0.0111558 0.998782 36.918 
0.998772 0.00402185 -0.0493694 -1.98906 -0.0045396 0.999936 -0.0103797 -1.2498 0.0493244 0.0105911 0.998727 38.0168 
0.998749 0.0044503 -0.0498 -2.06545 -0.00488023 0.999952 -0.00851473 -1.27429 0.0497597 0.00874712 0.998723 38.9801 
0.99876 0.00320898 -0.0496758 -2.13534 -0.00345271 0.999982 -0.00482145 -1.30903 0.0496595 0.00498699 0.998754 39.9758 
0.998695 0.00933949 -0.0502132 -2.21642 -0.00950587 0.99995 -0.00307559 -1.34648 0.050182 0.0035489 0.998734 41.0652 
0.998689 0.00989374 -0.0502153 -2.27431 -0.010052 0.999945 -0.00290038 -1.373 0.0501839 0.00340135 0.998734 42.0462 
0.998681 0.00987457 -0.0503879 -2.33854 -0.0101164 0.999938 -0.00454575 -1.39721 0.0503399 0.0050495 0.998719 43.0131 
0.998653 0.0125815 -0.0503465 -2.41474 -0.0129722 0.999888 -0.00744225 -1.43434 0.0502472 0.00808533 0.998704 44.0968 
0.998604 0.0126508 -0.0512801 -2.47715 -0.0130498 0.999887 -0.0074531 -1.46746 0.05118 0.0081119 0.998657 45.0541 
0.998553 0.0109393 -0.052656 -2.54029 -0.011259 0.99992 -0.00577827 -1.50542 0.0525886 0.00636276 0.998596 46.0511 
0.998521 0.0111248 -0.0532187 -2.62324 -0.0113869 0.999924 -0.00462477 -1.54393 0.0531632 0.00522392 0.998572 47.1362 
0.998474 0.0137579 -0.0534751 -2.6908 -0.0141224 0.999879 -0.0064455 -1.57464 0.05338 0.00719087 0.998548 48.0904 
0.998416 0.0138097 -0.0545464 -2.75422 -0.0145031 0.999819 -0.0123373 -1.59961 0.0543661 0.0131088 0.998435 49.1204 
0.998388 0.014431 -0.0548849 -2.82103 -0.0151646 0.999801 -0.0129738 -1.63047 0.0546867 0.0137852 0.998408 50.0561 
0.99838 0.0133298 -0.0553121 -2.87519 -0.0139 0.999854 -0.00993701 -1.65905 0.0551716 0.0106898 0.99842 50.9985 
0.998395 0.0102434 -0.055706 -2.93898 -0.0106283 0.999922 -0.00661837 -1.69721 0.0556338 0.00719981 0.998425 52.0221 
0.998393 0.00928709 -0.0559039 -3.0029 -0.00960275 0.999939 -0.00538044 -1.73493 0.0558505 0.00590862 0.998422 52.964 
0.998404 0.00590698 -0.0561691 -3.06447 -0.0062584 0.999962 -0.0060826 -1.76419 0.056131 0.00642442 0.998403 53.8684 
0.998371 0.00156436 -0.0570413 -3.1173 -0.00201056 0.999968 -0.0077657 -1.80142 0.0570273 0.00786774 0.998342 54.8877 
0.998299 0.000117669 -0.0582979 -3.17278 -0.000503689 0.999978 -0.00660685 -1.83287 0.0582958 0.00662498 0.998277 55.8187 
0.998227 -0.00312466 -0.0594387 -3.23633 0.00301737 0.999994 -0.00189468 -1.85665 0.0594442 0.00171197 0.99823 56.8565 
0.998201 -0.00385539 -0.0598354 -3.30522 0.00406306 0.999986 0.00334943 -1.87153 0.0598216 -0.00358652 0.998203 57.7905 
0.998179 -0.00110617 -0.0603051 -3.37482 0.00144109 0.999984 0.00551049 -1.89741 0.060298 -0.00558736 0.998165 58.73 
0.998085 0.000821529 -0.0618441 -3.44692 -0.000633663 0.999995 0.00305729 -1.92218 0.0618463 -0.00301225 0.998081 59.7379 
0.997994 0.00260957 -0.0632523 -3.50899 -0.00294659 0.999982 -0.00523553 -1.93691 0.0632375 0.0054114 0.997984 60.6289 
0.99791 0.00267336 -0.0645699 -3.56193 -0.00339245 0.999933 -0.0110296 -1.95633 0.0645361 0.0112256 0.997852 61.5274 
0.997789 0.00829282 -0.0659417 -3.63547 -0.00897768 0.999909 -0.0100962 -1.98099 0.065852 0.0106659 0.997772 62.4456 
0.997699 0.011257 -0.0668507 -3.69843 -0.0117671 0.999905 -0.00724086 -2.01216 0.0667628 0.00801084 0.997737 63.3126 
0.997561 0.0146613 -0.0682407 -3.76421 -0.015076 0.999871 -0.00556605 -2.03267 0.0681503 0.00658127 0.997653 64.1669 
0.997484 0.0149279 -0.0692953 -3.84199 -0.0154368 0.999858 -0.00681482 -2.04393 0.0691837 0.00786738 0.997573 65.0566 
0.997352 0.0171775 -0.070662 -3.91385 -0.0176591 0.999825 -0.00619627 -2.06262 0.0705432 0.00742769 0.997481 65.8807 
0.997214 0.0185702 -0.07225 -3.98544 -0.0189762 0.999808 -0.00493679 -2.10977 0.0721444 0.00629407 0.997374 66.7606 
0.997117 0.0174206 -0.0738507 -4.05016 -0.0177738 0.999834 -0.0041275 -2.12838 0.0737665 0.00542821 0.997261 67.5418 
0.996997 0.0180647 -0.0753059 -4.10967 -0.0183638 0.999826 -0.00328203 -2.15371 0.0752335 0.00465508 0.997155 68.3446 
0.996842 0.0213964 -0.0764684 -4.19616 -0.0215179 0.999768 -0.000765299 -2.17731 0.0764343 0.00240833 0.997072 69.2175 
0.996699 0.0244531 -0.0774215 -4.26387 -0.024252 0.9997 0.00353688 -2.19312 0.0774847 -0.00164758 0.996992 69.9934 
0.996491 0.0271602 -0.0791742 -4.33136 -0.0267778 0.999624 0.00588811 -2.23125 0.0793044 -0.00374734 0.996843 70.7818 
0.996263 0.0300165 -0.0809872 -4.4005 -0.0299167 0.999549 0.0024453 -2.26222 0.0810241 -1.3293e-05 0.996712 71.5573 
0.996143 0.0298281 -0.0825138 -4.46355 -0.0303339 0.999528 -0.00488374 -2.28694 0.0823292 0.00736787 0.996578 72.2537 
0.996101 0.027445 -0.0838446 -4.54947 -0.0284102 0.999543 -0.0103402 -2.31952 0.0835225 0.012682 0.996425 72.9724 
0.996072 0.0274708 -0.0841779 -4.61248 -0.0286249 0.999512 -0.0125339 -2.32695 0.0837925 0.0148942 0.996372 73.5881 
0.995936 0.0304695 -0.084751 -4.68053 -0.0313592 0.999466 -0.00918625 -2.35459 0.0844258 0.0118066 0.99636 74.2697 
0.995816 0.0317933 -0.0856771 -4.75596 -0.0324196 0.999457 -0.00592743 -2.37856 0.0854421 0.00868024 0.996305 74.974 
0.995785 0.0288724 -0.0870536 -4.80419 -0.0297643 0.999517 -0.00896398 -2.40187 0.0867527 0.0115173 0.996163 75.5515 
0.995957 0.0208342 -0.0873795 -4.8486 -0.0221197 0.999661 -0.0137696 -2.42404 0.0870629 0.0156468 0.99608 76.1617 
0.996132 0.0165383 -0.0862999 -4.91332 -0.0182857 0.999643 -0.0194967 -2.46197 0.0859467 0.0209993 0.996078 76.7741 
0.99637 0.0174794 -0.0833137 -4.9719 -0.0191991 0.999618 -0.0198858 -2.49656 0.0829343 0.0214131 0.996325 77.3345 
0.996558 0.0237298 -0.079432 -5.02241 -0.0251329 0.999544 -0.016712 -2.53379 0.0789993 0.0186508 0.9967 77.8794 
0.996992 0.021708 -0.0744022 -5.07036 -0.0228181 0.99964 -0.0141021 -2.54192 0.0740693 0.0157574 0.997129 78.475 
0.997435 0.0174351 -0.069427 -5.08432 -0.0181649 0.999786 -0.0098932 -2.57656 0.0692396 0.011129 0.997538 78.9701 
0.99807 0.0116068 -0.06101 -5.11401 -0.0119684 0.999913 -0.00556376 -2.60322 0.0609401 0.00628321 0.998122 79.5676 
0.998593 0.0137426 -0.0512225 -5.12995 -0.0140703 0.999883 -0.00604167 -2.63237 0.0511335 0.00675388 0.998669 80.0646 
0.999123 0.0196457 -0.0369704 -5.15963 -0.0199012 0.99978 -0.00655555 -2.65269 0.0368335 0.00728556 0.999295 80.5529 
0.99954 0.0245717 -0.0177606 -5.18133 -0.0246833 0.999677 -0.00609139 -2.67322 0.0176052 0.00652698 0.999824 81.059 
0.999724 0.0233095 0.00285325 -5.16592 -0.0232924 0.999711 -0.00587679 -2.68932 -0.00298941 0.00580871 0.999979 81.5143 
0.999371 0.0188879 0.0300036 -5.13328 -0.0187556 0.999813 -0.00468618 -2.72324 -0.0300865 0.0041205 0.999539 82.02 
0.998167 0.0170499 0.0580646 -5.08935 -0.0168568 0.999851 -0.00381325 -2.71905 -0.058121 0.00282747 0.998306 82.4309 
0.995871 0.0163459 0.0892908 -5.0369 -0.0161755 0.999866 -0.00263236 -2.73426 -0.0893218 0.00117717 0.996002 82.8713 
0.991687 0.0152491 0.127765 -4.94633 -0.015089 0.999884 -0.00222032 -2.7455 -0.127784 0.000274004 0.991802 83.3172 
0.985859 0.0148159 0.166923 -4.85768 -0.0146508 0.99989 -0.00222084 -2.7716 -0.166937 -0.000256111 0.985968 83.7126 
0.977738 0.0144642 0.209332 -4.74312 -0.0142596 0.999895 -0.00248664 -2.78333 -0.209346 -0.00055372 0.977841 84.1318 
0.965584 0.017148 0.259527 -4.59672 -0.016487 0.999853 -0.00472338 -2.80218 -0.25957 0.000281989 0.965724 84.5562 
0.950752 0.0176644 0.309448 -4.46043 -0.0160893 0.999841 -0.00764148 -2.82944 -0.309534 0.00228635 0.950886 84.9059 
0.930176 0.0172477 0.366709 -4.26422 -0.0146343 0.999844 -0.00990559 -2.84678 -0.366822 0.0038474 0.930283 85.2865 
0.907232 0.0171961 0.42028 -4.0691 -0.013422 0.999839 -0.011936 -2.85654 -0.420417 0.00518774 0.907316 85.6172 
0.880015 0.017331 0.47463 -3.85712 -0.0119573 0.999826 -0.0143382 -2.8665 -0.474795 0.00694257 0.880069 85.9401 
0.845674 0.0145762 0.5335 -3.60525 -0.00661774 0.999837 -0.0168274 -2.86609 -0.533658 0.0106999 0.845632 86.2423 
0.811296 0.013281 0.584485 -3.3658 -0.00361275 0.999837 -0.0177042 -2.87924 -0.584625 0.0122518 0.811211 86.4799 
0.770112 0.0114704 0.637805 -3.05181 -0.00138453 0.999866 -0.0163101 -2.89528 -0.637907 0.0116775 0.770025 86.7712 
0.729935 0.00982272 0.683446 -2.73148 -0.000858399 0.999909 -0.0134542 -2.92687 -0.683516 0.00923405 0.729877 87.0436 
0.687745 0.00879651 0.725899 -2.42978 0.000442738 0.999921 -0.0125366 -2.93725 -0.725952 0.00894337 0.687687 87.2541 
0.639836 0.00689339 0.768481 -2.08436 0.00538994 0.999895 -0.0134569 -2.94163 -0.768493 0.0127523 0.639732 87.4573 
0.595761 0.00372556 0.803153 -1.77573 0.012937 0.999815 -0.0142341 -2.93312 -0.803058 0.0188705 0.595602 87.626 
0.547348 0.00565504 0.836886 -1.4366 0.0126177 0.999808 -0.0150083 -2.93135 -0.83681 0.0187743 0.547172 87.7935 
0.502791 0.00889971 0.864362 -1.10411 0.00853169 0.999847 -0.0152575 -2.9335 -0.864366 0.0150458 0.502639 87.9387 
0.459872 0.010666 0.887921 -0.767469 0.00859677 0.999828 -0.0164627 -2.93582 -0.887944 0.015204 0.459701 88.074 
0.416083 0.00851767 0.909287 -0.405165 0.0163921 0.999723 -0.0168657 -2.94084 -0.909179 0.0219227 0.415829 88.1796 
0.378483 0.000757316 0.925608 -0.0597651 0.0314309 0.999412 -0.0136699 -2.94117 -0.925074 0.0342665 0.378237 88.2866 
0.345284 -0.00299155 0.938494 0.314476 0.0373212 0.999248 -0.0105457 -2.94367 -0.937756 0.038667 0.345135 88.3686 
0.31115 0.000340368 0.950361 0.708506 0.035594 0.999294 -0.0120114 -2.96359 -0.949694 0.0375645 0.310918 88.4645 
0.281696 0.0077747 0.959472 1.0806 0.0244949 0.999583 -0.0152913 -2.98926 -0.959191 0.0278096 0.281388 88.5612 
0.254491 0.0119331 0.967002 1.44743 0.0195683 0.999656 -0.017486 -3.01448 -0.966877 0.0233726 0.25417 88.6443 
0.227958 0.0140083 0.97357 1.88996 0.0213451 0.999584 -0.0193805 -3.02006 -0.973437 0.0251989 0.227564 88.715 
0.205345 0.0145567 0.978581 2.29838 0.028519 0.999376 -0.0208504 -3.03168 -0.978274 0.0321897 0.204801 88.7794 
0.186326 0.0195341 0.982294 2.72112 0.0384009 0.998894 -0.0271483 -3.04493 -0.981737 0.0427794 0.18537 88.819 
0.165727 0.0278193 0.985779 3.16931 0.0407905 0.998553 -0.0350374 -3.04367 -0.985328 0.0460171 0.164352 88.8697 
0.148286 0.0289577 0.988521 3.58111 0.0373713 0.998693 -0.0348617 -3.06621 -0.988238 0.0421118 0.14701 88.9285 
0.133194 0.0236953 0.990807 4.03145 0.0352905 0.998967 -0.0286346 -3.10329 -0.990461 0.03878 0.132221 88.9786 
0.117799 0.0193499 0.992849 4.5134 0.036123 0.999065 -0.0237569 -3.13877 -0.99238 0.0386632 0.11699 89.0095 
0.104863 0.0173782 0.994335 4.98751 0.0381954 0.999039 -0.0214886 -3.14403 -0.993753 0.0402324 0.104099 89.0327 
0.0922773 0.016302 0.9956 5.5002 0.0418957 0.998917 -0.0202394 -3.16593 -0.994852 0.043579 0.0914943 89.0528 
0.0825836 0.0164953 0.996448 6.01613 0.0455623 0.998755 -0.0203096 -3.19736 -0.995542 0.0470777 0.0817292 89.0568 
0.0745202 0.0173706 0.997068 6.51625 0.0467749 0.998687 -0.0208948 -3.20958 -0.996122 0.0481948 0.0736098 89.0647 
0.0679583 0.017905 0.997527 7.08758 0.0493182 0.998556 -0.0212834 -3.21849 -0.996468 0.0506427 0.0669771 89.0895 
0.0620776 0.019432 0.997882 7.63796 0.049452 0.998523 -0.0225208 -3.22156 -0.996845 0.0507453 0.0610249 89.1132 
0.0559928 0.0199096 0.998233 8.20254 0.0499725 0.998492 -0.0227178 -3.25411 -0.99718 0.0511562 0.0549135 89.1302 
0.0512961 0.0196912 0.998489 8.84757 0.0530796 0.998339 -0.0224151 -3.2826 -0.997272 0.0541492 0.0501656 89.1338 
0.0477615 0.0194438 0.99867 9.44837 0.0550433 0.99824 -0.0220679 -3.29859 -0.997341 0.0560241 0.0466072 89.1437 
0.0444198 0.0185505 0.998841 10.0699 0.0565082 0.99818 -0.0210512 -3.32933 -0.997414 0.0573778 0.0432907 89.1516 
0.0410482 0.0177536 0.998999 10.7751 0.0581964 0.998102 -0.020129 -3.35277 -0.997461 0.0589644 0.0399371 89.1519 
0.0393065 0.017612 0.999072 11.4141 0.0628671 0.99782 -0.0200633 -3.3628 -0.997248 0.0635973 0.0381136 89.1682 
0.0394187 0.0169994 0.999078 12.1317 0.0673136 0.997539 -0.019629 -3.38647 -0.996953 0.0680253 0.0381774 89.164 
0.0408708 0.0169134 0.999021 12.7968 0.0699515 0.997355 -0.0197469 -3.39896 -0.996713 0.0706901 0.0395796 89.1807 
0.0439696 0.0170321 0.998888 13.4805 0.0716044 0.997229 -0.0201558 -3.42323 -0.996463 0.072411 0.0426282 89.1871 
0.047986 0.0167625 0.998707 14.2562 0.0727776 0.997143 -0.020233 -3.43984 -0.996193 0.0736544 0.0466289 89.1963 
0.0516922 0.0149516 0.998551 14.9825 0.0742216 0.997065 -0.0187716 -3.45949 -0.995901 0.0750844 0.0504308 89.2131 
0.0553685 0.0136485 0.998373 15.7317 0.0732667 0.997155 -0.0176951 -3.48153 -0.995774 0.0741272 0.054211 89.2353 
0.0595561 0.0112869 0.998161 16.5374 0.070573 0.997386 -0.015489 -3.50203 -0.995727 0.0713657 0.0586039 89.2715 
0.0636311 0.0100885 0.997922 17.2798 0.0695535 0.997473 -0.0145189 -3.52683 -0.995547 0.0703328 0.0627686 89.2965 
0.0677854 0.0108824 0.997641 18.1481 0.0673918 0.997607 -0.015461 -3.55955 -0.995421 0.0682808 0.0668897 89.346 
0.0708957 0.0140698 0.997384 18.9156 0.0652203 0.997695 -0.0187102 -3.58764 -0.995349 0.0663762 0.0698147 89.3966 
0.0718582 0.019829 0.997218 19.6841 0.0594648 0.997939 -0.0241283 -3.62378 -0.995641 0.0610332 0.070531 89.4584 
0.0711646 0.0232709 0.997193 20.5365 0.0562229 0.998045 -0.0273031 -3.63952 -0.995879 0.0580081 0.0697171 89.5164 
0.0709988 0.0234058 0.997202 21.3207 0.0546263 0.998133 -0.0273169 -3.66562 -0.995979 0.0564129 0.0695877 89.5734 
0.0707161 0.020806 0.997279 22.1103 0.0513611 0.99838 -0.0244709 -3.70436 -0.996173 0.0529518 0.0695329 89.6205 
0.0711287 0.0202094 0.997262 22.9686 0.0523175 0.998343 -0.0239628 -3.73548 -0.996094 0.0538787 0.0699535 89.6396 
0.0713125 0.0189951 0.997273 23.7375 0.0509914 0.998442 -0.0226636 -3.7662 -0.99615 0.0524686 0.0702328 89.676 
0.0708084 0.0192982 0.997303 24.5079 0.0489079 0.998543 -0.0227946 -3.7893 -0.99629 0.05039 0.0697614 89.7211 
0.0709415 0.0203798 0.997272 25.4038 0.0459892 0.998661 -0.0236796 -3.82559 -0.99642 0.0475436 0.0699093 89.7667 
0.0695319 0.0217902 0.997342 26.2138 0.0437543 0.998733 -0.0248711 -3.85204 -0.99662 0.0453673 0.0684903 89.8167 
0.0666676 0.0217847 0.997537 27.0858 0.041404 0.99884 -0.0245803 -3.89572 -0.996916 0.0429407 0.0656883 89.8634 
0.0628097 0.0205908 0.997813 27.8707 0.0380387 0.999011 -0.02301 -3.92919 -0.9973 0.0394007 0.0619643 89.9002 
0.0578897 0.0183542 0.998154 28.6379 0.0358569 0.999148 -0.0204521 -3.95899 -0.997679 0.0369747 0.0571822 89.9388 
0.0513901 0.0153687 0.99856 29.5029 0.0338388 0.999281 -0.0171213 -4.01772 -0.998105 0.03467 0.050833 89.9617 
0.0441465 0.0156466 0.998903 30.3041 0.0322404 0.999334 -0.0170782 -4.04736 -0.998505 0.032959 0.0436127 89.9799 
0.0359442 0.0168105 0.999212 31.0951 0.032446 0.999312 -0.0179793 -4.06986 -0.998827 0.0330667 0.0353741 89.9834 
0.025378 0.0172378 0.999529 31.9578 0.0336692 0.999269 -0.0180882 -4.11251 -0.999111 0.0341124 0.0247791 89.9821 
0.0156798 0.0163359 0.999744 32.7289 0.0357461 0.999218 -0.016888 -4.14163 -0.999238 0.0360017 0.0150836 89.9708 
0.00410204 0.0146419 0.999884 33.5717 0.0342972 0.999302 -0.0147741 -4.18659 -0.999403 0.0343539 0.003597 89.9587 
-0.00674388 0.0139469 0.99988 34.3189 0.0355665 0.999273 -0.0136985 -4.21749 -0.999345 0.0354698 -0.00723502 89.9338 
-0.0175597 0.0140194 0.999748 35.0603 0.0360888 0.999259 -0.0133787 -4.24146 -0.999194 0.0358448 -0.0180526 89.9051 
-0.0297166 0.0144071 0.999455 35.8772 0.0368745 0.999231 -0.0133075 -4.27662 -0.998878 0.036459 -0.030225 89.8725 
-0.0399455 0.0151435 0.999087 36.6015 0.0364482 0.999242 -0.0136885 -4.31342 -0.998537 0.0358682 -0.0404672 89.8224 
-0.049846 0.0163663 0.998623 37.3406 0.0363494 0.999233 -0.0145619 -4.33032 -0.998095 0.0355735 -0.0504027 89.761 
-0.0604557 0.0170866 0.998025 38.1119 0.0360159 0.99924 -0.0149257 -4.35826 -0.997521 0.0350424 -0.0610251 89.7066 
-0.0696748 0.0172827 0.99742 38.832 0.0361061 0.999238 -0.014792 -4.39039 -0.996916 0.0349823 -0.0702458 89.6331 
-0.0800163 0.0174142 0.996641 39.6209 0.0370659 0.999208 -0.0144832 -4.4137 -0.996104 0.0357825 -0.0805984 89.561 
-0.0878796 0.016823 0.995989 40.3496 0.0389565 0.999151 -0.0134391 -4.45792 -0.995369 0.0376192 -0.0884603 89.4576 
-0.0951087 0.0151295 0.995352 41.0601 0.0398001 0.999143 -0.0113841 -4.49402 -0.994671 0.0385324 -0.0956293 89.3676 
-0.100998 0.0136664 0.994793 41.7932 0.0425131 0.999052 -0.00940865 -4.51718 -0.993978 0.0413414 -0.101483 89.2808 
-0.104484 0.0113512 0.994462 42.4871 0.0447504 0.998976 -0.00670102 -4.55848 -0.993519 0.0438024 -0.104885 89.1771 
-0.107101 0.0102796 0.994195 43.1401 0.0466887 0.998895 -0.00529863 -4.57368 -0.993151 0.0458502 -0.107462 89.0827 
-0.109023 0.00974722 0.993991 43.8822 0.0470643 0.998881 -0.00463306 -4.58957 -0.992924 0.0462764 -0.10936 88.9825 
-0.109783 0.00983975 0.993907 44.5292 0.0473841 0.998866 -0.00465501 -4.61005 -0.992826 0.0465843 -0.110124 88.8833 
-0.108821 0.0105305 0.994006 45.1544 0.0482666 0.99882 -0.00529738 -4.63518 -0.992889 0.0474008 -0.109201 88.7898 
-0.106227 0.0119874 0.99427 45.8382 0.0487733 0.998787 -0.00683093 -4.64981 -0.993145 0.0477681 -0.106683 88.7146 
-0.101752 0.0130799 0.994724 46.4314 0.0490187 0.998765 -0.0081188 -4.66119 -0.993601 0.047934 -0.102268 88.6497 
-0.0937019 0.0133083 0.995511 47.0496 0.048847 0.998768 -0.00875416 -4.69577 -0.994401 0.0478075 -0.0942365 88.5888 
-0.0832911 0.0136767 0.996431 47.6044 0.0486671 0.998769 -0.00964074 -4.71255 -0.995336 0.0476904 -0.0838542 88.5394 
-0.070765 0.0141161 0.997393 48.1564 0.0484987 0.998766 -0.0106946 -4.72106 -0.996313 0.0476154 -0.0713623 88.5151 
-0.0530522 0.0157539 0.998467 48.7492 0.0476782 0.998775 -0.0132254 -4.73249 -0.997453 0.0469035 -0.0537383 88.4887 
-0.0329976 0.0182149 0.999289 49.266 0.0460606 0.998799 -0.016685 -4.75607 -0.998393 0.0454773 -0.033797 88.4772 
-0.00996924 0.0211189 0.999727 49.7635 0.0438869 0.998823 -0.0206622 -4.7834 -0.998987 0.043669 -0.0108843 88.4864 
0.019649 0.0230035 0.999542 50.3033 0.0425613 0.99881 -0.0238233 -4.8053 -0.998901 0.0430099 0.0186466 88.506 
0.0508808 0.0226747 0.998447 50.8279 0.0407689 0.998862 -0.0247616 -4.83491 -0.997872 0.0419655 0.0498985 88.5563 
0.0868675 0.0203031 0.996013 51.3115 0.0389388 0.998959 -0.0237592 -4.85704 -0.995459 0.0408475 0.0859865 88.6074 
0.130853 0.016447 0.991265 51.8609 0.0367991 0.999093 -0.0214346 -4.89026 -0.990719 0.0392825 0.130129 88.6916 
0.173813 0.0120768 0.984705 52.3485 0.0330477 0.99929 -0.018089 -4.92218 -0.984224 0.0356863 0.17329 88.798 
0.219642 0.00866796 0.975542 52.8165 0.0290735 0.999458 -0.0154263 -4.94876 -0.975147 0.0317507 0.219271 88.9212 
0.273213 0.00702 0.961928 53.3109 0.0246173 0.999595 -0.0142868 -4.98394 -0.961638 0.0275834 0.27293 89.0926 
0.325325 0.00669425 0.945578 53.7428 0.0230928 0.99962 -0.0150219 -5.00529 -0.94532 0.026723 0.325047 89.2628 
0.380558 0.00695669 0.924731 54.1756 0.0247901 0.999536 -0.0177214 -5.0331 -0.924425 0.0296682 0.380209 89.4614 
0.443369 0.0100556 0.896283 54.6244 0.0245516 0.999426 -0.0233579 -5.0648 -0.896003 0.0323614 0.442868 89.7106 
0.500307 0.0131257 0.865749 54.9918 0.0261203 0.999201 -0.0302436 -5.08679 -0.865454 0.0377447 0.499564 89.9554 
0.5615 0.0173997 0.827294 55.3644 0.0211401 0.999151 -0.0353624 -5.13007 -0.827207 0.037345 0.560655 90.2492 
0.614781 0.0204977 0.788431 55.6988 0.0171017 0.999081 -0.0393092 -5.14797 -0.788512 0.0376501 0.613866 90.5591 
0.665523 0.0218471 0.746058 56.0218 0.0142365 0.999018 -0.0419543 -5.1828 -0.746242 0.0385428 0.664558 90.9021 
0.717436 0.0203697 0.696326 56.3461 0.0126511 0.999027 -0.0422592 -5.21806 -0.696509 0.0391275 0.71648 91.2948 
0.760972 0.0167225 0.648569 56.5798 0.0105431 0.999217 -0.0381338 -5.24455 -0.648699 0.0358567 0.7602 91.6337 
0.801488 0.0128986 0.597872 56.8442 0.00791329 0.999451 -0.0321707 -5.26859 -0.597959 0.0305155 0.800946 92.0381 
0.840764 0.0112874 0.541284 57.0776 0.00376566 0.999637 -0.0266946 -5.28538 -0.541388 0.0244821 0.840416 92.4818 
0.871334 0.00706964 0.490639 57.2504 0.00364707 0.999775 -0.0208827 -5.29607 -0.490676 0.0199852 0.871113 92.9111 
0.896749 0.00820411 0.442463 57.4149 -0.00131711 0.999873 -0.0158701 -5.31 -0.442537 0.0136488 0.896646 93.3376 
0.919114 0.00901502 0.393888 57.565 -0.00417359 0.999905 -0.0131463 -5.31595 -0.393969 0.010439 0.919064 93.7957 
0.934472 0.0151617 0.355714 57.6951 -0.0124167 0.999873 -0.00999882 -5.34516 -0.35582 0.00492683 0.934542 94.2774 
0.947668 0.0189259 0.318697 57.8165 -0.0160394 0.999803 -0.0116794 -5.34937 -0.318855 0.00595652 0.947785 94.7683 
0.957243 0.0210792 0.288517 57.942 -0.0181021 0.999752 -0.0129834 -5.33307 -0.288719 0.00720554 0.957387 95.2126 
0.963692 0.0158943 0.266541 58.0539 -0.0128418 0.999831 -0.0131914 -5.34644 -0.266706 0.00928955 0.963733 95.653 
0.968044 0.0125409 0.250466 58.1482 -0.00984189 0.999879 -0.0120256 -5.37893 -0.250587 0.00917624 0.968051 96.1534 
0.970972 0.0167109 0.23861 58.2441 -0.0141357 0.999822 -0.0124997 -5.39071 -0.238777 0.00876396 0.971035 96.6441 
0.973305 0.0232519 0.228336 58.3625 -0.0210086 0.999704 -0.0122509 -5.39517 -0.228553 0.0071268 0.973505 97.1802 
0.974381 0.0307575 0.222792 58.4627 -0.0285587 0.999506 -0.0130853 -5.4276 -0.223084 0.00638747 0.974778 97.7006 
0.974767 0.0388132 0.219825 58.5763 -0.035872 0.999206 -0.0173571 -5.43322 -0.220324 0.00903354 0.975385 98.2604 
0.974877 0.0410289 0.218934 58.7066 -0.0377558 0.999104 -0.0191147 -5.46527 -0.219522 0.0103684 0.975552 98.8073 
0.974408 0.0400068 0.221196 58.8246 -0.0359536 0.999104 -0.0223216 -5.47542 -0.221891 0.0137976 0.974974 99.3263 
0.973517 0.038553 0.225342 58.9677 -0.0326202 0.999018 -0.0299935 -5.48187 -0.226277 0.0218484 0.973818 99.8938 
0.972595 0.0390777 0.229198 59.0976 -0.0319891 0.99889 -0.0345638 -5.514 -0.230294 0.0262848 0.972766 100.425 
0.971349 0.0436628 0.23361 59.2202 -0.0367165 0.998747 -0.0340034 -5.54327 -0.234802 0.0244518 0.971736 100.997 
0.969656 0.0481895 0.239678 59.3697 -0.0422073 0.998657 -0.030033 -5.56755 -0.240803 0.0190055 0.970388 101.628 
0.968577 0.0445979 0.244681 59.5136 -0.0394534 0.998886 -0.0258891 -5.58944 -0.245563 0.0154221 0.969258 102.21 
0.96781 0.0400306 0.248477 59.6941 -0.0362057 0.999145 -0.0199463 -5.61428 -0.249063 0.010308 0.968433 102.828 
0.966949 0.0384736 0.252052 59.8509 -0.0356389 0.99924 -0.0158036 -5.62284 -0.252469 0.0062984 0.967585 103.412 
0.966384 0.0330759 0.254968 60.0127 -0.0303138 0.999432 -0.014756 -5.64462 -0.255311 0.00653093 0.966837 104.01 
0.966294 0.0297692 0.255716 60.1838 -0.0261892 0.999506 -0.0173947 -5.66856 -0.256107 0.0101115 0.966596 104.668 
0.966392 0.0287379 0.255461 60.3424 -0.023652 0.999457 -0.0229592 -5.70494 -0.255982 0.0161454 0.966547 105.293 
0.966643 0.0305419 0.254299 60.5178 -0.0234419 0.999247 -0.0309044 -5.71844 -0.255051 0.0239123 0.966632 105.911 
0.967246 0.0336406 0.251603 60.7042 -0.0255125 0.999044 -0.0354986 -5.74509 -0.252557 0.0279168 0.967179 106.605 
0.967921 0.0321956 0.249183 60.8864 -0.0251939 0.999194 -0.0312378 -5.76951 -0.249988 0.0239578 0.967953 107.264 
0.968462 0.0276134 0.247627 61.0771 -0.0225652 0.999476 -0.0232022 -5.81268 -0.248138 0.0168827 0.968578 107.995 
0.969037 0.0279144 0.245332 61.2534 -0.0246318 0.999561 -0.0164389 -5.85089 -0.245683 0.00988692 0.9693 108.69 
0.969326 0.0318665 0.243706 61.4143 -0.0286261 0.999449 -0.016827 -5.8803 -0.244108 0.00933447 0.969703 109.376 
0.969657 0.037923 0.241511 61.6008 -0.0336286 0.999195 -0.0218802 -5.90084 -0.242146 0.0130946 0.970151 110.168 
0.970522 0.0378382 0.238022 61.7595 -0.0323161 0.999111 -0.0270609 -5.92343 -0.238835 0.0185713 0.970883 110.893 
0.971486 0.0379129 0.234047 61.9289 -0.0317415 0.999043 -0.0300804 -5.94483 -0.234963 0.0217936 0.97176 111.607 
0.972487 0.0357579 0.230197 62.1189 -0.0300663 0.99915 -0.0281864 -5.9847 -0.231009 0.0204898 0.972736 112.411 
0.973414 0.0319694 0.226813 62.296 -0.0265346 0.999284 -0.0269708 -6.01028 -0.227513 0.0202354 0.973565 113.15 
0.973835 0.0313038 0.225091 62.4778 -0.0266447 0.999364 -0.0237076 -6.0535 -0.22569 0.0170898 0.974049 113.911 
0.974321 0.0277842 0.223441 62.6807 -0.0238045 0.999507 -0.020485 -6.1021 -0.2239 0.0146401 0.974502 114.761 
0.974584 0.0222968 0.222909 62.8644 -0.018427 0.999641 -0.0194259 -6.12791 -0.223262 0.0148246 0.974646 115.541 
0.974674 0.0245275 0.222282 63.0599 -0.0210898 0.999619 -0.0178266 -6.1724 -0.222634 0.0126872 0.97482 116.387 
0.974465 0.0291858 0.222634 63.2419 -0.0253782 0.999479 -0.0199447 -6.19956 -0.2231 0.0137854 0.974698 117.18 
0.974177 0.0341114 0.223194 63.4145 -0.0296623 0.999289 -0.0232568 -6.21926 -0.223829 0.0160357 0.974496 117.972 
0.973635 0.0423828 0.224138 63.6054 -0.0376827 0.998972 -0.0252075 -6.23994 -0.224976 0.0160968 0.974231 118.85 
0.97272 0.04916 0.226712 63.7834 -0.0448141 0.9987 -0.0242795 -6.28172 -0.227611 0.0134573 0.973659 119.662 
0.97181 0.0525278 0.229841 63.9702 -0.048819 0.99857 -0.0217973 -6.31837 -0.230657 0.00996222 0.972984 120.465 
0.971159 0.0525629 0.232566 64.1734 -0.0487512 0.998566 -0.0221114 -6.37234 -0.233395 0.0101358 0.972329 121.356 
0.97062 0.052564 0.234807 64.3537 -0.0479018 0.998526 -0.0255193 -6.39545 -0.235802 0.0135219 0.971707 122.163 
0.970806 0.0438689 0.235822 64.5808 -0.0392656 0.998936 -0.0241831 -6.42874 -0.236632 0.0142174 0.971495 123.089 
0.970922 0.0374554 0.236448 64.7731 -0.032619 0.999172 -0.0243344 -6.46259 -0.237164 0.0159141 0.971339 123.908 
0.970601 0.0355007 0.238061 64.9632 -0.0304607 0.999228 -0.0248176 -6.4782 -0.238758 0.0168364 0.970933 124.735 
0.970173 0.0396752 0.239143 65.1769 -0.0353467 0.999125 -0.0223632 -6.5229 -0.239821 0.0132433 0.970727 125.623 
0.969887 0.0414197 0.240006 65.3871 -0.0384351 0.999115 -0.0171048 -6.5531 -0.240502 0.00736507 0.970621 126.476 
0.96953 0.0448429 0.240834 65.5886 -0.043433 0.998994 -0.0111622 -6.58968 -0.241092 0.000361935 0.970502 127.266 
0.969262 0.0452162 0.241842 65.811 -0.0421448 0.998952 -0.0178609 -6.62807 -0.242396 0.00711955 0.970151 128.131 
0.969344 0.0430816 0.2419 66.0252 -0.0365376 0.998836 -0.0314757 -6.6605 -0.242975 0.0216724 0.96979 128.927 
0.96974 0.0397458 0.240885 66.254 -0.0305153 0.998654 -0.0419306 -6.70541 -0.242227 0.0333111 0.969648 129.713 
0.970092 0.0377034 0.239793 66.5042 -0.0300332 0.998916 -0.0355623 -6.77003 -0.240874 0.0272969 0.970173 130.612 
0.97052 0.0305345 0.239077 66.7108 -0.0280191 0.999511 -0.0139136 -6.79653 -0.239385 0.00680471 0.970901 131.409 
0.970912 0.0265803 0.237955 66.9415 -0.0286157 0.999577 0.0051027 -6.84895 -0.237719 -0.0117635 0.971263 132.281 
0.970969 0.0298363 0.237339 67.1306 -0.0303528 0.999538 -0.00147845 -6.87556 -0.237274 -0.00576839 0.971426 133.034 
0.971121 0.0373064 0.235654 67.3169 -0.0343907 0.999273 -0.0164723 -6.9047 -0.236097 0.00789225 0.971698 133.786 
0.971427 0.0381726 0.234247 67.5259 -0.0330214 0.99912 -0.0258749 -6.925 -0.235029 0.0174004 0.971833 134.601 
0.972039 0.0343828 0.232287 67.7334 -0.0288492 0.999214 -0.0271787 -6.94518 -0.233039 0.0197175 0.972268 135.376 
0.972729 0.0333671 0.229531 67.9221 -0.0286594 0.999306 -0.0238141 -6.95856 -0.230167 0.0165864 0.97301 136.129 
0.973626 0.0331982 0.225723 68.1275 -0.0281417 0.999277 -0.0255832 -6.97916 -0.226409 0.0185562 0.973855 136.97 
0.974787 0.0327789 0.220715 68.3195 -0.0273301 0.999243 -0.0276965 -6.99753 -0.221456 0.020966 0.974945 137.747 
0.97535 0.0374926 0.217453 68.5136 -0.0325758 0.999127 -0.0261532 -7.03591 -0.218244 0.0184248 0.97572 138.621 
0.975534 0.0445484 0.215286 68.6838 -0.0395204 0.998837 -0.0276057 -7.08121 -0.216266 0.0184221 0.976161 139.397 
0.975792 0.0467379 0.213646 68.8551 -0.0423562 0.998789 -0.0250433 -7.10879 -0.214558 0.0153878 0.97659 140.166 
0.976182 0.0450907 0.212214 69.0477 -0.0418226 0.998928 -0.0198657 -7.13713 -0.212882 0.0105172 0.977021 140.987 
0.976477 0.0434933 0.211191 69.212 -0.0402495 0.998997 -0.0196362 -7.15957 -0.211833 0.010674 0.977248 141.739 
0.977086 0.042775 0.208502 69.3808 -0.0388622 0.998984 -0.0228287 -7.1967 -0.209267 0.0142028 0.977755 142.483 
0.978268 0.0386255 0.203716 69.5695 -0.0341409 0.999092 -0.0254842 -7.23262 -0.204515 0.0179754 0.978698 143.341 
0.979739 0.0351666 0.197167 69.7287 -0.030481 0.999177 -0.02675 -7.28099 -0.197946 0.0201982 0.980005 144.132 
0.980967 0.0347446 0.191042 69.8708 -0.0310458 0.999269 -0.0223215 -7.30714 -0.191678 0.0159656 0.981328 144.9 
0.982125 0.03434 0.18507 70.0231 -0.0325386 0.999389 -0.0127628 -7.33766 -0.185396 0.00651273 0.982642 145.716 
0.982986 0.0300602 0.181203 70.159 -0.0297845 0.999547 -0.00424287 -7.35658 -0.181248 -0.00122636 0.983437 146.462 
0.983476 0.0378053 0.177049 70.2937 -0.0384353 0.999261 0.000128762 -7.38005 -0.176913 -0.00693157 0.984202 147.286 
0.984131 0.0409845 0.172644 70.4199 -0.0407784 0.999157 -0.00474188 -7.41422 -0.172693 -0.00237353 0.984973 148.07 
0.985345 0.0413052 0.165494 70.5469 -0.0394089 0.999115 -0.0147273 -7.42931 -0.165956 0.00798955 0.986101 148.852 
0.986619 0.0387692 0.158368 70.6831 -0.0358653 0.999133 -0.0211543 -7.45647 -0.15905 0.0151913 0.987154 149.705 
0.987633 0.0371871 0.152312 70.7897 -0.0345483 0.999204 -0.0199354 -7.4905 -0.152932 0.0144268 0.988131 150.491 
0.988421 0.0434501 0.145383 70.8793 -0.0415725 0.999009 -0.0159293 -7.51434 -0.145931 0.00970093 0.989247 151.279 
0.98927 0.050287 0.137169 70.9824 -0.0484425 0.998685 -0.0167541 -7.53758 -0.137831 0.00992957 0.990406 152.126 
0.99048 0.0525684 0.127221 71.0887 -0.0501598 0.998497 -0.0220643 -7.56411 -0.12819 0.0154729 0.991629 152.911 
0.99166 0.0504151 0.118612 71.19 -0.0478313 0.998554 -0.0245318 -7.57541 -0.119677 0.0186539 0.992638 153.654 
0.992604 0.0508806 0.11022 71.2749 -0.0486852 0.99856 -0.0225203 -7.60512 -0.111207 0.0169876 0.993652 154.483 
0.993239 0.0530514 0.103259 71.3328 -0.0517254 0.998541 -0.0154785 -7.6228 -0.10393 0.0100327 0.994534 155.274 
0.993841 0.0565421 0.0953095 71.3913 -0.0558966 0.998392 -0.0094303 -7.62887 -0.0956894 0.00404474 0.995403 156.158 
0.994542 0.0557655 0.0881784 71.4514 -0.0555172 0.998444 -0.00526869 -7.66054 -0.0883349 0.000344527 0.996091 156.946 
0.995102 0.0551298 0.08205 71.5161 -0.0550075 0.998479 -0.0037519 -7.66901 -0.0821321 -0.000779843 0.996621 157.74 
0.995479 0.0553896 0.0771644 71.5855 -0.055196 0.998465 -0.0046418 -7.69127 -0.077303 0.000361644 0.997008 158.598 
0.99559 0.0594369 0.072585 71.6309 -0.0588308 0.998213 -0.0104622 -7.72696 -0.0730771 0.00614587 0.997307 159.394 
0.995361 0.067 0.0690468 71.67 -0.0660861 0.997694 -0.0154381 -7.7525 -0.069922 0.0108034 0.997494 160.206 
0.995562 0.0672753 0.0657984 71.7183 -0.0661715 0.997631 -0.018816 -7.78088 -0.0669084 0.0143785 0.997656 161.063 
0.995604 0.0693556 0.0629531 71.7623 -0.0687013 0.997559 -0.0125016 -7.79688 -0.0636665 0.00812171 0.997938 161.854 
0.995567 0.0715607 0.0610347 71.8038 -0.0715717 0.997433 -0.00200911 -7.82111 -0.0610218 -0.00236815 0.998134 162.745 
0.995781 0.0708207 0.0583554 71.8293 -0.0712863 0.997438 0.0059332 -7.82573 -0.0577857 -0.0100681 0.998278 163.537 
0.996209 0.0684609 0.053666 71.8599 -0.0687741 0.997624 0.00400879 -7.85265 -0.053264 -0.00768442 0.998551 164.327 
0.997212 0.0571277 0.0480016 71.901 -0.0569746 0.998365 -0.00455362 -7.87363 -0.0481833 0.00180605 0.998837 165.182 
0.997834 0.0515922 0.0408232 71.9433 -0.0511614 0.998624 -0.0115287 -7.86574 -0.0413618 0.00941515 0.9991 165.95 
0.997824 0.0562 0.0344752 71.9488 -0.055908 0.998392 -0.00937632 -7.87588 -0.0349467 0.00742848 0.999362 166.747 
0.998228 0.0534275 0.0262081 71.9846 -0.0533445 0.998569 -0.00385567 -7.88593 -0.0263765 0.00245078 0.999649 167.646 
0.998614 0.0490179 0.0191415 72.0024 -0.0490474 0.998796 0.00107643 -7.90208 -0.0190657 -0.00201378 0.999816 168.473 
0.999092 0.040388 0.0135292 72.0195 -0.0404352 0.999177 0.00322922 -7.90273 -0.0133877 -0.00377334 0.999903 169.276 
0.999322 0.0361073 0.00716354 72.0238 -0.0361376 0.999338 0.00413826 -7.90645 -0.00700938 -0.00439433 0.999966 170.178 
0.999421 0.0340151 0.000796157 72.0352 -0.0340142 0.999421 -0.0010757 -7.91842 -0.000832285 0.00104799 0.999999 170.979 
0.999631 0.026153 -0.0073712 72.0443 -0.0262342 0.999594 -0.0111439 -7.94625 0.00707676 0.0113332 0.999911 171.837 
0.999792 0.0144429 -0.0144041 72.05 -0.0147031 0.999728 -0.0181208 -7.96391 0.0141385 0.0183288 0.999732 172.654 
0.999638 0.0177221 -0.0202403 72.0294 -0.0179248 0.999791 -0.00987533 -7.97154 0.0200611 0.0102346 0.999746 173.464 
0.999273 0.0285871 -0.0252123 71.986 -0.0284791 0.999584 0.00463124 -7.99867 0.0253342 -0.00390985 0.999671 174.364 
0.998904 0.0363193 -0.0295396 71.9503 -0.0359388 0.999265 0.0133102 -8.02335 0.0300013 -0.012234 0.999475 175.204 
0.998779 0.0365021 -0.033295 71.9134 -0.0361233 0.999276 0.0119079 -8.03926 0.0337056 -0.0106906 0.999375 176.015 
0.998637 0.0380747 -0.035705 71.8685 -0.0380531 0.999275 0.00128495 -8.0507 0.035728 7.54903e-05 0.999362 176.902 
0.998039 0.0491245 -0.0387932 71.8182 -0.0494865 0.998739 -0.00842608 -8.05288 0.0383304 0.0103293 0.999212 177.686 
0.997979 0.0486443 -0.0408884 71.7686 -0.0491764 0.998717 -0.0121084 -8.0629 0.040247 0.0140947 0.99909 178.594 
0.99815 0.0424018 -0.0435759 71.7441 -0.0428035 0.999049 -0.00832675 -8.06932 0.0431814 0.0101765 0.999015 179.426 
0.998145 0.0427662 -0.0433397 71.7028 -0.042775 0.999084 0.000724799 -8.08175 0.043331 0.0011304 0.99906 180.223 
0.998057 0.0455469 -0.0425275 71.6472 -0.045264 0.998946 0.0075929 -8.10681 0.0428285 -0.00565319 0.999066 181.121 
0.998087 0.0433022 -0.0441209 71.5968 -0.0430893 0.999055 0.00576578 -8.12372 0.0443289 -0.00385361 0.99901 181.94 
0.997955 0.0437952 -0.0465497 71.5615 -0.0439065 0.999035 -0.00137073 -8.15204 0.0464447 0.00341176 0.998915 182.763 
0.998251 0.0328918 -0.0491209 71.5187 -0.0335979 0.999343 -0.0136204 -8.16136 0.0486406 0.0152469 0.9987 183.703 
0.998422 0.0224451 -0.0514658 71.4901 -0.0234206 0.999556 -0.0184314 -8.17675 0.0510293 0.0196077 0.998505 184.514 
0.998309 0.0252569 -0.0523627 71.4362 -0.0260026 0.999569 -0.0136098 -8.19435 0.0519964 0.0149484 0.998535 185.44 
0.998122 0.0301845 -0.0533007 71.3817 -0.0304455 0.999528 -0.00409014 -8.2248 0.0531521 0.00570522 0.99857 186.254 
0.99798 0.0322484 -0.0547273 71.3274 -0.0322405 0.99948 0.00102881 -8.23233 0.054732 0.000737703 0.998501 187.069 
0.997999 0.0296023 -0.0558804 71.2796 -0.0298346 0.999549 -0.0033273 -8.24117 0.0557567 0.00498781 0.998432 187.928 
0.99796 0.0306161 -0.0560241 71.2333 -0.0311723 0.999473 -0.0090821 -8.28074 0.0557165 0.01081 0.998388 188.742 
0.997734 0.0368619 -0.0562915 71.1792 -0.0375111 0.999241 -0.0105195 -8.29353 0.055861 0.0126072 0.998359 189.552 
0.997631 0.0392325 -0.0565023 71.1132 -0.039627 0.999197 -0.00587794 -8.32146 0.0562263 0.00810304 0.998385 190.439 
0.99743 0.0429868 -0.0573179 71.0655 -0.0432307 0.999061 -0.00302207 -8.34029 0.0571342 0.0054922 0.998351 191.228 
0.997319 0.0458552 -0.0570213 70.9958 -0.0459105 0.998945 0.00034024 -8.37159 0.0569768 0.00227855 0.998373 192.059 
0.997051 0.0506774 -0.0576307 70.9445 -0.0507498 0.998711 0.000207901 -8.38238 0.057567 0.00271746 0.998338 192.919 
0.997105 0.0484637 -0.0585832 70.9007 -0.0486611 0.998813 -0.0019475 -8.39679 0.0584193 0.00479259 0.998281 193.72 
0.996936 0.0500128 -0.0601428 70.8484 -0.0505862 0.998687 -0.00804866 -8.41637 0.0596613 0.0110664 0.998157 194.579 
0.996824 0.0507726 -0.0613571 70.786 -0.0513967 0.998641 -0.00863583 -8.42509 0.0608353 0.011762 0.998079 195.355 
