1 0 0 0 0 1 0 0 0 0 1 0 
1 -0.000834295 -0.000316478 0.0116322 0.000834137 1 -0.000501493 0.0369645 0.000316896 0.000501229 1 0.899206 
0.999999 -0.00145271 -0.000249686 0.00644373 0.00145255 0.999999 -0.000640658 0.0256961 0.000250617 0.000640294 1 1.73666 
0.999998 -0.001757 -0.000305169 0.0149928 0.00175687 0.999998 -0.000405188 0.0269738 0.00030588 0.000404651 1 2.59887 
0.999995 -0.00319481 -0.000249514 0.0117443 0.00319486 0.999995 0.00016785 -0.0131057 0.000248977 -0.000168646 1 3.56078 
0.999995 -0.0032992 -0.000206369 0.00993615 0.00329918 0.999995 -0.000114508 0.0072531 0.000206746 0.000113827 1 4.34198 
0.999993 -0.00380313 -0.000677394 0.0367063 0.00380307 0.999993 -9.06138e-05 -0.0149212 0.000677734 8.8037e-05 1 5.25867 
0.999991 -0.00418169 -0.000780244 0.0427343 0.00418176 0.999991 8.81942e-05 -0.013676 0.000779868 -9.14562e-05 1 6.25414 
0.999995 -0.00314642 -0.000739712 0.0457116 0.00314667 0.999995 0.00034982 -0.0322026 0.000738608 -0.000352146 1 7.26971 
0.99999 -0.00435321 -0.000852176 0.0418048 0.00435339 0.999991 0.000211478 -0.0158516 0.000851247 -0.000215186 1 8.09209 
0.999984 -0.00558377 -0.00115486 0.0606967 0.00558397 0.999984 0.000176965 -0.0225021 0.00115386 -0.000183411 0.999999 9.07933 
0.99999 -0.00445584 -0.000862495 0.0382323 0.00445638 0.99999 0.000635528 -0.0447262 0.000859654 -0.000639365 0.999999 10.0473 
0.99999 -0.00438577 -0.00063969 0.0310496 0.00438662 0.999989 0.00133398 -0.0744878 0.000633832 -0.00133677 0.999999 10.9287 
0.999992 -0.00386624 -0.000872846 0.0490946 0.00386706 0.999992 0.00094665 -0.0660897 0.000869179 -0.000950018 0.999999 11.867 
0.999992 -0.00392682 -0.00103989 0.0680966 0.00392797 0.999992 0.00110617 -0.0732724 0.00103554 -0.00111025 0.999999 12.7199 
0.999992 -0.00390353 -0.00122324 0.0772001 0.00390482 0.999992 0.00105276 -0.0752092 0.00121912 -0.00105753 0.999999 13.6239 
0.999996 -0.0025205 -0.00125754 0.0754706 0.0025212 0.999997 0.000554724 -0.0334271 0.00125614 -0.000557892 0.999999 14.5169 
0.999995 -0.00299475 -0.00114463 0.0650191 0.00299607 0.999995 0.00115115 -0.0760377 0.00114118 -0.00115457 0.999999 15.4111 
0.999992 -0.00378008 -0.000966751 0.046018 0.00378192 0.999991 0.00191169 -0.113922 0.000959516 -0.00191533 0.999998 16.2031 
0.999992 -0.00366665 -0.00125268 0.0698861 0.00366916 0.999991 0.00200818 -0.0863917 0.0012453 -0.00201276 0.999997 17.1787 
0.999994 -0.00333549 -0.00111825 0.0639698 0.00333769 0.999992 0.00196644 -0.0803498 0.00111168 -0.00197016 0.999997 18.2028 
0.999992 -0.00391327 -0.000813603 0.0531373 0.0039145 0.999991 0.00151143 -0.0621862 0.000807682 -0.00151461 0.999999 19.0647 
0.999996 -0.00245037 -0.00130226 0.0823665 0.00245338 0.999994 0.00231293 -0.0985219 0.00129659 -0.00231612 0.999996 19.9256 
0.999996 -0.00279219 -0.00103736 0.0647696 0.00279486 0.999993 0.0025761 -0.115387 0.00103016 -0.00257899 0.999996 20.7873 
0.999999 -0.00132086 -0.000636838 0.0433148 0.00132224 0.999997 0.00217549 -0.0984148 0.000633962 -0.00217633 0.999997 21.5993 
0.999999 -0.00158742 -0.000635133 0.0426027 0.00158883 0.999996 0.00221334 -0.09607 0.000631617 -0.00221434 0.999997 22.5274 
0.999998 -0.00174556 -0.000556349 0.0318291 0.00174723 0.999994 0.00301351 -0.14932 0.000551085 -0.00301447 0.999995 23.3863 
0.999999 -0.000952816 -0.000854839 0.0634002 0.000955582 0.999994 0.00324132 -0.157981 0.000851746 -0.00324214 0.999994 24.2538 
0.999999 -0.00142185 -0.000896644 0.064734 0.00142567 0.99999 0.00426607 -0.212847 0.000890569 -0.00426734 0.99999 25.1083 
0.999999 -0.00103175 -0.000975737 0.0672445 0.0010352 0.999993 0.0035415 -0.160556 0.000972076 -0.00354251 0.999993 26.0815 
0.999999 -0.000951478 -0.0011911 0.083334 0.000956136 0.999992 0.00391633 -0.193575 0.00118736 -0.00391746 0.999992 26.8966 
0.999999 0.000243587 -0.00110482 0.0791469 -0.000239225 0.999992 0.00394685 -0.209459 0.00110578 -0.00394658 0.999992 27.797 
0.999998 0.00154534 -0.00110165 0.0659854 -0.00154131 0.999992 0.00364363 -0.186636 0.00110727 -0.00364192 0.999993 28.7906 
0.999999 0.000652804 -0.000885417 0.040081 -0.000649206 0.999992 0.00405798 -0.200042 0.000888058 -0.0040574 0.999991 29.6224 
1 -0.000188955 -0.000789879 0.0297908 0.000192177 0.999992 0.00408165 -0.189979 0.000789101 -0.0040818 0.999991 30.4095 
1 -0.000536045 -0.000620414 0.0167501 0.000538542 0.999992 0.00403141 -0.171899 0.000618248 -0.00403175 0.999992 31.2736 
1 5.47291e-05 -0.000504786 0.00989056 -5.24833e-05 0.99999 0.00444796 -0.194856 0.000505025 -0.00444793 0.99999 32.2102 
1 -0.000595928 -0.00024789 -0.00578413 0.000596999 0.99999 0.00434188 -0.191841 0.0002453 -0.00434202 0.999991 33.1683 
1 -0.000966932 -0.000221659 -0.0126044 0.000968067 0.999986 0.00518022 -0.250694 0.000216647 -0.00518044 0.999987 34.0332 
0.999999 -0.00132231 -0.000513149 0.00322273 0.00132512 0.999984 0.00551409 -0.256862 0.000505849 -0.00551476 0.999985 34.8882 
0.999998 -0.00163354 -0.000929681 0.0167253 0.00163895 0.999982 0.00584878 -0.282371 0.000920109 -0.00585029 0.999982 35.8432 
0.999997 -0.00222755 -0.000663598 -0.0119882 0.00223096 0.999984 0.00518201 -0.246326 0.000652045 -0.00518348 0.999986 36.7413 
0.999996 -0.00264533 -0.000815352 -0.00336891 0.00265002 0.99998 0.00581077 -0.274605 0.000799964 -0.00581291 0.999983 37.6339 
0.999997 -0.00232742 -0.000697279 -0.0152232 0.0023316 0.999979 0.00605053 -0.289414 0.000683182 -0.00605214 0.999981 38.5165 
0.999996 -0.0023387 -0.00130664 0.0132266 0.00234842 0.999969 0.00748751 -0.387151 0.00128909 -0.00749055 0.999971 39.4414 
0.999995 -0.00284828 -0.00145955 0.0263787 0.00285893 0.999969 0.00734618 -0.385039 0.00143858 -0.00735031 0.999972 40.3817 
0.999996 -0.00222343 -0.00156265 0.0385234 0.00223496 0.99997 0.00741681 -0.386276 0.00154611 -0.00742027 0.999971 41.2121 
0.999995 -0.00280421 -0.00141022 0.0219503 0.00281543 0.999964 0.00802192 -0.402561 0.00138767 -0.00802586 0.999967 42.0619 
0.999995 -0.00281764 -0.0012548 0.00165705 0.00282754 0.999964 0.00795712 -0.392466 0.00123233 -0.00796063 0.999968 42.9803 
0.999994 -0.00327879 -0.00113392 -0.00328153 0.00328789 0.999962 0.0081173 -0.406317 0.00110727 -0.00812098 0.999966 43.8035 
0.999989 -0.00465095 -0.00108466 -0.00717024 0.00465975 0.999955 0.00825771 -0.393058 0.00104621 -0.00826267 0.999965 44.724 
0.999989 -0.00451518 -0.00112408 -0.0114209 0.00452485 0.999951 0.00875369 -0.406701 0.0010845 -0.00875868 0.999961 45.5337 
0.999988 -0.0048498 -0.00115912 -0.0152575 0.00485996 0.999948 0.00893282 -0.405793 0.00111574 -0.00893834 0.999959 46.3168 
0.99998 -0.00621395 -0.0012668 -0.0140883 0.00622453 0.999944 0.00852597 -0.377686 0.00121375 -0.00853368 0.999963 47.2243 
0.999985 -0.00526622 -0.00165487 0.000833974 0.00528095 0.999945 0.00902138 -0.401711 0.00160727 -0.00902998 0.999958 48.0434 
0.999985 -0.0049869 -0.00203269 0.0158248 0.0050058 0.999943 0.00940091 -0.414355 0.00198569 -0.00941095 0.999954 49.026 
0.999982 -0.00561136 -0.00199859 0.00673859 0.00563006 0.999939 0.00947665 -0.413014 0.00194529 -0.00948773 0.999953 49.9111 
0.999987 -0.00474103 -0.00169046 -0.015955 0.00475579 0.99995 0.00883946 -0.358774 0.00164847 -0.00884739 0.99996 50.7065 
0.999988 -0.00437983 -0.00196639 -0.00367521 0.00439651 0.999954 0.00855672 -0.325827 0.00192882 -0.00856526 0.999961 51.5473 
0.999989 -0.00427181 -0.00199879 -0.00425044 0.00428931 0.999952 0.00883335 -0.32332 0.00196096 -0.00884182 0.999959 52.4985 
0.999986 -0.0049247 -0.00213409 0.00382486 0.0049431 0.99995 0.00870311 -0.31085 0.00209113 -0.00871353 0.99996 53.3164 
0.999992 -0.00330054 -0.00243634 0.0170233 0.00332361 0.999949 0.0095258 -0.350326 0.00240477 -0.00953381 0.999952 54.2115 
0.999994 -0.00272199 -0.00223834 0.00128866 0.00274442 0.999945 0.0100803 -0.386559 0.00221078 -0.0100864 0.999947 55.1225 
0.999993 -0.0028707 -0.00243639 0.0049266 0.00289648 0.999939 0.0106438 -0.405151 0.00240569 -0.0106508 0.99994 55.9551 
0.999991 -0.00291286 -0.00292717 0.0340619 0.00294254 0.999944 0.0101852 -0.365793 0.00289734 -0.0101937 0.999944 56.8119 
0.99999 -0.00369176 -0.00255385 0.0122035 0.00371762 0.999941 0.0101953 -0.367058 0.00251606 -0.0102047 0.999945 57.7377 
0.999992 -0.00277919 -0.00280444 0.0332912 0.00280826 0.999942 0.0104129 -0.360675 0.00277534 -0.0104207 0.999942 58.6291 
0.999994 -0.00244014 -0.00235764 0.01682 0.00246409 0.999945 0.0102068 -0.347354 0.0023326 -0.0102125 0.999945 59.5061 
0.999995 -0.00249841 -0.00204741 -0.0123153 0.00251945 0.999943 0.0103408 -0.335007 0.00202146 -0.0103459 0.999944 60.4528 
0.999991 -0.00351483 -0.00227788 0.00509297 0.00353861 0.999938 0.0105249 -0.325079 0.00224075 -0.0105328 0.999942 61.4848 
0.999992 -0.00343269 -0.00198056 -0.0106807 0.00345349 0.999938 0.0105962 -0.306834 0.00194407 -0.010603 0.999942 62.3624 
0.99999 -0.00416762 -0.0018879 -0.0168762 0.00418769 0.999933 0.0107542 -0.301526 0.00184296 -0.010762 0.99994 63.2544 
0.999988 -0.00425402 -0.00224405 0.00674389 0.00427959 0.999925 0.0115117 -0.33448 0.0021949 -0.0115212 0.999931 64.1565 
0.999991 -0.00362592 -0.00239473 0.015307 0.0036534 0.999926 0.011572 -0.34265 0.00235259 -0.0115806 0.99993 64.9538 
0.999991 -0.00360214 -0.00245128 0.0224187 0.00362952 0.99993 0.0112604 -0.320411 0.00241055 -0.0112692 0.999934 65.7933 
0.999988 -0.00436397 -0.00241059 0.0278642 0.0043916 0.999923 0.0115797 -0.317305 0.00235987 -0.0115902 0.99993 66.5554 
0.999992 -0.00309528 -0.0025641 0.0380232 0.00312573 0.999924 0.0119602 -0.33549 0.00252689 -0.0119682 0.999925 67.415 
0.999995 -0.00165659 -0.00264037 0.0540616 0.00168653 0.999934 0.0113785 -0.287693 0.00262134 -0.0113829 0.999932 68.3192 
0.999996 -0.000876626 -0.0026111 0.0576645 0.00090593 0.999936 0.0112427 -0.271093 0.00260108 -0.0112451 0.999933 69.1049 
0.999996 -0.00095667 -0.00269863 0.0485077 0.000990275 0.999922 0.0124791 -0.338237 0.00268648 -0.0124817 0.999918 70.016 
0.999996 -1.27366e-05 -0.00266352 0.0435923 4.41764e-05 0.99993 0.0118041 -0.287607 0.00266319 -0.0118042 0.999927 70.9359 
0.999997 0.000236416 -0.00261262 0.0345162 -0.000207766 0.99994 0.0109607 -0.235368 0.00261505 -0.0109601 0.999937 71.7561 
0.999996 -0.000958966 -0.00281052 0.0520285 0.00099077 0.999935 0.0113366 -0.27011 0.00279947 -0.0113393 0.999932 72.5958 
0.999996 -0.000741492 -0.00256048 0.0308045 0.000770923 0.999933 0.0115128 -0.258091 0.00255177 -0.0115147 0.99993 73.4419 
0.999995 -0.00101027 -0.00284488 0.0442901 0.0010425 0.999935 0.0113512 -0.244102 0.00283323 -0.0113541 0.999932 74.3463 
0.999995 -0.00175074 -0.00270771 0.0304474 0.00178259 0.999929 0.0118044 -0.263542 0.00268685 -0.0118092 0.999927 75.2022 
0.999994 -0.000716429 -0.00335171 0.0728245 0.000756528 0.999928 0.0119781 -0.263636 0.00334289 -0.0119806 0.999923 76.179 
0.999993 -0.000908946 -0.00349991 0.078789 0.000951604 0.999925 0.012206 -0.261253 0.00348856 -0.0122092 0.999919 77.0404 
0.999992 -0.00242522 -0.00330286 0.0557474 0.00246548 0.999922 0.0122393 -0.239077 0.00327292 -0.0122473 0.99992 77.8461 
0.999991 -0.00211251 -0.00366738 0.0714712 0.00215764 0.999921 0.0123453 -0.23518 0.00364101 -0.0123531 0.999917 78.6658 
0.999993 -0.000642791 -0.0037388 0.0844225 0.000690598 0.999918 0.0127996 -0.234175 0.00373027 -0.012802 0.999911 79.5618 
0.999994 0.000440115 -0.00328863 0.0477831 -0.000396227 0.999911 0.0133341 -0.256005 0.0032942 -0.0133327 0.999906 80.4746 
0.999992 -0.000714765 -0.00396565 0.0878423 0.000767246 0.999912 0.0132483 -0.242806 0.00395583 -0.0132512 0.999904 81.3561 
0.99999 -0.00140284 -0.00413949 0.0978168 0.00145564 0.999917 0.0127804 -0.18696 0.00412122 -0.0127863 0.99991 82.1709 
0.999991 0.000748127 -0.00420348 0.103414 -0.000696165 0.999923 0.0123497 -0.143867 0.0042124 -0.0123466 0.999915 82.9205 
0.999993 -0.000102226 -0.0038635 0.0644758 0.000148292 0.999929 0.011925 -0.0849925 0.00386201 -0.0119255 0.999921 83.9393 
0.99999 -0.00101696 -0.00426829 0.0889033 0.00107093 0.999919 0.0126622 -0.109669 0.00425507 -0.0126667 0.999911 84.8487 
0.999989 -0.00082893 -0.004508 0.0953087 0.000884095 0.999925 0.012249 -0.0536071 0.00449751 -0.0122528 0.999915 85.6945 
0.999991 -0.000316716 -0.00428472 0.0787321 0.000371278 0.999919 0.0127392 -0.0664261 0.00428034 -0.0127407 0.99991 86.569 
0.999989 0.000530103 -0.00465493 0.084314 -0.000471606 0.999921 0.0125588 -0.0535041 0.00466122 -0.0125564 0.99991 87.4834 
0.999989 0.000698402 -0.00464433 0.0862212 -0.000636265 0.99991 0.0133673 -0.0876466 0.00465325 -0.0133642 0.9999 88.3044 
0.999988 0.00123704 -0.00468991 0.0749064 -0.00117558 0.999914 0.0130849 -0.0725426 0.00470569 -0.0130793 0.999903 89.1464 
0.999988 0.000610058 -0.00490756 0.0797008 -0.000545049 0.999912 0.0132371 -0.0752662 0.0049152 -0.0132342 0.9999 90.1535 
0.999986 0.00155709 -0.00505142 0.0793457 -0.00149237 0.999917 0.0127919 -0.0259076 0.00507092 -0.0127842 0.999905 91.1138 
0.999981 0.00240369 -0.00570234 0.112311 -0.00232978 0.999914 0.0129318 -0.0221782 0.00573293 -0.0129183 0.9999 91.9549 
0.99998 0.00278322 -0.00571988 0.105217 -0.00270988 0.999915 0.0127914 -0.00721338 0.00575499 -0.0127756 0.999902 92.8501 
0.999979 0.0027129 -0.00584095 0.108144 -0.00263386 0.999905 0.0134962 -0.0397114 0.00587701 -0.0134805 0.999892 93.7718 
0.999976 0.00297416 -0.00619574 0.128795 -0.00289269 0.99991 0.0131169 -0.0122319 0.0062342 -0.0130987 0.999895 94.6487 
0.999975 0.0033733 -0.00619655 0.120803 -0.00329221 0.999909 0.0130516 0.0271748 0.00624001 -0.0130309 0.999896 95.5126 
0.999976 0.00314257 -0.00612091 0.105962 -0.0030578 0.9999 0.0138099 -0.00306462 0.00616369 -0.0137908 0.999886 96.416 
0.99998 0.00160452 -0.00605833 0.0878354 -0.00152601 0.999915 0.0129401 0.0526558 0.00607858 -0.0129306 0.999898 97.3092 
0.99998 0.000857436 -0.00624544 0.0955516 -0.000772665 0.999908 0.0135631 0.0107972 0.0062565 -0.013558 0.999889 98.2865 
0.999978 5.96926e-05 -0.0066865 0.108485 3.13306e-05 0.999907 0.0136121 0.0192535 0.0066867 -0.013612 0.999885 99.1082 
0.999977 4.85511e-05 -0.00682765 0.107734 4.46625e-05 0.999907 0.0136516 0.0407091 0.00682768 -0.0136515 0.999884 100.012 
0.999976 -8.50792e-05 -0.0069134 0.107088 0.000176057 0.999913 0.0131601 0.0819317 0.00691168 -0.013161 0.99989 101.002 
0.999975 7.1472e-06 -0.00708934 0.11454 8.97089e-05 0.999907 0.0136618 0.0688694 0.00708878 -0.0136621 0.999882 101.843 
0.999972 -0.000217171 -0.00748033 0.134067 0.000327608 0.999891 0.0147657 0.00249085 0.00747631 -0.0147677 0.999863 102.586 
0.999967 -0.0018417 -0.00787918 0.155664 0.0019596 0.999886 0.0149827 -0.0089726 0.00785069 -0.0149977 0.999857 103.546 
0.999967 -0.000982613 -0.00808681 0.163402 0.0011061 0.999883 0.0152798 -0.0179905 0.00807084 -0.0152883 0.999851 104.443 
0.999969 -0.000709731 -0.00780487 0.131861 0.000831367 0.999878 0.0155924 -0.0376816 0.00779285 -0.0155985 0.999848 105.34 
0.999973 -0.000177356 -0.00732357 0.0949443 0.000291627 0.999878 0.015605 -0.0169151 0.00731991 -0.0156068 0.999851 106.278 
0.999972 0.000680514 -0.00742107 0.0953987 -0.000566422 0.999882 0.0153654 0.0250149 0.00743065 -0.0153608 0.999854 107.098 
0.999971 0.000932192 -0.00752453 0.0856291 -0.000812935 0.999874 0.0158366 0.00549966 0.00753835 -0.01583 0.999846 108.038 
0.999967 0.00073446 -0.00811982 0.111204 -0.0006053 0.999873 0.0158978 0.014866 0.00813047 -0.0158923 0.999841 108.937 
0.999965 0.000274067 -0.00838569 0.108713 -0.000142825 0.999878 0.0156473 0.0353695 0.00838895 -0.0156456 0.999842 109.811 
0.999962 -0.000874084 -0.00861847 0.112643 0.00100683 0.999881 0.0154104 0.0654822 0.00860397 -0.0154185 0.999844 110.743 
0.999958 0.000412435 -0.00913847 0.140971 -0.000271409 0.999881 0.015428 0.0952832 0.00914375 -0.0154249 0.999839 111.712 
0.99996 0.000513845 -0.00890281 0.120231 -0.000377881 0.999883 0.015267 0.127108 0.00890962 -0.0152631 0.999844 112.552 
0.999961 -0.000190171 -0.008859 0.114695 0.000327929 0.999879 0.0155512 0.114718 0.00885497 -0.0155535 0.99984 113.469 
0.999961 0.000266262 -0.00880556 0.100155 -0.000129859 0.99988 0.0154874 0.122004 0.00880863 -0.0154857 0.999841 114.369 
0.999958 0.000565185 -0.00919255 0.120264 -0.000417118 0.99987 0.0161012 0.0861695 0.00920046 -0.0160967 0.999828 115.22 
0.999957 0.00121071 -0.00922293 0.109816 -0.00106388 0.999873 0.0159081 0.10984 0.00924101 -0.0158976 0.999831 116.064 
0.999954 0.000417351 -0.00962544 0.128687 -0.000262768 0.999871 0.0160556 0.120952 0.0096309 -0.0160523 0.999825 117.019 
0.999953 -0.000726483 -0.00969263 0.122654 0.000886219 0.999864 0.016486 0.116975 0.00967933 -0.0164938 0.999817 117.869 
0.999951 -0.00116125 -0.00986109 0.122321 0.00132329 0.999864 0.0164412 0.130749 0.00984065 -0.0164534 0.999816 118.806 
0.99995 -0.000419705 -0.00997818 0.120526 0.000588636 0.999856 0.0169331 0.092367 0.00996964 -0.0169382 0.999807 119.684 
0.999951 -0.000706568 -0.00992211 0.108367 0.000883547 0.99984 0.0178438 0.0506514 0.00990792 -0.0178517 0.999792 120.528 
0.999948 0.0005117 -0.0102084 0.126069 -0.000326212 0.999835 0.0181635 0.0473499 0.010216 -0.0181592 0.999783 121.438 
0.999946 0.000393961 -0.0103731 0.135601 -0.000205645 0.999835 0.0181492 0.0597444 0.0103785 -0.0181461 0.999781 122.373 
0.999945 0.000438531 -0.0104729 0.131414 -0.000242345 0.999825 0.0187266 0.0271526 0.0104793 -0.018723 0.99977 123.305 
0.999951 0.000725687 -0.00990884 0.0793448 -0.000534499 0.999814 0.0192837 0.0212135 0.00992099 -0.0192775 0.999765 124.276 
0.999949 0.00148684 -0.00995707 0.0806143 -0.00129272 0.99981 0.0194742 0.018698 0.00998413 -0.0194603 0.999761 125.043 
0.999952 0.00110616 -0.00973602 0.0433448 -0.000921762 0.99982 0.0189241 0.05921 0.00975521 -0.0189143 0.999774 125.904 
0.999953 0.000967365 -0.00965201 0.0131066 -0.000780498 0.999813 0.0193454 0.0475152 0.00966891 -0.019337 0.999766 126.912 
0.99995 0.00152088 -0.0098845 0.0128898 -0.00132962 0.999812 0.0193272 0.068003 0.00991204 -0.0193131 0.999764 127.766 
0.999949 0.00138995 -0.0100176 0.0118856 -0.00120232 0.999824 0.0187119 0.098796 0.0100418 -0.0186989 0.999775 128.598 
0.999952 0.00158064 -0.00970797 -0.015709 -0.0013914 0.999809 0.0194693 0.0680445 0.00973689 -0.0194549 0.999763 129.6 
0.999948 0.00222685 -0.00991748 -9.08544e-06 -0.00202782 0.999797 0.0200342 0.0591385 0.00996009 -0.0200131 0.99975 130.587 
0.999948 0.00193533 -0.0100441 0.000886738 -0.00172411 0.999778 0.0209953 0.0196611 0.0100826 -0.0209769 0.999729 131.417 
0.999943 0.00311312 -0.0102249 0.0107647 -0.00288429 0.999747 0.0223186 -0.066508 0.0102918 -0.0222879 0.999699 132.344 
0.999943 0.00357118 -0.0100284 -0.0223551 -0.00335775 0.999769 0.0212193 0.0143803 0.0101018 -0.0211844 0.999725 133.25 
0.999949 0.00258978 -0.0097913 -0.0419103 -0.0023744 0.999756 0.0219452 -0.0239402 0.00984575 -0.0219208 0.999711 134.092 
0.999955 0.000831627 -0.00948135 -0.0684983 -0.000621204 0.999754 0.0221748 -0.00673758 0.00949746 -0.0221679 0.999709 134.946 
0.999956 -0.000469825 -0.00933477 -0.0970257 0.000678251 0.99975 0.0223373 -0.00989066 0.00932194 -0.0223427 0.999707 135.741 
0.999955 -0.00100065 -0.00940757 -0.105579 0.00121572 0.999737 0.0228842 -0.0318614 0.0093822 -0.0228946 0.999694 136.671 
0.999957 -0.00122074 -0.00913854 -0.127266 0.0014302 0.999736 0.0229492 -0.00951278 0.00910811 -0.0229612 0.999695 137.586 
0.999957 -2.11564e-06 -0.00929821 -0.124275 0.000216672 0.999734 0.0230741 0.00329416 0.00929569 -0.0230751 0.999691 138.587 
0.999957 -0.000455392 -0.00926124 -0.151246 0.000673365 0.999723 0.0235466 -0.0164864 0.00924795 -0.0235518 0.99968 139.587 
0.999958 -0.00111804 -0.00911466 -0.181011 0.00133859 0.999706 0.0242272 -0.0546498 0.00908489 -0.0242384 0.999665 140.443 
0.999956 -0.00173343 -0.00924132 -0.189366 0.00195853 0.9997 0.0244048 -0.0331117 0.00919624 -0.0244218 0.999659 141.46 
0.999953 -0.00109828 -0.0096495 -0.184652 0.00133807 0.99969 0.0248792 -0.0288231 0.00961918 -0.0248909 0.999644 142.289 
0.999953 -0.000117281 -0.00964981 -0.190523 0.000354474 0.999698 0.0245821 0.0114894 0.00964401 -0.0245844 0.999651 143.243 
0.999953 -0.000156074 -0.0096632 -0.209121 0.000395126 0.999694 0.0247414 0.0263164 0.00965638 -0.0247441 0.999647 144.276 
0.999948 0.000628213 -0.0101619 -0.185852 -0.000371284 0.999681 0.0252658 0.01378 0.0101745 -0.0252607 0.999629 145.3 
0.999946 -0.000284412 -0.0103656 -0.185021 0.000544647 0.999685 0.0251113 0.0648949 0.0103552 -0.0251156 0.999631 146.341 
0.999947 -0.000249964 -0.0103014 -0.201327 0.000515052 0.999669 0.0257386 0.0438437 0.0102915 -0.0257426 0.999616 147.255 
0.999947 -0.000949568 -0.0102033 -0.216973 0.00120844 0.999677 0.0253953 0.100045 0.0101759 -0.0254063 0.999625 148.136 
0.999943 -0.00178242 -0.010543 -0.210555 0.00204994 0.999675 0.0254182 0.14187 0.0104943 -0.0254384 0.999621 149.092 
0.99994 -0.00275833 -0.0105991 -0.217465 0.00302655 0.999673 0.0253733 0.17192 0.0105256 -0.0254038 0.999622 150.014 
0.99994 -0.00161054 -0.0107942 -0.217586 0.00188619 0.999671 0.0255754 0.185561 0.0107495 -0.0255943 0.999615 150.878 
0.99994 -0.00139346 -0.0108503 -0.227544 0.00167207 0.999668 0.0257118 0.210637 0.0108109 -0.0257284 0.999611 151.809 
0.999942 -0.000806702 -0.0107802 -0.24358 0.0010841 0.999668 0.025751 0.221374 0.0107559 -0.0257612 0.99961 152.602 
0.999937 -0.000606571 -0.0112359 -0.217874 0.000896135 0.999667 0.0257843 0.246218 0.0112165 -0.0257927 0.999604 153.458 
0.999937 -0.000289098 -0.0112365 -0.220198 0.000585445 0.999652 0.0263793 0.234137 0.0112249 -0.0263842 0.999589 154.294 
0.99994 0.00021424 -0.0109919 -0.254243 7.06622e-05 0.999664 0.0259124 0.298793 0.0109937 -0.0259116 0.999604 155.192 
0.99994 -0.000644718 -0.0109752 -0.257534 0.000937075 0.999644 0.0266538 0.279268 0.0109541 -0.0266625 0.999584 156.14 
0.999935 -0.0022127 -0.011163 -0.259875 0.00250444 0.999654 0.0261892 0.327041 0.0111012 -0.0262155 0.999595 157.114 
0.999937 -0.000617618 -0.0112176 -0.271043 0.000918051 0.99964 0.026797 0.312876 0.011197 -0.0268056 0.999578 158.04 
0.99993 -0.000720505 -0.0117712 -0.244279 0.00103998 0.999631 0.0271572 0.335684 0.0117473 -0.0271675 0.999562 158.919 
0.999929 -0.000850122 -0.0118933 -0.253325 0.00117558 0.999624 0.0273844 0.351958 0.0118656 -0.0273964 0.999554 159.785 
0.999927 -0.000667002 -0.0120799 -0.25014 0.00099888 0.999622 0.0274883 0.374768 0.012057 -0.0274984 0.999549 160.522 
0.999926 0.000869767 -0.0121738 -0.247863 -0.000543021 0.99964 0.0268177 0.441665 0.0121928 -0.0268091 0.999566 161.623 
0.999919 0.00174547 -0.0125758 -0.244736 -0.00140755 0.999639 0.0268297 0.471096 0.0126181 -0.0268098 0.999561 162.576 
0.999913 0.00184806 -0.0130553 -0.217823 -0.00149117 0.999626 0.0272937 0.468113 0.0131009 -0.0272719 0.999542 163.392 
0.999913 0.0011129 -0.0131622 -0.229137 -0.000762011 0.999645 0.0266338 0.518368 0.0131871 -0.0266214 0.999559 164.215 
0.999915 0.00260714 -0.0127866 -0.267181 -0.00227162 0.999655 0.0261847 0.55696 0.0128504 -0.0261534 0.999575 165.149 
0.999918 0.00217723 -0.0126518 -0.294247 -0.00184582 0.999656 0.0261482 0.592377 0.0127043 -0.0261227 0.999578 166.202 
