1 0 0 0 0 1 0 0 0 0 1 0 
0.999998 -0.000183829 -0.00181067 -0.0531547 0.000181874 0.999999 -0.0010798 -0.0199493 0.00181087 0.00107947 0.999998 0.772092 
0.999992 0.00102806 -0.00388589 -0.0928466 -0.0010346 0.999998 -0.00168096 -0.0760786 0.00388416 0.00168496 0.999991 1.61698 
0.999978 0.0029043 -0.00594237 -0.132513 -0.00292182 0.999991 -0.00294124 -0.100881 0.00593378 0.00295854 0.999978 2.51391 
0.999965 0.00110401 -0.00827825 -0.171518 -0.0011353 0.999992 -0.00377583 -0.136001 0.00827401 0.0037851 0.999959 3.35741 
0.99994 0.00170055 -0.0108638 -0.19051 -0.0017531 0.999987 -0.00482981 -0.170422 0.0108555 0.00484856 0.999929 4.10321 
0.999909 0.00435382 -0.0127704 -0.227497 -0.0044196 0.999977 -0.00512686 -0.215966 0.0127478 0.00518283 0.999905 4.82099 
0.999862 0.00621829 -0.015381 -0.250938 -0.00629919 0.999967 -0.0052172 -0.268092 0.015348 0.00531337 0.999868 5.57617 
0.999816 0.00833278 -0.0172885 -0.291787 -0.00843302 0.999948 -0.00573326 -0.320097 0.0172398 0.005878 0.999834 6.40263 
0.999746 0.0105041 -0.0199575 -0.318201 -0.0106577 0.999914 -0.00760479 -0.32524 0.0198759 0.00781556 0.999772 7.25553 
0.999708 0.00968796 -0.0221412 -0.34546 -0.00987699 0.999916 -0.00844408 -0.360253 0.0220575 0.0086603 0.999719 8.05542 
0.999656 0.0100227 -0.0242485 -0.388506 -0.010266 0.999898 -0.00993318 -0.368075 0.0241465 0.0101787 0.999657 8.81152 
0.999603 0.00897059 -0.0267039 -0.426184 -0.00925953 0.9999 -0.0107161 -0.407738 0.0266051 0.0109591 0.999586 9.62854 
0.999524 0.0100566 -0.0291701 -0.458635 -0.0104 0.999878 -0.0116452 -0.449808 0.0290494 0.011943 0.999507 10.4658 
0.999461 0.00994074 -0.0312744 -0.49837 -0.01036 0.999858 -0.0132736 -0.4621 0.031138 0.0135905 0.999423 11.2492 
0.999412 0.00737588 -0.0334806 -0.531079 -0.00780677 0.999888 -0.0127574 -0.509532 0.0333828 0.0130113 0.999358 12.0334 
0.99933 0.0081081 -0.0356961 -0.572528 -0.00863917 0.999854 -0.0147486 -0.547658 0.0355713 0.0150471 0.999254 12.8082 
0.999239 0.0106215 -0.0375228 -0.608544 -0.0112645 0.999793 -0.0169671 -0.592231 0.0373348 0.0173769 0.999152 13.6376 
0.999106 0.0156339 -0.0392799 -0.673982 -0.016402 0.999679 -0.0193078 -0.596523 0.0389654 0.0199348 0.999042 14.4141 
0.999024 0.0173779 -0.0406153 -0.716824 -0.0181578 0.999656 -0.0189133 -0.620339 0.0402727 0.0196323 0.998996 15.268 
0.998953 0.0172271 -0.0423871 -0.760258 -0.0179865 0.999683 -0.0176 -0.620665 0.0420705 0.018344 0.998946 16.0593 
0.998895 0.0164618 -0.0440116 -0.8178 -0.017173 0.999727 -0.01583 -0.651771 0.043739 0.0165684 0.998906 16.9721 
0.998829 0.0170032 -0.0452961 -0.85886 -0.0176717 0.99974 -0.0144005 -0.705837 0.0450395 0.0151841 0.99887 17.7236 
0.998685 0.018613 -0.0477597 -0.88419 -0.0193952 0.999684 -0.0159666 -0.693949 0.0474474 0.0168719 0.998731 18.624 
0.998662 0.0156707 -0.0492808 -0.933 -0.0165265 0.999719 -0.0170074 -0.714313 0.0490005 0.0177991 0.99864 19.5245 
0.998612 0.0152383 -0.050418 -0.969898 -0.016046 0.999749 -0.0156547 -0.734491 0.0501668 0.0164419 0.998606 20.3203 
0.998536 0.0183145 -0.0509026 -1.01321 -0.018897 0.999761 -0.0109855 -0.782484 0.0506892 0.0119313 0.998643 21.1941 
0.998555 0.0188916 -0.0503189 -1.04695 -0.0192597 0.999791 -0.00684158 -0.831901 0.0501792 0.00780082 0.99871 21.9993 
0.998636 0.0176614 -0.0491413 -1.1024 -0.0178979 0.99983 -0.00437797 -0.858898 0.0490556 0.00525152 0.998782 22.8574 
0.998704 0.0189437 -0.047232 -1.16245 -0.0191127 0.999812 -0.00313018 -0.884471 0.0471638 0.00402885 0.998879 23.7709 
0.998713 0.0213712 -0.0459986 -1.22263 -0.0216486 0.99975 -0.00554176 -0.911028 0.0458686 0.00653044 0.998926 24.7079 
0.998707 0.0224196 -0.0456344 -1.25907 -0.0229291 0.99968 -0.0106712 -0.94634 0.0453805 0.0117038 0.998901 25.6034 
0.998765 0.0218876 -0.0445988 -1.30951 -0.0225338 0.999648 -0.0140377 -0.968517 0.0442758 0.0150254 0.998906 26.4591 
0.998849 0.0189924 -0.0440382 -1.35013 -0.0196375 0.999705 -0.0142622 -0.937995 0.0437544 0.0151106 0.998928 27.334 
0.998867 0.0180899 -0.0440122 -1.39692 -0.0184798 0.999793 -0.00846908 -0.985764 0.0438499 0.00927282 0.998995 28.2385 
0.998915 0.0136973 -0.0445156 -1.45772 -0.0139459 0.999889 -0.00527985 -0.998293 0.0444384 0.00589494 0.998995 29.1896 
0.998952 0.00590752 -0.0453872 -1.50673 -0.00617737 0.999964 -0.00580755 -1.01384 0.0453512 0.00608183 0.998953 30.0558 
0.998882 0.00303035 -0.0471825 -1.56128 -0.00351074 0.999943 -0.010102 -1.03259 0.0471492 0.0102564 0.998835 30.9826 
0.99879 0.00247755 -0.0491209 -1.5969 -0.00318085 0.999893 -0.0142447 -1.04416 0.0490804 0.0143837 0.998691 31.7878 
0.998682 0.00182308 -0.0512895 -1.64664 -0.00260476 0.999881 -0.0151778 -1.08201 0.0512557 0.0152914 0.998568 32.6677 
0.998598 0.0021303 -0.0528923 -1.69804 -0.00281369 0.999913 -0.0128492 -1.14106 0.0528604 0.01298 0.998518 33.6994 
0.998521 0.00716071 -0.0538849 -1.76487 -0.00772332 0.999918 -0.0102398 -1.17189 0.0538071 0.0106408 0.998495 34.6667 
0.998446 0.00594143 -0.0554085 -1.83232 -0.00647581 0.999934 -0.00946995 -1.21282 0.0553486 0.00981405 0.998419 35.6119 
0.998385 0.00895049 -0.0560982 -1.89023 -0.00936522 0.999931 -0.0071345 -1.25005 0.0560305 0.00764835 0.9984 36.5057 
0.998402 0.00787432 -0.055953 -1.95362 -0.00803157 0.999964 -0.00258606 -1.30888 0.0559307 0.00303132 0.99843 37.3149 
0.998319 0.0127478 -0.0565443 -2.02805 -0.0128356 0.999917 -0.00118954 -1.32139 0.0565245 0.00191332 0.998399 38.3474 
0.998293 0.0148023 -0.0565048 -2.09909 -0.0148915 0.999888 -0.00115705 -1.34451 0.0564814 0.00199652 0.998402 39.3199 
0.998294 0.0137568 -0.0567483 -2.15967 -0.0139515 0.999898 -0.00303607 -1.36654 0.0567007 0.00382261 0.998384 40.288 
0.998214 0.0167631 -0.0573397 -2.20902 -0.0170934 0.99984 -0.00527438 -1.41692 0.0572422 0.00624509 0.998341 41.4175 
0.998162 0.0168129 -0.0582205 -2.28214 -0.0170717 0.999846 -0.00395134 -1.50512 0.0581451 0.00493801 0.998296 42.2376 
0.998105 0.0157111 -0.0594989 -2.3518 -0.0158465 0.999873 -0.0018047 -1.55558 0.059463 0.00274413 0.998227 43.123 
0.998096 0.0149217 -0.0598415 -2.44195 -0.0149345 0.999888 0.0002338 -1.63687 0.0598383 0.000660347 0.998208 44.0463 
0.998086 0.016211 -0.0596767 -2.5311 -0.0163489 0.999865 -0.0018236 -1.663 0.0596391 0.00279576 0.998216 44.9402 
0.998028 0.0156607 -0.0607836 -2.6006 -0.0161374 0.999843 -0.00736044 -1.69616 0.0606588 0.00832682 0.998124 45.9879 
0.997992 0.0168444 -0.0610613 -2.67782 -0.0173808 0.999815 -0.00826528 -1.71188 0.0609108 0.00930998 0.9981 46.8879 
0.998003 0.0163803 -0.0610094 -2.75395 -0.0166761 0.999852 -0.00434225 -1.77288 0.0609292 0.00535098 0.998128 47.8245 
0.998022 0.0144571 -0.0611811 -2.8288 -0.0145282 0.999894 -0.000718363 -1.80629 0.0611642 0.0016058 0.998126 48.852 
0.997994 0.0145342 -0.0616238 -2.88681 -0.0146073 0.999893 -0.000735414 -1.78712 0.0616065 0.0016341 0.998099 49.8641 
0.997972 0.0127642 -0.0623561 -2.92169 -0.0128522 0.999917 -0.00101035 -1.83046 0.062338 0.00180972 0.998053 50.725 
0.997959 0.00794333 -0.0633696 -2.97855 -0.00811357 0.999964 -0.00242967 -1.8606 0.0633481 0.00293886 0.997987 51.7312 
0.997897 0.00849445 -0.0642619 -3.04671 -0.00857569 0.999963 -0.0009884 -1.90295 0.0642511 0.00153741 0.997933 52.57 
0.997867 0.00500244 -0.0650866 -3.11199 -0.00475246 0.999981 0.00399501 -1.91242 0.0651053 -0.00367717 0.997872 53.4577 
0.99786 0.00391915 -0.0652624 -3.18299 -0.00331061 0.99995 0.00943016 -1.91897 0.0652961 -0.00919393 0.997824 54.3294 
0.997814 0.0055867 -0.0658516 -3.24833 -0.0048279 0.99992 0.0116764 -1.93815 0.0659116 -0.0113329 0.997761 55.1662 
0.997692 0.00772742 -0.0674661 -3.3042 -0.00709842 0.999929 0.00955796 -1.96705 0.0675352 -0.00905699 0.997676 55.9723 
0.997561 0.00979364 -0.0691046 -3.36476 -0.00968324 0.999951 0.00193238 -1.99512 0.0691201 -0.00125851 0.997608 56.7763 
0.997407 0.0125886 -0.0708524 -3.40084 -0.0128669 0.999911 -0.00347296 -2.01777 0.0708023 0.00437561 0.997481 57.5951 
0.997212 0.0177415 -0.0724814 -3.4597 -0.0179763 0.999835 -0.00258943 -2.02364 0.0724235 0.00388516 0.997366 58.4493 
0.997122 0.0198445 -0.0731716 -3.53833 -0.0198948 0.999802 4.1184e-05 -2.0478 0.073158 0.00141467 0.997319 59.2981 
0.996971 0.0219492 -0.0746108 -3.60292 -0.0218928 0.999759 0.00157437 -2.06186 0.0746274 6.38301e-05 0.997211 60.1025 
0.996912 0.0201507 -0.0759008 -3.6811 -0.0202029 0.999796 8.00431e-05 -2.06125 0.0758869 0.00145362 0.997115 61.0332 
0.996746 0.0224023 -0.0774372 -3.74931 -0.0223361 0.999749 0.00172124 -2.11636 0.0774563 1.40068e-05 0.996996 61.7543 
0.996652 0.0224179 -0.0786322 -3.85986 -0.0223035 0.999749 0.00233286 -2.13988 0.0786647 -0.000571273 0.996901 62.7312 
0.996546 0.0210947 -0.0803231 -3.92587 -0.0209059 0.999776 0.00319099 -2.15511 0.0803724 -0.00150074 0.996764 63.5316 
0.996393 0.02138 -0.0821202 -3.97336 -0.0211706 0.99977 0.00342054 -2.16081 0.0821744 -0.00166967 0.996617 64.2511 
0.996185 0.0249524 -0.0836193 -4.04224 -0.024541 0.999681 0.0059438 -2.16736 0.0837409 -0.00386903 0.99648 65.0366 
0.996059 0.026542 -0.0846276 -4.11316 -0.0257105 0.99961 0.0109005 -2.19031 0.0848839 -0.00868173 0.996353 65.7583 
0.995855 0.0292527 -0.0861278 -4.18762 -0.0282176 0.999514 0.0132122 -2.21045 0.0864725 -0.0107271 0.996196 66.4802 
0.995619 0.0325059 -0.0876673 -4.2753 -0.0318055 0.99945 0.00937523 -2.21955 0.0879239 -0.00654586 0.996106 67.3018 
0.995459 0.0330414 -0.0892753 -4.33107 -0.0329832 0.999454 0.00212791 -2.24353 0.0892969 0.000826333 0.996005 67.9546 
0.995311 0.0304669 -0.0918043 -4.36444 -0.0309738 0.999512 -0.00410214 -2.24386 0.0916345 0.00692643 0.995769 68.6108 
0.995251 0.0322192 -0.0918501 -4.44821 -0.0329524 0.999436 -0.00647738 -2.26587 0.0915896 0.00947331 0.995752 69.3015 
0.995119 0.0336478 -0.0927669 -4.50436 -0.0340671 0.999415 -0.0029406 -2.29535 0.0926137 0.00608655 0.995684 69.8769 
0.994928 0.0350919 -0.0942713 -4.56789 -0.0351809 0.999381 0.000718091 -2.3313 0.0942382 0.0026021 0.995546 70.5727 
0.994933 0.0306432 -0.0957597 -4.62558 -0.0310227 0.999516 -0.00247598 -2.33971 0.0956374 0.00543416 0.995401 71.1478 
0.995112 0.0228095 -0.0960861 -4.65781 -0.0236242 0.999694 -0.00734932 -2.34631 0.0958891 0.00958335 0.995346 71.618 
0.995289 0.0179237 -0.095281 -4.70136 -0.0192592 0.999729 -0.0131151 -2.37015 0.09502 0.0148884 0.995364 72.1541 
0.995515 0.0194944 -0.0925754 -4.75374 -0.0208172 0.999694 -0.0133443 -2.40145 0.092287 0.0152116 0.995616 72.7278 
0.995772 0.0233923 -0.0888343 -4.81385 -0.024323 0.99966 -0.0094086 -2.45179 0.088584 0.0115295 0.996002 73.2656 
0.996281 0.0208579 -0.0835966 -4.87438 -0.0214353 0.999752 -0.00601575 -2.46666 0.0834504 0.0077853 0.996482 73.7861 
0.996782 0.0162301 -0.0784956 -4.91504 -0.0164848 0.999861 -0.00259691 -2.48318 0.0784426 0.00388253 0.996911 74.3137 
0.997474 0.0117159 -0.0700538 -4.94705 -0.011626 0.999931 0.00169097 -2.49366 0.0700688 -0.000872249 0.997542 74.7704 
0.998103 0.0148788 -0.0597478 -4.98262 -0.0148484 0.999889 0.000952193 -2.50683 0.0597553 -6.32266e-05 0.998213 75.2783 
0.998717 0.0218454 -0.0456887 -5.00191 -0.0218563 0.999761 0.000261086 -2.52153 0.0456835 0.000737833 0.998956 75.7305 
0.999281 0.0272082 -0.026404 -5.02752 -0.0271939 0.99963 0.000900615 -2.54648 0.0264187 -0.000181939 0.999651 76.2454 
0.999686 0.0243497 -0.00599686 -5.01467 -0.0243456 0.999703 0.000762716 -2.55472 0.00601366 -0.000616479 0.999982 76.6475 
0.999603 0.0189806 0.0208068 -4.99722 -0.0190226 0.999817 0.00182481 -2.58167 -0.0207684 -0.00221989 0.999782 77.0997 
0.998618 0.0188142 0.0490738 -4.96435 -0.0189807 0.999816 0.00292868 -2.60067 -0.0490096 -0.00385608 0.998791 77.5523 
0.996542 0.0175679 0.081213 -4.95485 -0.0180262 0.999825 0.00491291 -2.64334 -0.0811125 -0.00635988 0.996685 77.8645 
0.992663 0.0179431 0.119573 -4.88025 -0.0186087 0.999817 0.00445214 -2.61998 -0.119471 -0.00664456 0.992815 78.2825 
0.987117 0.0194418 0.158814 -4.79086 -0.0202788 0.999788 0.00365125 -2.61876 -0.158709 -0.00682477 0.987302 78.6684 
0.979344 0.0201453 0.201194 -4.6823 -0.0211559 0.999772 0.00287384 -2.6302 -0.20109 -0.00707092 0.979547 79.0466 
0.967601 0.0208588 0.251621 -4.55455 -0.0215311 0.999768 -8.12188e-05 -2.63119 -0.251565 -0.00533909 0.967826 79.4503 
0.953179 0.0211462 0.301666 -4.43114 -0.0210581 0.999772 -0.00354433 -2.62783 -0.301673 -0.00297414 0.953407 79.7895 
0.933018 0.0198298 0.359282 -4.24929 -0.0192579 0.999801 -0.00517092 -2.67533 -0.359313 -0.00209447 0.933215 80.1926 
0.910589 0.0188405 0.412884 -4.06007 -0.0174261 0.999822 -0.00719124 -2.6991 -0.412946 -0.000646692 0.910755 80.5112 
0.883993 0.0192389 0.467105 -3.86586 -0.0164305 0.999814 -0.0100854 -2.69089 -0.467212 0.00124063 0.884144 80.7916 
0.850008 0.0163704 0.526515 -3.62449 -0.0117224 0.999857 -0.0121628 -2.72045 -0.526639 0.00416645 0.850079 81.0936 
0.815849 0.0153069 0.578063 -3.42621 -0.00960181 0.99987 -0.0129247 -2.73549 -0.578186 0.00499416 0.81589 81.3054 
0.775093 0.0120075 0.631733 -3.08607 -0.00618287 0.999916 -0.0114197 -2.77262 -0.631817 0.00494537 0.775102 81.6413 
0.734988 0.0123283 0.677968 -2.84281 -0.00795365 0.999923 -0.00956015 -2.76883 -0.678033 0.00163428 0.735029 81.8658 
0.69264 0.0119174 0.721185 -2.57545 -0.00721422 0.999928 -0.00959485 -2.76117 -0.721247 0.00144299 0.692676 82.0787 
0.644919 0.00870425 0.764202 -2.27145 -0.00119954 0.999945 -0.0103771 -2.77231 -0.76425 0.00577567 0.644894 82.2674 
0.600748 0.00432779 0.799427 -1.97818 0.00714798 0.999916 -0.0107847 -2.78903 -0.799407 0.0121932 0.600667 82.4503 
0.552143 0.00756136 0.833715 -1.61669 0.0036155 0.999928 -0.0114633 -2.79369 -0.833741 0.00934366 0.552076 82.633 
0.507915 0.00992246 0.86135 -1.26704 0.000915646 0.999927 -0.0120588 -2.79211 -0.861406 0.00691352 0.507869 82.792 
0.465285 0.0118354 0.885082 -0.948975 -0.000350382 0.999913 -0.0131867 -2.81337 -0.885161 0.00582546 0.465249 82.9236 
0.421468 0.00870707 0.906802 -0.593882 0.00887088 0.999866 -0.0137237 -2.81966 -0.9068 0.0138282 0.421334 83.0405 
0.384194 0.000218282 0.923252 -0.222935 0.0250355 0.99963 -0.0106544 -2.83233 -0.922913 0.0272074 0.384046 83.1522 
0.350966 -0.00379967 0.936381 0.168472 0.0318153 0.999463 -0.0078691 -2.83651 -0.935848 0.032553 0.350898 83.2458 
0.317081 -3.19446e-05 0.948398 0.589885 0.0299598 0.999501 -0.0099829 -2.84786 -0.947925 0.0315792 0.316924 83.3531 
0.287736 0.00731026 0.957682 0.897426 0.01879 0.999735 -0.0132767 -2.87108 -0.957525 0.0218151 0.287522 83.4354 
0.259907 0.0121322 0.965557 1.23742 0.0141794 0.999765 -0.0163788 -2.87297 -0.96553 0.017948 0.259674 83.5383 
0.232352 0.0134864 0.972538 1.57424 0.0159525 0.999717 -0.0176745 -2.91336 -0.972501 0.0196211 0.232071 83.6266 
0.209768 0.0138737 0.977653 1.97783 0.0223029 0.999571 -0.0189701 -2.93889 -0.977497 0.0257838 0.209368 83.6857 
0.190695 0.0189889 0.981466 2.39272 0.0311249 0.999193 -0.0253793 -2.95761 -0.981156 0.0353877 0.18995 83.7378 
0.169714 0.0269647 0.985124 2.78137 0.0355941 0.998806 -0.0334712 -2.9455 -0.98485 0.0407452 0.168552 83.8059 
0.153028 0.0272779 0.987845 3.20133 0.0352786 0.998831 -0.0330463 -2.97325 -0.987592 0.0399068 0.151887 83.8613 
0.137341 0.0214443 0.990292 3.8538 0.0335716 0.99909 -0.0262908 -3.0506 -0.989955 0.0368565 0.136497 83.9739 
0.121628 0.0176928 0.992418 4.31321 0.0350044 0.999143 -0.0221027 -3.05516 -0.991958 0.0374273 0.120904 84.0141 
0.1088 0.0149631 0.993951 4.76581 0.0367199 0.999144 -0.0190607 -3.08803 -0.993385 0.0385716 0.108157 84.0347 
0.0965247 0.0132032 0.995243 5.23807 0.041016 0.99901 -0.0172311 -3.12594 -0.994485 0.0424841 0.0958876 84.0455 
0.0859095 0.0136448 0.99621 5.69838 0.0447883 0.998842 -0.0175433 -3.1398 -0.995296 0.0461257 0.0851989 84.0843 
0.078263 0.0139388 0.996835 6.1765 0.0467555 0.998751 -0.0176364 -3.16638 -0.995836 0.0479878 0.0775135 84.0808 
0.0724055 0.0141769 0.997275 6.68307 0.0487827 0.998652 -0.0177383 -3.17453 -0.996182 0.0499341 0.0716163 84.087 
0.0662796 0.0151866 0.997686 7.17751 0.0499055 0.998582 -0.0185157 -3.18694 -0.996552 0.0510172 0.0654277 84.1246 
0.0600298 0.0164736 0.998061 7.71588 0.0491733 0.998601 -0.0194401 -3.19029 -0.996985 0.050245 0.0591358 84.1465 
0.0552006 0.0167325 0.998335 8.29282 0.0534571 0.998376 -0.0196889 -3.205 -0.997043 0.054455 0.0542165 84.1609 
0.051568 0.016691 0.99853 8.85209 0.0550899 0.99829 -0.0195321 -3.20907 -0.997149 0.0560162 0.0505603 84.1716 
0.0482117 0.0163913 0.998703 9.34837 0.057527 0.99816 -0.0191594 -3.20623 -0.997179 0.0583761 0.0471801 84.1785 
0.0444654 0.0150647 0.998897 10.0425 0.0585463 0.998128 -0.0176593 -3.24054 -0.997294 0.059267 0.0435002 84.1913 
0.0425886 0.0140154 0.998994 10.6895 0.0636473 0.997833 -0.0167124 -3.28006 -0.997063 0.064295 0.0416043 84.2159 
0.0427597 0.013416 0.998995 11.4343 0.0674764 0.997588 -0.0162852 -3.32143 -0.996804 0.0681049 0.0417513 84.2197 
0.044708 0.0135951 0.998908 12.054 0.0671874 0.997603 -0.0165844 -3.31676 -0.996738 0.0678555 0.0436874 84.2195 
0.0475877 0.0137857 0.998772 12.7238 0.068658 0.997495 -0.0170394 -3.32242 -0.996505 0.0693845 0.046522 84.2348 
0.0512565 0.0135467 0.998594 13.5304 0.067539 0.997572 -0.0169995 -3.34063 -0.996399 0.0683153 0.0502171 84.2488 
0.0542689 0.0115048 0.99846 14.1997 0.0687816 0.997515 -0.0152323 -3.36395 -0.996155 0.0695023 0.0533427 84.2841 
0.0580292 0.00970715 0.998268 14.9524 0.069363 0.997497 -0.0137317 -3.39633 -0.995902 0.0700397 0.0572107 84.3145 
0.0618573 0.00722256 0.998059 15.7148 0.0679185 0.997625 -0.0114288 -3.42446 -0.995771 0.0684936 0.0612199 84.3661 
0.0657191 0.00642325 0.997817 16.4531 0.0660788 0.997756 -0.010775 -3.42268 -0.995648 0.0666427 0.0651472 84.4031 
0.0700051 0.00672587 0.997524 17.2626 0.065356 0.997798 -0.0113143 -3.47269 -0.995403 0.0659862 0.0694113 84.4538 
0.0729478 0.0106154 0.997279 18.0343 0.0631723 0.997886 -0.0152427 -3.4751 -0.995333 0.0641123 0.072123 84.5069 
0.0744648 0.0162764 0.997091 18.7795 0.0594464 0.998016 -0.0207311 -3.51379 -0.99545 0.0608172 0.0733495 84.5562 
0.0738646 0.0190206 0.997087 19.5838 0.0579374 0.998048 -0.023331 -3.54951 -0.995584 0.0594919 0.0726184 84.6152 
0.0738453 0.0183713 0.9971 20.4112 0.0567387 0.998133 -0.0225924 -3.59777 -0.995654 0.0582425 0.0726651 84.6706 
0.0736766 0.0152498 0.997166 21.2463 0.0534151 0.998388 -0.0192151 -3.64528 -0.995851 0.0546794 0.0727433 84.7233 
0.0733781 0.0145369 0.997198 22.0525 0.0544537 0.998344 -0.0185605 -3.68469 -0.995816 0.055663 0.072465 84.7736 
0.0742312 0.0134111 0.997151 22.9374 0.052975 0.998445 -0.0173721 -3.71677 -0.995833 0.0541136 0.0734053 84.7951 
0.0741565 0.0137877 0.997151 23.6978 0.0500338 0.998594 -0.0175285 -3.73632 -0.995991 0.0511911 0.0733624 84.8289 
0.0745986 0.0145087 0.997108 24.484 0.046025 0.998779 -0.0179764 -3.77188 -0.996151 0.0472329 0.0738397 84.8577 
0.0727898 0.0154543 0.997228 25.2832 0.0432142 0.998892 -0.0186344 -3.81155 -0.996411 0.0444508 0.0720413 84.9185 
0.0703561 0.0156342 0.997399 26.1123 0.0406478 0.999002 -0.0185266 -3.83264 -0.996693 0.0418456 0.0696503 84.9551 
0.0664553 0.0145326 0.997684 26.8244 0.037758 0.999141 -0.0170689 -3.85343 -0.997075 0.0388049 0.0658495 84.994 
0.0616304 0.0126941 0.998018 27.5886 0.0351425 0.999272 -0.0148802 -3.88182 -0.99748 0.03599 0.0611394 85.0326 
0.05444 0.0103927 0.998463 28.5002 0.0316839 0.999424 -0.0121303 -3.9152 -0.998014 0.0322955 0.0540794 85.0808 
0.04789 0.0101016 0.998802 29.3203 0.0310782 0.99945 -0.0115983 -3.95211 -0.998369 0.0315964 0.0475497 85.0834 
0.0396025 0.0106606 0.999159 30.0004 0.0290789 0.999507 -0.0118169 -3.98369 -0.998792 0.0295224 0.039273 85.0859 
0.0290403 0.0114278 0.999513 30.8575 0.0318241 0.999417 -0.0123513 -4.02182 -0.999072 0.0321673 0.0286597 85.0937 
0.018846 0.0107872 0.999764 31.4774 0.0329014 0.999394 -0.0114034 -4.03967 -0.999281 0.0331086 0.0184796 85.1092 
0.00720984 0.00858335 0.999937 32.3459 0.0331983 0.99941 -0.0088182 -4.08672 -0.999423 0.0332598 0.00692063 85.1074 
-0.00355871 0.00783555 0.999963 33.0382 0.0372811 0.999275 -0.00769748 -4.10367 -0.999298 0.0372523 -0.00384824 85.0882 
-0.0148981 0.00746092 0.999861 33.8096 0.0373809 0.999277 -0.00689958 -4.13323 -0.99919 0.037273 -0.0151662 85.0777 
-0.0265098 0.00817916 0.999615 34.6289 0.0373618 0.999276 -0.00718555 -4.16206 -0.99895 0.0371569 -0.0267961 85.0368 
-0.0368609 0.00879978 0.999282 35.3475 0.0376421 0.999264 -0.0074111 -4.21023 -0.998611 0.0373419 -0.037165 84.9912 
-0.0469592 0.00952275 0.998851 36.0496 0.0388998 0.999213 -0.0076974 -4.23399 -0.998139 0.0384937 -0.0472927 84.9462 
-0.0571147 0.0108419 0.998309 36.7772 0.0396353 0.999177 -0.00858377 -4.23782 -0.997581 0.039078 -0.0574974 84.8856 
-0.0663979 0.0110692 0.997732 37.4913 0.0418901 0.999088 -0.00829648 -4.26768 -0.996914 0.0412442 -0.066801 84.8165 
-0.0763551 0.0108654 0.997021 38.3049 0.0418122 0.999096 -0.00768589 -4.30375 -0.996204 0.0411008 -0.0767404 84.729 
-0.0854294 0.0111309 0.996282 39.0697 0.0437494 0.999015 -0.00741002 -4.30939 -0.995383 0.0429537 -0.0858322 84.6627 
-0.092947 0.00923839 0.995628 39.7067 0.0463847 0.998911 -0.0049386 -4.34252 -0.99459 0.0457229 -0.0932744 84.5941 
-0.0985387 0.00805288 0.995101 40.477 0.049443 0.998772 -0.00318655 -4.3629 -0.993904 0.0488868 -0.0988158 84.4911 
-0.102271 0.00631022 0.994737 41.1133 0.0520018 0.998647 -0.000988635 -4.37217 -0.993396 0.051627 -0.10246 84.4018 
-0.1052 0.0050584 0.994438 41.7212 0.0536996 0.998557 0.000601453 -4.40267 -0.993 0.0534642 -0.10532 84.324 
-0.107517 0.00466282 0.994192 42.4296 0.0537971 0.998551 0.0011346 -4.40309 -0.992747 0.0536066 -0.107612 84.2444 
-0.108614 0.00432289 0.994075 43.0467 0.053186 0.998584 0.00146868 -4.45121 -0.99266 0.0530303 -0.10869 84.1691 
-0.107945 0.00505487 0.994144 43.6378 0.0536676 0.998559 0.000749939 -4.47616 -0.992707 0.0534343 -0.10806 84.0811 
-0.105376 0.0055435 0.994417 44.3359 0.0555435 0.998456 0.00031979 -4.52813 -0.99288 0.0552671 -0.105521 84.0086 
-0.100337 0.00630892 0.994933 44.9129 0.0568833 0.998381 -0.000594189 -4.54162 -0.993326 0.0565354 -0.100534 83.9323 
-0.0924144 0.00760673 0.995692 45.5237 0.0560459 0.998425 -0.00242575 -4.52347 -0.994142 0.0555803 -0.0926952 83.8842 
-0.0823864 0.00825403 0.996566 46.0668 0.0567486 0.998382 -0.00357765 -4.53144 -0.994983 0.056259 -0.0827215 83.8581 
-0.069966 0.0084916 0.997513 46.5454 0.0562974 0.998404 -0.00455046 -4.53167 -0.99596 0.055839 -0.0703324 83.8374 
-0.0521013 0.00935809 0.998598 47.1057 0.0543434 0.998501 -0.00652184 -4.55131 -0.997162 0.0539274 -0.0525317 83.8078 
-0.0319019 0.0121358 0.999417 47.6092 0.0521015 0.998587 -0.0104626 -4.55705 -0.998132 0.0517373 -0.0324891 83.7923 
-0.00852159 0.0144419 0.999859 48.1096 0.050503 0.998626 -0.0139936 -4.60425 -0.998688 0.0503766 -0.00923923 83.7839 
0.0215411 0.0159114 0.999641 48.6546 0.0475907 0.998724 -0.0169223 -4.64163 -0.998635 0.0479382 0.0207563 83.784 
0.0530261 0.0150354 0.99848 49.1219 0.0446186 0.998852 -0.0174106 -4.68692 -0.997596 0.045474 0.0522944 83.8175 
0.0890085 0.0128912 0.995947 49.5727 0.0450758 0.99884 -0.0169571 -4.69288 -0.99501 0.0464025 0.0883241 83.8788 
0.133047 0.00944407 0.991065 50.1028 0.0428206 0.998966 -0.0152679 -4.69757 -0.990184 0.0444694 0.132505 83.963 
0.176625 0.00479109 0.984267 50.5874 0.0398867 0.999132 -0.0120211 -4.72723 -0.98347 0.0413823 0.176281 84.0437 
0.222235 0.00147585 0.974992 51.0459 0.0359524 0.999306 -0.00970747 -4.75973 -0.97433 0.0372107 0.222027 84.1671 
0.276248 0.000331533 0.961086 51.5145 0.0311003 0.999473 -0.00928403 -4.77943 -0.960583 0.0324548 0.276092 84.3225 
0.32808 0.000307845 0.94465 51.9411 0.0299358 0.999494 -0.0107225 -4.79028 -0.944175 0.0317967 0.327905 84.5052 
0.383085 0.000266742 0.923713 52.4034 0.0312769 0.999423 -0.0132598 -4.83892 -0.923183 0.0339705 0.382856 84.7135 
0.445637 0.00314487 0.895208 52.8425 0.0323164 0.999286 -0.0195977 -4.86415 -0.89463 0.0376634 0.445217 84.9625 
0.502624 0.00661469 0.86448 53.2278 0.0335793 0.999067 -0.0271681 -4.87813 -0.863853 0.042684 0.501933 85.2098 
0.56366 0.0110471 0.825933 53.6095 0.0280672 0.999077 -0.0325175 -4.92467 -0.82553 0.0415104 0.562829 85.5256 
0.617166 0.0131862 0.786722 53.9446 0.0244669 0.999054 -0.0359389 -4.96539 -0.786452 0.0414289 0.61626 85.8214 
0.668534 0.0137834 0.743554 54.235 0.0235666 0.998933 -0.0397062 -4.96785 -0.743308 0.044068 0.667496 86.0903 
0.720667 0.0121465 0.693175 54.5759 0.0219151 0.998948 -0.0402888 -4.9993 -0.692935 0.0442258 0.719642 86.4692 
0.764592 0.00961906 0.644442 54.8304 0.0190923 0.999112 -0.0375649 -4.99528 -0.644231 0.0410257 0.76373 86.7831 
0.805153 0.00538265 0.593042 55.0424 0.0167467 0.999354 -0.0318069 -5.01784 -0.59283 0.035541 0.804543 87.0977 
0.844207 0.00457756 0.535997 55.2566 0.0112026 0.999594 -0.0261811 -5.05698 -0.5359 0.0281069 0.843814 87.4835 
0.87444 0.00301521 0.485125 55.4465 0.00790964 0.999759 -0.020471 -5.08957 -0.48507 0.0217378 0.874205 87.8905 
0.89973 0.00328685 0.436435 55.6153 0.00366571 0.999879 -0.0150872 -5.1272 -0.436432 0.0151743 0.899609 88.291 
0.922343 0.00496273 0.38634 55.817 -0.000492401 0.999932 -0.0116691 -5.15526 -0.386371 0.0105727 0.922283 88.7257 
0.937711 0.0115443 0.347226 55.9624 -0.00892162 0.999918 -0.00915094 -5.15951 -0.347303 0.00548311 0.937737 89.1614 
0.95074 0.0146732 0.309642 56.1047 -0.011883 0.99987 -0.0108953 -5.16611 -0.309761 0.00667918 0.950791 89.6675 
0.960034 0.0183522 0.279282 56.2342 -0.0156859 0.999808 -0.0117788 -5.15946 -0.279445 0.00692722 0.960137 90.1263 
0.966375 0.0128259 0.256816 56.3657 -0.0100484 0.999876 -0.0121246 -5.16348 -0.25694 0.00913629 0.966384 90.5944 
0.970788 0.00868928 0.239782 56.4761 -0.00617224 0.999918 -0.0112462 -5.18603 -0.23986 0.00943769 0.970762 91.084 
0.973627 0.012356 0.227811 56.5614 -0.00984649 0.999878 -0.0121489 -5.17915 -0.227934 0.00958535 0.97363 91.5427 
0.97575 0.0176608 0.218176 56.6494 -0.0155462 0.999814 -0.0114051 -5.20345 -0.218337 0.00773671 0.975843 92.0658 
0.976816 0.0249643 0.21262 56.7557 -0.0228146 0.999661 -0.0125582 -5.21459 -0.212861 0.00741625 0.977054 92.6178 
0.97732 0.0307616 0.209522 56.8676 -0.0278937 0.999473 -0.0166295 -5.22684 -0.209923 0.010408 0.977662 93.147 
0.977508 0.0306523 0.208659 56.9836 -0.0272247 0.999443 -0.0192795 -5.23805 -0.209134 0.0131651 0.977798 93.6993 
0.977222 0.0287784 0.210258 57.0979 -0.0246999 0.999453 -0.0219988 -5.25742 -0.210776 0.0163044 0.977398 94.143 
0.976482 0.0273131 0.213862 57.2705 -0.0214965 0.999334 -0.0294772 -5.28386 -0.214525 0.0241867 0.976419 94.8058 
0.975681 0.0278936 0.217415 57.4142 -0.0209022 0.99919 -0.0343913 -5.30465 -0.218198 0.0290105 0.975473 95.3552 
0.974609 0.032376 0.221559 57.529 -0.0256332 0.999119 -0.0332424 -5.33838 -0.22244 0.0267191 0.97458 95.8661 
0.973104 0.0358873 0.227553 57.6664 -0.029979 0.999119 -0.0293689 -5.36436 -0.228407 0.0217572 0.973323 96.4908 
0.972115 0.0323675 0.232258 57.813 -0.0274866 0.999329 -0.0242216 -5.42219 -0.232887 0.0171622 0.972352 97.0785 
0.971217 0.0275981 0.236591 57.9713 -0.0240871 0.999553 -0.0177185 -5.45317 -0.236974 0.0115098 0.971448 97.7557 
0.970417 0.0261151 0.240018 58.1019 -0.0237177 0.999636 -0.012872 -5.48558 -0.240266 0.00679853 0.970683 98.2923 
0.96989 0.019582 0.242757 58.2644 -0.0173566 0.999785 -0.0113025 -5.51955 -0.242926 0.00674873 0.970021 98.8882 
0.969913 0.0157141 0.242945 58.4384 -0.012603 0.999818 -0.0143545 -5.54453 -0.243126 0.0108608 0.969934 99.5623 
0.970104 0.0147645 0.242239 58.5986 -0.0101926 0.999746 -0.020116 -5.56519 -0.242475 0.0170456 0.970008 100.156 
0.970316 0.015197 0.241364 58.7588 -0.00873051 0.999574 -0.0278383 -5.57861 -0.241685 0.0249047 0.970035 100.766 
0.970626 0.0204021 0.239725 58.9063 -0.0130312 0.999394 -0.0322925 -5.61901 -0.240239 0.02822 0.970304 101.486 
0.971252 0.0202506 0.23719 59.0743 -0.0139714 0.999507 -0.0281246 -5.64899 -0.237643 0.0240022 0.971056 102.125 
0.971679 0.015276 0.235811 59.2584 -0.0108015 0.999736 -0.0202549 -5.6821 -0.236059 0.0171342 0.971588 102.892 
0.972294 0.016545 0.233176 59.4242 -0.0137409 0.999812 -0.0136454 -5.71871 -0.233358 0.0100633 0.972339 103.539 
0.972636 0.0211544 0.231368 59.5787 -0.0183319 0.999729 -0.0143426 -5.74294 -0.231609 0.00970872 0.972761 104.224 
0.972958 0.0268738 0.229413 59.7409 -0.0231226 0.999552 -0.0190244 -5.77084 -0.229821 0.0132053 0.973143 104.974 
0.973779 0.0287347 0.225674 59.9111 -0.0239428 0.999427 -0.023943 -5.81056 -0.226232 0.0179119 0.973909 105.714 
0.974707 0.0274275 0.221795 60.0681 -0.0219563 0.999392 -0.0270964 -5.82881 -0.222403 0.0215413 0.974717 106.399 
0.97571 0.0256098 0.217565 60.2738 -0.0206579 0.999474 -0.025005 -5.87845 -0.218091 0.0199032 0.975726 107.241 
0.976583 0.0211186 0.214104 60.4366 -0.0165002 0.999592 -0.023335 -5.92186 -0.214509 0.0192558 0.976532 107.948 
0.977112 0.0184198 0.211926 60.5817 -0.0145458 0.999698 -0.0198245 -5.96616 -0.212227 0.0162881 0.977085 108.568 
0.977582 0.0152596 0.210001 60.7826 -0.0120099 0.999788 -0.0167409 -6.02098 -0.210212 0.0138435 0.977558 109.409 
0.977863 0.00924301 0.209042 60.9646 -0.00604124 0.999855 -0.0159497 -6.0303 -0.209159 0.0143337 0.977777 110.209 
0.978043 0.00858674 0.208228 61.1476 -0.00570549 0.99988 -0.0144337 -6.06022 -0.208327 0.0129287 0.977974 111.036 
0.977903 0.0133 0.208637 61.2969 -0.0101061 0.999815 -0.0163668 -6.08709 -0.208816 0.0138966 0.977856 111.77 
0.97779 0.018708 0.208752 61.4575 -0.0150043 0.999701 -0.0193116 -6.12679 -0.209051 0.0157505 0.977778 112.494 
0.977454 0.0265276 0.209475 61.6348 -0.0226771 0.999527 -0.0207626 -6.15337 -0.209926 0.0155442 0.977594 113.345 
0.976758 0.0328736 0.21181 61.7981 -0.0292326 0.999366 -0.0202994 -6.17928 -0.212343 0.0136358 0.9771 114.133 
0.976064 0.0356141 0.214545 61.9678 -0.0325888 0.999313 -0.0176225 -6.20496 -0.215026 0.0102089 0.976555 114.883 
0.97563 0.0353634 0.216556 62.1829 -0.0322714 0.999321 -0.0177986 -6.25328 -0.217038 0.0103762 0.976108 115.794 
0.975236 0.0350703 0.218369 62.3845 -0.0312059 0.99929 -0.0211213 -6.2875 -0.218955 0.0137838 0.975638 116.717 
0.975095 0.0285435 0.219944 62.5574 -0.0248331 0.999499 -0.0196171 -6.31027 -0.220393 0.0136667 0.975315 117.499 
0.975237 0.0220897 0.220056 62.7594 -0.0182339 0.999643 -0.0195379 -6.35258 -0.220409 0.0150416 0.975292 118.364 
0.97492 0.0194976 0.221699 62.9402 -0.0154688 0.999682 -0.0198944 -6.36343 -0.222017 0.0159661 0.974912 119.206 
0.974507 0.0227545 0.223198 63.0959 -0.0196112 0.999675 -0.0162898 -6.44368 -0.223496 0.0114973 0.974637 119.963 
0.974312 0.0236945 0.223951 63.2695 -0.0218311 0.999703 -0.0107931 -6.46614 -0.22414 0.00562677 0.974541 120.741 
0.973992 0.0277279 0.224877 63.4373 -0.0272163 0.999615 -0.00537542 -6.46759 -0.22494 -0.000884702 0.974372 121.488 
0.973669 0.0270634 0.226353 63.6522 -0.0250956 0.999618 -0.0115674 -6.50448 -0.22658 0.00558233 0.973977 122.459 
0.973886 0.0239826 0.225769 63.8708 -0.0189663 0.999523 -0.0243616 -6.56141 -0.226246 0.0194434 0.973876 123.221 
0.974103 0.0192484 0.225283 64.0494 -0.0117323 0.99933 -0.0346542 -6.60711 -0.225799 0.0311137 0.973677 123.941 
0.974424 0.0172587 0.224052 64.2481 -0.0112512 0.999543 -0.0280621 -6.66117 -0.224434 0.0248235 0.974173 124.746 
0.97464 0.0112846 0.223493 64.4222 -0.0103004 0.999931 -0.00556908 -6.71792 -0.223541 0.00312577 0.97469 125.528 
0.974886 0.00613149 0.22262 64.6115 -0.00935539 0.999866 0.0134299 -6.75181 -0.222508 -0.0151753 0.974813 126.422 
0.974927 0.00970496 0.222312 64.7769 -0.0116685 0.999904 0.00752052 -6.78535 -0.222218 -0.00992601 0.974946 127.147 
0.975189 0.0156003 0.220823 64.9545 -0.0143175 0.99987 -0.00740871 -6.81005 -0.22091 0.00406325 0.975286 127.924 
0.975342 0.0159554 0.22012 65.1451 -0.01269 0.999788 -0.0162407 -6.84308 -0.220332 0.013047 0.975338 128.776 
0.975848 0.0120696 0.218115 65.3244 -0.00857328 0.999819 -0.016969 -6.8745 -0.218281 0.0146892 0.975775 129.481 
0.976524 0.0126951 0.215035 65.5113 -0.0101274 0.999864 -0.0130386 -6.91414 -0.215172 0.0105548 0.976519 130.241 
0.977346 0.0139913 0.211186 65.7038 -0.0113552 0.999842 -0.0136903 -6.96254 -0.211344 0.0109821 0.97735 131.079 
0.978476 0.0130871 0.205945 65.8737 -0.0100616 0.999826 -0.0157312 -6.97694 -0.206115 0.0133205 0.978437 131.812 
0.979041 0.0179108 0.202874 66.029 -0.0155152 0.99979 -0.0133926 -7.03193 -0.203071 0.00996426 0.979113 132.583 
0.979382 0.0243552 0.200544 66.1838 -0.0218738 0.999654 -0.0145802 -7.0707 -0.20083 0.00989292 0.979576 133.31 
0.979669 0.0283162 0.19861 66.3554 -0.0263526 0.999574 -0.0125236 -7.07919 -0.19888 0.00703513 0.979999 134.099 
0.980063 0.0266786 0.196886 66.5325 -0.0257087 0.999641 -0.00748089 -7.09315 -0.197015 0.00227007 0.980398 134.895 
0.980206 0.0253791 0.196346 66.6537 -0.0243257 0.999674 -0.00777533 -7.08861 -0.196479 0.00284518 0.980504 135.59 
0.980776 0.0228953 0.19379 66.8032 -0.0210474 0.999711 -0.0115894 -7.09635 -0.193999 0.00728785 0.980975 136.32 
0.981729 0.0185785 0.189376 66.9601 -0.0161982 0.999769 -0.0141098 -7.14129 -0.189594 0.0107845 0.981803 137.09 
0.983009 0.0155175 0.182902 67.1342 -0.0127636 0.999787 -0.0162245 -7.15802 -0.183115 0.0136143 0.982997 137.935 
0.984204 0.0137289 0.176505 67.2775 -0.0118631 0.999862 -0.0116222 -7.18491 -0.17664 0.0093447 0.984231 138.789 
0.985395 0.0108098 0.169942 67.4099 -0.0106063 0.999942 -0.00210517 -7.20968 -0.169955 0.000271967 0.985452 139.577 
0.986104 0.00621539 0.166012 67.5318 -0.00736007 0.999953 0.00628082 -7.21008 -0.165965 -0.0074154 0.986104 140.341 
0.986793 0.013966 0.161382 67.6658 -0.0158921 0.999817 0.0106505 -7.22506 -0.161204 -0.0130746 0.986835 141.2 
0.987447 0.0164511 0.157094 67.7556 -0.017444 0.999836 0.00494355 -7.22881 -0.156987 -0.00762184 0.987571 141.916 
0.988678 0.0149142 0.149311 67.8837 -0.014245 0.999883 -0.00555076 -7.22015 -0.149376 0.00336099 0.988775 142.596 
0.989759 0.00988259 0.142409 67.968 -0.00827621 0.999895 -0.0118679 -7.23722 -0.142512 0.0105677 0.989737 143.236 
0.990708 0.00875673 0.135724 68.0775 -0.00743551 0.99992 -0.0102385 -7.28796 -0.135803 0.0091342 0.990694 144.035 
0.991675 0.0163843 0.127716 68.1787 -0.0157755 0.999859 -0.00577703 -7.31916 -0.127793 0.00371415 0.991794 144.788 
0.992693 0.0233524 0.118389 68.2887 -0.0227686 0.999721 -0.00628205 -7.36212 -0.118503 0.00354059 0.992947 145.579 
0.993771 0.0241262 0.108794 68.3635 -0.0230128 0.999669 -0.011478 -7.39624 -0.109035 0.00890282 0.993998 146.364 
0.994642 0.0222379 0.100955 68.4294 -0.0209294 0.999683 -0.0140021 -7.40943 -0.101234 0.0118141 0.994793 147.182 
0.995531 0.0225171 0.0917078 68.5303 -0.0214919 0.999695 -0.0121512 -7.42778 -0.0919535 0.0101259 0.995712 147.993 
0.996145 0.0256901 0.0838756 68.5957 -0.0253599 0.999666 -0.00499983 -7.43637 -0.083976 0.00285347 0.996464 148.764 
0.996761 0.0280166 0.0753823 68.6581 -0.028155 0.999603 0.000773537 -7.43289 -0.0753307 -0.00289342 0.997154 149.619 
0.997229 0.0290562 0.0684821 68.6922 -0.0294531 0.999555 0.00479247 -7.45786 -0.0683124 -0.00679619 0.997641 150.377 
0.997581 0.0300663 0.0626809 68.7298 -0.0305025 0.999517 0.00601382 -7.46194 -0.0624698 -0.00791119 0.998016 151.194 
0.997915 0.0295581 0.0573773 68.7975 -0.0298843 0.999542 0.00483457 -7.46542 -0.0572081 -0.00653917 0.998341 152.103 
0.998119 0.0313683 0.0526702 68.8383 -0.0313494 0.999508 -0.00118425 -7.48556 -0.0526814 -0.000469161 0.998611 152.81 
0.998078 0.0371082 0.0496266 68.8317 -0.0368364 0.999301 -0.00638096 -7.50856 -0.0498287 0.00454063 0.998747 153.589 
0.998153 0.0389534 0.0466158 68.8567 -0.0385046 0.999203 -0.0104878 -7.51294 -0.0469872 0.00867354 0.998858 154.378 
0.998241 0.0407255 0.0430743 68.8965 -0.0406126 0.999169 -0.00349426 -7.54007 -0.0431808 0.00173876 0.999066 155.118 
0.998194 0.0435151 0.0414148 68.8974 -0.0438247 0.999017 0.00659518 -7.53608 -0.0410871 -0.00839826 0.99912 155.935 
0.998278 0.0446428 0.0380467 68.9221 -0.0452192 0.998873 0.0144267 -7.54035 -0.0373597 -0.0161223 0.999172 156.698 
0.998458 0.0441749 0.0336302 68.9321 -0.0446437 0.998914 0.0133191 -7.59163 -0.0330053 -0.0147999 0.999346 157.516 
0.999087 0.0328963 0.0272714 68.9798 -0.0330362 0.999443 0.00469755 -7.61079 -0.0271017 -0.00559421 0.999617 158.394 
0.999434 0.0273012 0.0196464 69.0232 -0.0272494 0.999624 -0.00289869 -7.5884 -0.0197182 0.0023617 0.999803 159.115 
0.999414 0.0311952 0.0140952 68.9794 -0.0311923 0.999513 -0.000427274 -7.61324 -0.0141017 -1.26387e-05 0.999901 159.977 
0.999529 0.0300612 0.00621656 68.9827 -0.030092 0.999535 0.00492356 -7.61601 -0.00606566 -0.00510831 0.999969 160.883 
0.999658 0.0261285 -0.0011286 68.995 -0.0261159 0.999608 0.0100639 -7.62587 0.00139111 -0.010031 0.999949 161.69 
0.999817 0.0178919 -0.00680412 68.9968 -0.0178023 0.999757 0.013006 -7.64707 0.00703517 -0.0128825 0.999892 162.459 
0.999828 0.0130561 -0.0132037 68.9831 -0.0128709 0.999819 0.0140136 -7.65146 0.0133843 -0.0138412 0.999815 163.308 
0.999763 0.0100402 -0.0192987 68.9783 -0.00987127 0.999912 0.0088276 -7.67401 0.0193856 -0.00863501 0.999775 164.175 
0.999624 0.00182629 -0.0273656 68.9739 -0.0018717 0.999997 -0.00163402 -7.68674 0.0273625 0.00168462 0.999624 164.981 
0.999397 -0.00928927 -0.0334673 68.929 0.00901759 0.999925 -0.00825944 -7.72215 0.0335415 0.00795266 0.999406 165.767 
0.999201 -0.00621551 -0.039487 68.8892 0.00621805 0.999981 -5.83126e-05 -7.7226 0.0394866 -0.000187266 0.99922 166.599 
0.998975 0.0060356 -0.0448702 68.8368 -0.00538702 0.999879 0.0145616 -7.74613 0.0449527 -0.0143049 0.998887 167.444 
0.998696 0.0126974 -0.0494541 68.7775 -0.0115502 0.999659 0.0234141 -7.77693 0.0497346 -0.0228123 0.998502 168.233 
0.998515 0.0105839 -0.0534434 68.7381 -0.00943213 0.999719 0.021757 -7.78618 0.0536587 -0.0212206 0.998334 168.966 
0.998399 0.0112776 -0.0554279 68.6769 -0.0106789 0.999882 0.0110851 -7.79389 0.0555463 -0.0104754 0.998401 169.737 
0.998043 0.0216016 -0.0586807 68.6326 -0.0215399 0.999767 0.00168355 -7.80626 0.0587034 -0.000416277 0.998275 170.51 
0.997928 0.0203624 -0.061029 68.5829 -0.0205285 0.999787 -0.00209579 -7.78989 0.0609733 0.00334429 0.998134 171.356 
0.997837 0.0161306 -0.0637312 68.5349 -0.0159954 0.999869 0.0026309 -7.84024 0.0637652 -0.0016058 0.997964 172.257 
0.997729 0.0172778 -0.0650971 68.5287 -0.0166045 0.999803 0.0108698 -7.81739 0.0652721 -0.00976423 0.99782 173.075 
0.997697 0.0210734 -0.0644753 68.4529 -0.0199587 0.999641 0.0178842 -7.83707 0.0648291 -0.0165562 0.997759 174.094 
0.99762 0.0179775 -0.066565 68.4006 -0.0169657 0.999732 0.0157341 -7.83504 0.06683 -0.0145673 0.997658 174.934 
0.997517 0.0157104 -0.0686443 68.3367 -0.0151717 0.99985 0.00836255 -7.84542 0.0687654 -0.00730034 0.997606 175.761 
0.997454 0.00601227 -0.0710549 68.2838 -0.00630833 0.999972 -0.003943 -7.84653 0.0710293 0.0043812 0.997465 176.684 
0.997295 -0.00509635 -0.0733279 68.2309 0.00451469 0.999957 -0.00809593 -7.88056 0.073366 0.00774298 0.997275 177.483 
0.997213 -0.00451054 -0.074469 68.1667 0.00434495 0.999988 -0.00238551 -7.91952 0.0744789 0.0020553 0.99722 178.371 
0.997106 0.00108511 -0.0760175 68.1142 -0.000526926 0.999973 0.00736255 -7.957 0.0760234 -0.00730119 0.997079 179.13 
0.996968 0.00361993 -0.077725 68.0451 -0.00262235 0.999913 0.012933 -7.97373 0.0777651 -0.01269 0.996891 179.948 
0.996885 0.00453971 -0.0787348 67.9822 -0.00380696 0.999948 0.0094541 -8.02554 0.0787737 -0.00912491 0.996851 180.846 
0.996841 0.00387134 -0.0793297 67.9383 -0.00361283 0.999988 0.00340203 -8.06036 0.0793419 -0.00310468 0.996843 181.602 
0.996795 0.0110203 -0.0792366 67.8589 -0.0108831 0.999938 0.00216314 -8.07678 0.0792555 -0.00129387 0.996853 182.312 
0.996731 0.0152695 -0.0793392 67.7692 -0.0147897 0.999869 0.00663125 -8.09634 0.0794301 -0.00543617 0.996826 183.248 
0.996577 0.0178532 -0.0807181 67.7216 -0.0171 0.999804 0.0100128 -8.11767 0.080881 -0.00859826 0.996687 184.003 
0.996508 0.0225499 -0.0804 67.6415 -0.0215501 0.99968 0.0132819 -8.12496 0.0806738 -0.0115029 0.996674 184.663 
0.996349 0.0255418 -0.0814589 67.5838 -0.0246095 0.99962 0.0124294 -8.10812 0.0817454 -0.0103793 0.996599 185.546 
0.996413 0.0223348 -0.081622 67.4999 -0.0215652 0.999714 0.0102983 -8.11998 0.0818287 -0.00850114 0.99661 186.285 
0.99632 0.0235407 -0.0824118 67.4073 -0.0232935 0.999721 0.00396028 -8.12205 0.082482 -0.00202605 0.99659 187.138 
