1 0 0 0 0 1 0 0 0 0 1 0 
0.999989 0.000774045 0.00470689 -0.00219474 -0.000766508 0.999998 -0.00160304 -0.0199727 -0.00470813 0.00159942 0.999988 0.295873 
0.999935 0.00291491 0.0110622 -0.00601702 -0.00286712 0.999987 -0.00433277 -0.0348588 -0.0110747 0.00430077 0.999929 0.573946 
0.999827 0.00532134 0.0178134 -0.00535754 -0.00520971 0.999967 -0.00630748 -0.0532469 -0.0178463 0.00621358 0.999821 0.835454 
0.99962 0.00782734 0.0264362 -0.00937757 -0.00758028 0.999927 -0.00943285 -0.068003 -0.0265081 0.00922887 0.999606 1.08387 
0.99929 0.00931971 0.0365086 -7.94275e-05 -0.00896682 0.999912 -0.00981795 -0.088294 -0.0365969 0.00948361 0.999285 1.35518 
0.998766 0.00996721 0.048647 0.0111005 -0.00949329 0.999905 -0.00996346 -0.102449 -0.0487417 0.00948935 0.998766 1.59839 
0.998001 0.00965141 0.0624498 0.0319572 -0.00915266 0.999924 -0.00826768 -0.122142 -0.0625248 0.00767957 0.998014 1.86145 
0.99686 0.00881268 0.0786862 0.0574953 -0.00838052 0.999948 -0.00582062 -0.147901 -0.0787334 0.00514292 0.996882 2.1019 
0.99513 0.00918062 0.0981431 0.0899683 -0.00863587 0.999945 -0.00597387 -0.163117 -0.0981926 0.00509723 0.995154 2.34801 
0.992572 0.010752 0.121179 0.126422 -0.0101065 0.999931 -0.00593967 -0.183557 -0.121234 0.00467085 0.992613 2.57354 
0.988805 0.0123728 0.148698 0.171528 -0.0114203 0.999908 -0.00725795 -0.200192 -0.148775 0.00547853 0.988856 2.78786 
0.983538 0.0133505 0.18021 0.23118 -0.0118041 0.999884 -0.00965093 -0.217453 -0.180318 0.00736485 0.983581 3.00608 
0.976141 0.0122714 0.216791 0.304336 -0.010464 0.9999 -0.00948291 -0.228732 -0.216886 0.00698815 0.976172 3.23182 
0.966217 0.0112971 0.257482 0.396576 -0.0103591 0.999934 -0.00499927 -0.240504 -0.257522 0.00216311 0.96627 3.47129 
0.953685 0.0110464 0.300603 0.496755 -0.011249 0.999936 -0.00105697 -0.245754 -0.300595 -0.00237347 0.953749 3.69508 
0.937834 0.0100785 0.346937 0.611343 -0.0108503 0.999941 0.000282183 -0.259839 -0.346914 -0.00402903 0.937888 3.9059 
0.917514 0.00877081 0.397607 0.73933 -0.00906871 0.999958 -0.00113121 -0.273583 -0.3976 -0.00256788 0.917555 4.09867 
0.892707 0.00408013 0.450619 0.894816 -0.00399425 0.999991 -0.00114153 -0.284402 -0.450619 -0.000780833 0.892716 4.27767 
0.862783 -0.00289369 0.505567 1.07159 0.00148924 0.999994 0.00318214 -0.295621 -0.505573 -0.00199259 0.862782 4.47577 
0.827615 -0.00734736 0.561248 1.25452 0.00333047 0.999961 0.00817949 -0.31178 -0.561287 -0.00490025 0.827607 4.66359 
0.788592 -0.00691658 0.614878 1.45864 0.00276856 0.999967 0.00769761 -0.318015 -0.614911 -0.00436795 0.788585 4.8452 
0.744157 -0.00648805 0.667974 1.68554 0.000973114 0.999962 0.00862857 -0.314681 -0.668004 -0.00577099 0.744135 5.03115 
0.696012 -0.0107858 0.717949 1.92691 0.00127881 0.999904 0.0137819 -0.314691 -0.718029 -0.00867427 0.695959 5.19629 
0.644326 -0.0142379 0.764619 2.18921 0.00393855 0.999875 0.0152997 -0.307742 -0.764741 -0.00684652 0.644301 5.34388 
0.589446 -0.0170958 0.807627 2.48497 0.0106215 0.999854 0.0134128 -0.301022 -0.807738 0.000672114 0.589541 5.47893 
0.530314 -0.0186282 0.847597 2.7871 0.0134332 0.999818 0.0135689 -0.298769 -0.847695 0.00419011 0.530468 5.60779 
0.468098 -0.0212374 0.883421 3.10165 0.0136202 0.999766 0.0168173 -0.297065 -0.883572 0.00416026 0.468278 5.71727 
0.401832 -0.0211511 0.915469 3.41647 0.00938214 0.999776 0.0189807 -0.288817 -0.915665 0.000961988 0.401941 5.82263 
0.334122 -0.0239973 0.942224 3.74446 0.00720419 0.999712 0.0229068 -0.281781 -0.942502 -0.000865702 0.334199 5.90291 
0.266205 -0.0313493 0.963406 4.09298 0.00865454 0.999508 0.0301326 -0.279956 -0.963877 0.000316372 0.266346 5.9581 
0.197208 -0.0336289 0.979785 4.49436 0.00460886 0.999432 0.0333756 -0.274387 -0.980351 -0.00206625 0.197251 6.00065 
0.130884 -0.0344658 0.990798 4.83068 -0.00440181 0.999365 0.0353453 -0.275972 -0.991388 -0.00898742 0.130649 6.00647 
0.0679429 -0.0365351 0.99702 5.23677 -0.0143869 0.999189 0.037595 -0.263915 -0.997585 -0.0168984 0.0673622 6.01272 
0.00324539 -0.0259225 0.999659 5.62128 -0.00666972 0.999641 0.0259437 -0.272906 -0.999972 -0.00675164 0.00307133 5.95067 
-0.0585887 -0.0171856 0.998134 5.96985 0.00320628 0.999843 0.0174032 -0.290504 -0.998277 0.00421993 -0.0585244 5.899 
-0.114142 -0.0138829 0.993367 6.41146 0.00370483 0.999889 0.0143998 -0.282107 -0.993458 0.00532388 -0.114078 5.81328 
-0.164083 -0.0194238 0.986255 6.88012 -0.00423255 0.999811 0.0189866 -0.263842 -0.986438 -0.001059 -0.164134 5.72987 
-0.206036 -0.0375201 0.977825 7.30433 -0.000422517 0.999268 0.0382539 -0.287922 -0.978544 0.00746852 -0.205901 5.62268 
-0.241733 -0.0453521 0.969282 7.74785 0.00637532 0.998811 0.0483237 -0.293063 -0.970322 0.0178609 -0.241157 5.48427 
-0.272752 -0.0379922 0.961334 8.16848 0.00675717 0.99912 0.0414027 -0.273004 -0.962061 0.0177886 -0.272255 5.32625 
-0.298126 -0.0313884 0.95401 8.61624 0.00445861 0.999402 0.0342752 -0.248544 -0.954516 0.0144719 -0.297808 5.18549 
-0.317929 -0.0339263 0.947507 9.11207 0.00177495 0.999337 0.0363777 -0.242692 -0.948113 0.0132473 -0.317658 5.02169 
-0.335953 -0.0377456 0.941122 9.63164 0.000416352 0.999191 0.0402232 -0.247454 -0.941879 0.0139049 -0.335665 4.84717 
-0.351948 -0.0383843 0.935232 10.223 6.97186e-05 0.999158 0.0410342 -0.238679 -0.936019 0.0145071 -0.351649 4.63114 
-0.366664 -0.0386804 0.929549 10.761 0.000212341 0.999132 0.0416596 -0.232151 -0.930353 0.0154725 -0.366338 4.41917 
-0.379981 -0.0397318 0.92414 11.3168 -5.37801e-05 0.999078 0.0429315 -0.205225 -0.924994 0.0162635 -0.379633 4.19854 
-0.39163 -0.04558 0.918993 11.848 -0.00085194 0.99879 0.0491747 -0.213895 -0.920122 0.0184754 -0.391195 3.97591 
-0.403296 -0.0468239 0.913871 12.4352 -0.00189724 0.998731 0.0503346 -0.195392 -0.915068 0.0185659 -0.402873 3.732 
-0.414491 -0.047641 0.908805 12.9299 -0.00460245 0.998726 0.0502556 -0.195522 -0.910042 0.0166478 -0.414182 3.52103 
-0.425061 -0.0463502 0.903977 13.5018 -0.00521956 0.998797 0.0487576 -0.187595 -0.90515 0.0160066 -0.424792 3.25524 
-0.43462 -0.0450503 0.899486 14.0609 -0.00836172 0.998907 0.0459895 -0.171931 -0.900575 0.0124667 -0.434522 3.00165 
-0.442288 -0.0425799 0.895862 14.6317 -0.00729288 0.99901 0.043882 -0.151394 -0.896843 0.0128751 -0.442161 2.72147 
-0.44991 -0.0473622 0.891817 15.2 -0.00923392 0.998786 0.0483847 -0.137838 -0.893026 0.0135338 -0.449801 2.43497 
-0.456056 -0.0512487 0.888474 15.542 -0.0127478 0.998614 0.0510582 -0.181931 -0.88986 0.0119593 -0.456077 2.23389 
-0.461549 -0.0474259 0.885846 16.125 -0.0152466 0.998847 0.0455318 -0.164001 -0.886984 0.00750905 -0.46174 1.95798 
-0.46492 -0.0460388 0.884155 16.7233 -0.0150344 0.998914 0.0441088 -0.152645 -0.885225 0.00721434 -0.465107 1.65469 
-0.466532 -0.046683 0.883272 17.2269 -0.0135418 0.998866 0.0456398 -0.152564 -0.884401 0.00933129 -0.466635 1.41338 
-0.467075 -0.0498835 0.882809 17.7365 -0.0117648 0.99867 0.0502058 -0.168296 -0.884139 0.0130638 -0.467041 1.17989 
-0.46453 -0.0519112 0.884035 18.1868 -0.0139529 0.998586 0.051306 -0.162317 -0.885448 0.0114983 -0.464597 0.947538 
-0.461422 -0.0510253 0.885712 18.8028 -0.0137303 0.998636 0.0503778 -0.158463 -0.887074 0.0110844 -0.461493 0.638539 
-0.457842 -0.0517057 0.887529 19.2563 -0.0130932 0.998591 0.0514216 -0.191157 -0.888937 0.0119223 -0.457874 0.396402 
-0.455119 -0.0536479 0.888813 19.6467 -0.0116845 0.998457 0.0542829 -0.191928 -0.890354 0.0143198 -0.455044 0.2094 
-0.453498 -0.0501514 0.889845 20.0689 0.000455086 0.998402 0.0565015 -0.203592 -0.891257 0.0260283 -0.452751 0.0344183 
-0.449583 -0.0434238 0.892183 20.4685 0.0134248 0.998376 0.0553574 -0.232639 -0.893138 0.036865 -0.44827 -0.232638 
-0.44772 -0.0587393 0.892242 20.9526 -0.00646383 0.998027 0.0624599 -0.220746 -0.894151 0.0221972 -0.447216 -0.461499 
-0.446182 -0.0779875 0.891538 21.337 -0.0326866 0.996951 0.0708502 -0.202602 -0.894345 0.00247077 -0.447371 -0.584383 
-0.443152 -0.0714006 0.893598 21.7706 -0.0155251 0.997285 0.0719862 -0.206972 -0.896312 0.0180276 -0.443057 -0.831488 
-0.446161 -0.0463232 0.893753 22.1779 -0.0187331 0.998924 0.0424226 -0.222698 -0.894756 0.00218451 -0.446549 -0.98586 
-0.450182 -0.0453877 0.891783 22.8383 -0.0381801 0.998772 0.0315592 -0.210144 -0.89212 -0.019841 -0.451362 -1.25871 
-0.448045 -0.0662271 0.891555 23.4745 -0.0371568 0.99777 0.0554442 -0.198199 -0.893238 -0.00828582 -0.449507 -1.56617 
-0.447917 -0.0979441 0.888694 23.8579 -0.0297273 0.995063 0.0946841 -0.208937 -0.893581 0.0159921 -0.448617 -1.73879 
-0.449829 -0.0982898 0.88769 24.2623 -0.0271836 0.994972 0.0963936 -0.212206 -0.892701 0.01923 -0.450239 -1.91831 
-0.451437 -0.0783004 0.888861 24.6516 -0.0284924 0.996899 0.0733467 -0.229464 -0.891848 0.00778557 -0.452268 -2.06865 
-0.451972 -0.0711492 0.88919 25.2384 -0.0317296 0.997466 0.0636849 -0.209608 -0.891468 0.000570121 -0.453084 -2.34394 
-0.45262 -0.0803781 0.888073 25.7852 -0.0304748 0.996742 0.0746815 -0.195394 -0.891182 0.00673851 -0.453595 -2.5887 
-0.452109 -0.087245 0.887686 26.2706 -0.0322726 0.996153 0.0814687 -0.188457 -0.891379 0.00818479 -0.453186 -2.90562 
-0.454398 -0.0849596 0.886738 26.7504 -0.0329074 0.996363 0.0785999 -0.180736 -0.890191 0.00653545 -0.455541 -3.16952 
-0.457189 -0.0812825 0.885647 27.2999 -0.0323582 0.996676 0.0747685 -0.160716 -0.888781 0.00552538 -0.458299 -3.43344 
-0.459516 -0.080501 0.884514 27.6717 -0.0319649 0.996738 0.0741085 -0.176045 -0.887594 0.00578059 -0.46059 -3.62677 
-0.463365 -0.0800487 0.882544 28.0497 -0.0321099 0.996774 0.0735508 -0.151345 -0.885585 0.00574245 -0.464441 -3.80324 
-0.467484 -0.0765334 0.880682 28.4764 -0.0281065 0.997028 0.0717246 -0.137854 -0.883555 0.00877719 -0.468246 -4.02504 
-0.470976 -0.0773323 0.87875 28.9363 -0.0274396 0.996952 0.0730279 -0.161225 -0.881719 0.0102818 -0.471662 -4.25586 
-0.473973 -0.081254 0.876783 29.3483 -0.0280499 0.996621 0.0771966 -0.165259 -0.880093 0.0119954 -0.47465 -4.48734 
-0.476246 -0.0828739 0.875398 29.7582 -0.0268162 0.996454 0.0797454 -0.161174 -0.878903 0.0145036 -0.47678 -4.68092 
-0.478551 -0.0821359 0.874209 30.2515 -0.0249161 0.996485 0.0799849 -0.147499 -0.877706 0.016495 -0.478916 -4.93472 
-0.482652 -0.0820683 0.871959 30.7244 -0.0264863 0.996512 0.0791303 -0.146838 -0.875412 0.0150974 -0.483142 -5.12212 
-0.481736 -0.0810249 0.872563 31.124 -0.0266556 0.99661 0.0778273 -0.0971203 -0.875911 0.0142335 -0.482263 -5.36675 
-0.479932 -0.0820578 0.87346 31.5203 -0.0253142 0.996497 0.0797074 -0.107892 -0.87694 0.0161432 -0.480328 -5.56218 
-0.474971 -0.0821133 0.876162 32.0581 -0.0240897 0.996477 0.08033 -0.10023 -0.879672 0.0170479 -0.475276 -5.8437 
-0.46936 -0.0831208 0.879086 32.4221 -0.0241654 0.996396 0.0813105 -0.131223 -0.882676 0.0169204 -0.469677 -6.04381 
-0.464148 -0.0843934 0.881728 32.9756 -0.0260326 0.99632 0.0816578 -0.101837 -0.885375 0.0149476 -0.464637 -6.30447 
-0.459039 -0.0832496 0.884507 33.5216 -0.0261026 0.996434 0.0802374 -0.0599235 -0.888033 0.0137441 -0.459575 -6.56053 
-0.453199 -0.0836511 0.887476 33.9155 -0.0259688 0.996404 0.0806571 -0.0715533 -0.891031 0.0135071 -0.453742 -6.74298 
-0.446814 -0.0815077 0.890906 34.5242 -0.0232987 0.996563 0.0794892 -0.0529944 -0.894324 0.0147599 -0.447177 -7.03597 
-0.439286 -0.0811202 0.894677 35.1295 -0.0227702 0.9966 0.0791814 -0.0353824 -0.898058 0.0144114 -0.43964 -7.30876 
-0.431915 -0.0817825 0.898199 35.6628 -0.0231417 0.996557 0.0796102 -0.0205504 -0.901617 0.013599 -0.432321 -7.53687 
-0.425455 -0.0818688 0.901269 36.1533 -0.0223138 0.996546 0.07999 0.00181557 -0.904705 0.0139214 -0.425812 -7.72302 
-0.417856 -0.079521 0.905027 36.7195 -0.0199311 0.996725 0.0783758 0.027793 -0.908295 0.0147116 -0.418072 -7.97845 
-0.412812 -0.0790963 0.907375 37.2242 -0.0224891 0.996804 0.0766603 0.0621864 -0.910538 0.0112403 -0.413272 -8.16074 
-0.405318 -0.0816846 0.910519 37.8225 -0.0277627 0.99664 0.0770522 0.0922997 -0.913754 0.00595221 -0.406224 -8.40615 
-0.39842 -0.0840528 0.913344 38.3677 -0.0296777 0.996452 0.078755 0.117485 -0.916723 0.00427165 -0.399501 -8.60829 
-0.391609 -0.0847409 0.916221 38.817 -0.0332394 0.996403 0.0779498 0.16135 -0.919531 7.11354e-05 -0.393017 -8.76941 
-0.385582 -0.0801967 0.919182 39.2636 -0.0345097 0.996772 0.07249 0.191512 -0.922028 -0.0037698 -0.387105 -8.90909 
-0.375548 -0.0781749 0.9235 39.8237 -0.0338014 0.996929 0.0706451 0.206772 -0.926186 -0.00468489 -0.377037 -9.11814 
-0.364512 -0.0809967 0.92767 40.3649 -0.0340368 0.996703 0.07365 0.205348 -0.930577 -0.00472867 -0.366067 -9.2962 
-0.351627 -0.0825684 0.932492 40.9329 -0.0348454 0.996567 0.0751024 0.225662 -0.935492 -0.00608501 -0.353297 -9.48269 
-0.337817 -0.0831912 0.937528 41.4844 -0.0368383 0.996492 0.0751495 0.250789 -0.940491 -0.00915018 -0.339696 -9.63831 
-0.3222 -0.0824859 0.943071 41.9906 -0.039276 0.996504 0.0737408 0.271371 -0.945857 -0.0132808 -0.324313 -9.77875 
-0.302936 -0.0823561 0.949446 42.6292 -0.0426417 0.996433 0.0728263 0.298075 -0.952056 -0.0184242 -0.305368 -9.951 
-0.282985 -0.085429 0.955312 43.1019 -0.0425515 0.996163 0.0764773 0.259911 -0.95818 -0.0190081 -0.285534 -10.0417 
-0.261756 -0.0836404 0.961503 43.7284 -0.043672 0.996244 0.0747733 0.280656 -0.964145 -0.0224184 -0.264426 -10.1684 
-0.239548 -0.0819875 0.967417 44.2713 -0.0407547 0.996399 0.0743522 0.274635 -0.970029 -0.0216159 -0.242026 -10.2623 
-0.215546 -0.079127 0.973283 44.8516 -0.0324395 0.996742 0.0738501 0.291458 -0.975955 -0.0156548 -0.21741 -10.3598 
-0.190122 -0.0795393 0.978533 45.4438 -0.028547 0.996739 0.0754726 0.302843 -0.981345 -0.0135852 -0.191772 -10.4497 
-0.164082 -0.0746308 0.98362 46.0054 -0.0290649 0.997067 0.0708027 0.331575 -0.986018 -0.0169714 -0.16577 -10.5208 
-0.135695 -0.0747324 0.987928 46.5995 -0.0240175 0.997106 0.0721278 0.345857 -0.990459 -0.0139402 -0.137098 -10.5752 
-0.107364 -0.0758329 0.991323 47.1816 -0.0179334 0.997072 0.0743304 0.369353 -0.994058 -0.00979737 -0.10841 -10.6122 
-0.079347 -0.0812779 0.993528 47.7901 -0.013342 0.996668 0.0804692 0.370924 -0.996758 -0.00687063 -0.080167 -10.6323 
-0.0493273 -0.0781749 0.995719 48.3816 -0.00994324 0.996921 0.0777767 0.38318 -0.998733 -0.00606415 -0.0499528 -10.6419 
-0.0188946 -0.071933 0.99723 48.9804 -0.00845397 0.997384 0.0717839 0.387242 -0.999786 -0.00707423 -0.0194533 -10.6305 
0.0108297 -0.0696035 0.997516 49.5397 -0.00453803 0.997561 0.0696559 0.383831 -0.999931 -0.00528111 0.0104874 -10.5888 
0.0414257 -0.0740003 0.996397 50.1028 -0.00415088 0.997232 0.0742349 0.382333 -0.999133 -0.00721116 0.0410039 -10.5304 
0.0720066 -0.0787157 0.994293 50.704 -0.00673705 0.99682 0.0794037 0.399779 -0.997381 -0.0124162 0.0712473 -10.4516 
0.101877 -0.0801907 0.99156 51.1881 -0.00918259 0.996627 0.081544 0.402 -0.994755 -0.0174126 0.100797 -10.3454 
0.133906 -0.0780865 0.987913 51.7245 -0.00974405 0.996739 0.0801048 0.435749 -0.990946 -0.0203527 0.132708 -10.2511 
0.163846 -0.0749151 0.983637 52.2665 -0.0115206 0.996899 0.0778441 0.467766 -0.986419 -0.0240865 0.162475 -10.1044 
0.19572 -0.073554 0.977898 52.8759 -0.0111003 0.996953 0.077209 0.479992 -0.980597 -0.0259663 0.194307 -9.94784 
0.227542 -0.0708276 0.971189 53.4895 -0.0128045 0.997047 0.0757134 0.510537 -0.973684 -0.0296635 0.225963 -9.77266 
0.257975 -0.0703783 0.963585 54.0212 -0.0133706 0.996988 0.0763976 0.514959 -0.966059 -0.0325924 0.256257 -9.57897 
0.289793 -0.0691406 0.954589 54.519 -0.0131971 0.997004 0.076219 0.554274 -0.956998 -0.0346855 0.288012 -9.4137 
0.32075 -0.067905 0.944727 55.1183 -0.0110014 0.997092 0.0754041 0.57337 -0.9471 -0.0345792 0.31907 -9.18272 
0.352374 -0.0692556 0.933293 55.6754 -0.00854897 0.996978 0.0772092 0.57823 -0.93582 -0.0351852 0.350717 -8.94545 
0.383653 -0.070402 0.92079 56.096 -0.00761114 0.996815 0.079386 0.550469 -0.923446 -0.037465 0.381895 -8.72938 
0.414939 -0.0712927 0.907052 56.5894 -0.00617701 0.996682 0.0811632 0.555267 -0.909828 -0.0392807 0.413122 -8.46904 
0.445346 -0.0697259 0.89264 57.0881 -0.00670938 0.996675 0.0811997 0.574303 -0.895334 -0.042151 0.443397 -8.1771 
0.474396 -0.0703443 0.877497 57.4959 -0.00608714 0.996516 0.0831764 0.567082 -0.880291 -0.0448 0.472315 -7.87895 
0.503771 -0.0707904 0.860932 57.8925 -0.00511899 0.996374 0.0849225 0.57025 -0.863822 -0.0471886 0.501582 -7.59558 
0.533914 -0.0692656 0.842697 58.4272 -0.00344762 0.996452 0.084088 0.604782 -0.845531 -0.0478011 0.531781 -7.22975 
0.563905 -0.06887 0.822963 58.8669 -0.00272575 0.996356 0.0852482 0.61318 -0.825835 -0.0503151 0.561662 -6.91543 
0.592631 -0.0653531 0.802819 59.3334 -0.00191667 0.996586 0.0825415 0.636631 -0.805472 -0.0504553 0.590482 -6.53547 
0.618765 -0.0659594 0.782802 59.6485 0.00250678 0.99663 0.0819952 0.642031 -0.785572 -0.0487734 0.616845 -6.20271 
0.646025 -0.0663915 0.760424 60.096 0.00378658 0.996477 0.083784 0.645295 -0.763307 -0.0512471 0.644 -5.80568 
0.672457 -0.0665145 0.737141 60.4572 0.00558129 0.996381 0.0848149 0.654047 -0.740115 -0.0529202 0.670395 -5.45495 
0.697526 -0.0629188 0.713791 60.9006 0.00422713 0.996481 0.0837064 0.697852 -0.716547 -0.0553702 0.695338 -4.97774 
0.720961 -0.06176 0.690218 61.3213 0.00548224 0.996498 0.0834391 0.725722 -0.692954 -0.0563724 0.718774 -4.49719 
0.742371 -0.0594894 0.667343 61.6786 0.00430833 0.996454 0.0840348 0.756589 -0.669976 -0.0595099 0.739994 -4.07622 
0.761157 -0.0596324 0.64582 61.9494 0.00582638 0.996353 0.0851322 0.749239 -0.648541 -0.0610362 0.758729 -3.70094 
0.777445 -0.0581615 0.626256 62.2413 0.00728972 0.996481 0.0834954 0.75767 -0.628909 -0.0603478 0.775133 -3.28362 
0.793342 -0.0584956 0.605959 62.5553 0.0108259 0.996571 0.0820293 0.766901 -0.60868 -0.0585173 0.791255 -2.84446 
0.807757 -0.0557567 0.586872 62.8905 0.0094339 0.996612 0.0817 0.799781 -0.58944 -0.0604573 0.805547 -2.32601 
0.821569 -0.0528681 0.567653 63.1778 0.00824541 0.996689 0.0808925 0.829445 -0.57005 -0.0617782 0.819284 -1.87534 
0.833678 -0.0533321 0.54967 63.509 0.0113965 0.996775 0.0794278 0.849283 -0.552133 -0.0599528 0.831597 -1.32808 
0.844733 -0.0492538 0.532916 63.8024 0.0101274 0.997049 0.0760973 0.873179 -0.535092 -0.0588849 0.842739 -0.80733 
0.854424 -0.0471646 0.517431 64.0378 0.0106822 0.997256 0.073262 0.899073 -0.519466 -0.0570695 0.852583 -0.376928 
0.862791 -0.045195 0.503537 64.2624 0.010107 0.997339 0.0721985 0.912432 -0.50546 -0.057203 0.860952 0.061123 
0.869888 -0.0418748 0.491468 64.5464 0.00822609 0.997483 0.070429 0.94243 -0.49318 -0.0572225 0.868043 0.618246 
0.875911 -0.0411008 0.480718 64.8337 0.00810834 0.997478 0.0705091 0.971309 -0.482404 -0.0578619 0.874036 1.18236 
0.881854 -0.0407904 0.469755 65.0912 0.00768747 0.997363 0.0721728 0.962197 -0.47146 -0.0600346 0.879841 1.6462 
0.886757 -0.0366901 0.460777 65.3048 0.00403471 0.997421 0.0716565 0.96118 -0.462218 -0.0616828 0.884619 2.02778 
0.889983 -0.0317383 0.454887 65.5028 -6.25535e-05 0.997566 0.0697244 0.946811 -0.455993 -0.062082 0.887816 2.45904 
0.892332 -0.0337831 0.450115 65.7027 -7.49921e-05 0.997184 0.0749918 0.962825 -0.451381 -0.0669513 0.889816 2.87951 
0.894231 -0.0335886 0.446343 65.9476 -0.00239619 0.996807 0.0798134 0.975159 -0.447598 -0.0724411 0.891296 3.31219 
0.894894 -0.0339043 0.44499 66.1531 -0.00272668 0.996676 0.0814213 0.983997 -0.446271 -0.0740767 0.891826 3.77441 
0.896883 -0.035667 0.440828 66.3958 0.00353013 0.997288 0.0735074 0.971846 -0.442255 -0.0643713 0.894576 4.18964 
0.897793 -0.0327934 0.439195 66.5536 0.0116749 0.998646 0.0507003 0.974138 -0.440263 -0.0403908 0.89696 4.55357 
0.898683 -0.0194989 0.438166 66.7518 0.0155253 0.999799 0.0126496 0.948302 -0.438324 -0.00456532 0.898805 4.96585 
0.899564 -0.0152258 0.436523 66.9403 0.0150231 0.999879 0.00391648 0.955174 -0.43653 0.00303482 0.899685 5.37528 
0.901324 -0.0279341 0.432243 67.1619 0.0169103 0.999427 0.0293272 0.958786 -0.432815 -0.019124 0.90128 5.80674 
0.902962 -0.0559709 0.426061 67.4011 0.0227908 0.996323 0.0825843 0.940558 -0.429117 -0.0648602 0.900917 6.27805 
0.904416 -0.0629754 0.421979 67.6326 0.0256422 0.995282 0.0935759 0.918902 -0.425881 -0.0738111 0.901763 6.73354 
0.905241 -0.0524714 0.421647 67.8896 0.0250051 0.997205 0.0704121 0.950763 -0.424163 -0.0531966 0.904022 7.30503 
0.905951 -0.0434332 0.421148 68.0904 0.0222745 0.998236 0.0550327 0.955279 -0.422796 -0.0404761 0.905321 7.75498 
0.906179 -0.0430503 0.420697 68.2689 0.0177669 0.997802 0.0638361 0.982535 -0.422521 -0.0503724 0.904952 8.18998 
0.905936 -0.0479982 0.420685 68.4312 0.0184013 0.997078 0.0741351 0.988122 -0.423014 -0.0594205 0.904173 8.61524 
0.905702 -0.0473606 0.42126 68.6277 0.0197011 0.997368 0.0697731 1.00669 -0.423456 -0.0548944 0.904252 9.07023 
0.905843 -0.0449352 0.421223 68.8659 0.0196616 0.997746 0.0641551 1.00332 -0.423157 -0.0498325 0.904685 9.53849 
0.906442 -0.0417625 0.42026 69.0976 0.0161237 0.997795 0.0643772 1.03561 -0.422022 -0.051578 0.905117 10.0052 
0.907136 -0.0405295 0.418882 69.3219 0.0146298 0.997787 0.0648599 1.04777 -0.420583 -0.0527086 0.905721 10.5196 
0.907816 -0.0379486 0.417649 69.53 0.0139069 0.998074 0.0604588 1.05957 -0.419139 -0.0490772 0.906595 11.0091 
0.908796 -0.0355622 0.415723 69.8018 0.013665 0.998363 0.0555305 1.03119 -0.417017 -0.0447851 0.907794 11.5068 
0.909452 -0.0351879 0.414317 70.0572 0.0133039 0.998365 0.0555883 1.03835 -0.415595 -0.0450429 0.908434 12.0384 
0.909772 -0.0334396 0.413759 70.2963 0.01052 0.998287 0.0575493 1.05667 -0.414975 -0.048004 0.908566 12.6081 
0.910675 -0.0324948 0.411844 70.5828 0.00869148 0.998188 0.0595391 1.054 -0.413032 -0.0506413 0.909307 13.1552 
0.910615 -0.0337241 0.411877 70.8017 0.00986417 0.998154 0.0599194 1.0833 -0.413138 -0.0505007 0.909267 13.6941 
0.910389 -0.0328905 0.412444 70.9548 0.00906147 0.998181 0.0595989 1.07121 -0.413655 -0.0505209 0.909031 14.1325 
0.910195 -0.0301417 0.413082 71.1962 0.00715265 0.998344 0.0570867 1.08603 -0.414119 -0.0490054 0.908903 14.7142 
0.910198 -0.0276684 0.413248 71.4545 0.00538649 0.998473 0.0549873 1.08675 -0.414138 -0.0478234 0.908957 15.2303 
0.909008 -0.0269188 0.415908 71.6168 0.00396788 0.998426 0.0559489 1.09978 -0.416759 -0.0492077 0.907684 15.6879 
0.908036 -0.0258262 0.418096 71.9102 0.00143352 0.998283 0.0585517 1.12004 -0.41889 -0.0525677 0.906514 16.3216 
0.906893 -0.0269017 0.420502 72.1924 0.00261216 0.9983 0.0582326 1.15821 -0.421354 -0.0517123 0.905421 16.8972 
0.905224 -0.0262859 0.424122 72.3434 0.00169207 0.9983 0.0582605 1.14337 -0.424932 -0.0520211 0.903729 17.2711 
0.903491 -0.0252685 0.427862 72.6035 0.000429518 0.998314 0.058051 1.16257 -0.428607 -0.0522647 0.901978 17.8739 
0.903298 -0.0264265 0.428199 72.8406 0.000606284 0.998179 0.0603241 1.11362 -0.429013 -0.054231 0.901669 18.3068 
0.902426 -0.0260084 0.430059 72.9954 0.00168364 0.998382 0.0568455 1.13198 -0.430842 -0.0505748 0.901009 18.7474 
0.902954 -0.0206371 0.429242 73.2272 -0.00218534 0.998613 0.0526085 1.14371 -0.429732 -0.048441 0.901656 19.2063 
0.903238 -0.0186599 0.428735 73.427 -0.00422954 0.998619 0.0523737 1.14759 -0.42912 -0.0491192 0.901911 19.6642 
0.903874 -0.0195645 0.427352 73.6947 -0.00492625 0.998411 0.0561273 1.15154 -0.427771 -0.0528372 0.902342 20.2465 
0.904279 -0.0200169 0.426472 73.9692 -0.00465785 0.998378 0.0567363 1.15843 -0.426916 -0.0532919 0.90272 20.8519 
0.904157 -0.0189806 0.426779 74.1355 -0.00472969 0.998507 0.0544278 1.16943 -0.427174 -0.0512298 0.902717 21.3108 
0.903974 -0.0178636 0.427214 74.3171 -0.00489773 0.998629 0.0521203 1.17628 -0.427559 -0.0492078 0.902647 21.7793 
0.903856 -0.0190948 0.427411 74.5311 -0.00348479 0.998642 0.0519841 1.1736 -0.427823 -0.0484756 0.902562 22.3021 
0.903335 -0.0185212 0.428537 74.7273 -0.00332095 0.998735 0.0501653 1.17916 -0.428924 -0.0467392 0.902131 22.7813 
0.902999 -0.015697 0.429355 74.9654 -0.00690593 0.998673 0.0510352 1.21022 -0.429586 -0.0490498 0.901693 23.2945 
0.902858 -0.0159487 0.429643 75.223 -0.00734591 0.998594 0.0525054 1.21106 -0.429876 -0.0505611 0.901471 23.8582 
0.902289 -0.0155197 0.430853 75.4538 -0.00794957 0.998583 0.0526177 1.2133 -0.431059 -0.0509015 0.900887 24.4034 
0.90189 -0.0126795 0.431779 75.6578 -0.0103242 0.998651 0.0508909 1.22663 -0.431842 -0.0503558 0.900543 24.864 
0.901306 -0.0115573 0.433028 75.8648 -0.0122978 0.998558 0.0522478 1.2318 -0.433008 -0.0524166 0.899865 25.3975 
0.900996 -0.0134026 0.43362 76.0718 -0.0107661 0.998524 0.0532333 1.21716 -0.433694 -0.0526314 0.899522 25.8973 
0.900578 -0.013761 0.434476 76.3048 -0.00957709 0.998628 0.0514804 1.21667 -0.434588 -0.0505232 0.899211 26.4121 
0.900372 -0.0118823 0.434959 76.5884 -0.0106444 0.998726 0.0493175 1.24072 -0.434991 -0.0490339 0.899099 27.0216 
0.900569 -0.0136526 0.4345 76.9087 -0.0084645 0.998767 0.0489267 1.25193 -0.434632 -0.0477396 0.899342 27.6487 
0.900068 -0.0140009 0.435524 77.1997 -0.00818106 0.998765 0.0490149 1.25881 -0.435672 -0.0476798 0.898842 28.2804 
0.899744 -0.0137584 0.436202 77.4805 -0.00880238 0.998728 0.0496577 1.23748 -0.43633 -0.0485188 0.898478 28.8882 
0.900093 -0.0154717 0.435422 77.8147 -0.00756569 0.998664 0.0511247 1.18409 -0.435631 -0.0493112 0.898774 29.4204 
0.89968 -0.0153102 0.436281 78.0776 -0.00812531 0.998624 0.0517999 1.17281 -0.436473 -0.0501483 0.898318 29.9707 
0.898602 -0.0141698 0.438536 78.2906 -0.00996324 0.998562 0.0526808 1.16311 -0.438652 -0.0517083 0.897168 30.4896 
0.898202 -0.0103436 0.43946 78.5105 -0.0129507 0.998666 0.0499752 1.17054 -0.439391 -0.0505791 0.896871 31.0138 
0.898376 -0.011478 0.439077 78.8201 -0.0116271 0.998687 0.0498967 1.18058 -0.439073 -0.0499312 0.897063 31.6222 
0.897888 -0.0116288 0.44007 79.1185 -0.0127386 0.998546 0.0523774 1.19004 -0.440039 -0.052635 0.896435 32.2521 
0.896945 -0.00921261 0.442046 79.3173 -0.0149563 0.998579 0.0511588 1.18111 -0.441889 -0.0524981 0.895533 32.7401 
0.896574 -0.00863529 0.442809 79.6083 -0.0139515 0.998763 0.0477253 1.17617 -0.442673 -0.0489671 0.895345 33.3436 
0.89605 -0.00645115 0.443905 79.9046 -0.0159995 0.998776 0.0468108 1.18865 -0.443664 -0.0490471 0.89485 33.9893 
0.895651 -0.00881162 0.44467 80.1765 -0.0143531 0.99871 0.0487004 1.17325 -0.444526 -0.050001 0.894369 34.5546 
0.89501 -0.00647041 0.445999 80.4519 -0.0158197 0.998805 0.0462366 1.19617 -0.445765 -0.0484378 0.893838 35.1553 
0.894581 -0.00654619 0.446857 80.711 -0.0156602 0.998819 0.0459829 1.16911 -0.446631 -0.0481333 0.893423 35.6993 
0.894479 -0.00596158 0.447071 81.0366 -0.0167782 0.998759 0.0468874 1.18063 -0.446795 -0.0494408 0.893269 36.3842 
0.894488 -0.00588634 0.447054 81.3698 -0.0169795 0.998745 0.0471239 1.18596 -0.44677 -0.0497425 0.893265 37.0891 
0.895346 -0.00634385 0.445326 81.6801 -0.0158243 0.998814 0.0460439 1.16751 -0.44509 -0.0482722 0.894184 37.6954 
0.896234 -0.00861807 0.443498 81.9428 -0.0139189 0.998773 0.0475359 1.11262 -0.443363 -0.0487763 0.895014 38.2222 
0.896379 -0.00594283 0.443248 82.2322 -0.0170283 0.998711 0.0478265 1.11053 -0.44296 -0.0504184 0.895122 38.8657 
0.897148 -0.00634962 0.441684 82.4337 -0.0158224 0.998793 0.0464971 1.08432 -0.441446 -0.0487033 0.895965 39.2818 
0.897625 -0.0057489 0.440722 82.6955 -0.0157934 0.998853 0.045196 1.10355 -0.440476 -0.0475295 0.896505 39.8381 
0.897659 -0.00531567 0.440658 82.8955 -0.0166214 0.998807 0.045908 1.1044 -0.440377 -0.0485341 0.8965 40.2976 
0.897105 -0.00270003 0.441809 83.1324 -0.0195154 0.998763 0.0457304 1.11422 -0.441386 -0.049647 0.895943 40.8582 
0.89687 -0.0007448 0.442293 83.3706 -0.0219339 0.998693 0.0461587 1.1111 -0.441749 -0.0510996 0.895682 41.4114 
0.896604 -0.00271449 0.442826 83.6128 -0.0207723 0.998623 0.0481798 1.06049 -0.442347 -0.0523967 0.895312 41.9413 
0.896602 -0.00175265 0.442835 83.8759 -0.0215936 0.99863 0.0476726 1.08261 -0.442311 -0.0523057 0.895335 42.4562 
0.896109 0.000195843 0.443833 84.0503 -0.0228671 0.998692 0.0457286 1.08151 -0.443244 -0.051127 0.894942 42.8763 
0.896064 0.00181824 0.443922 84.2794 -0.0238744 0.998742 0.0441003 1.06976 -0.443283 -0.050115 0.89498 43.3418 
0.896091 0.00279804 0.443862 84.5235 -0.0247422 0.99874 0.0436548 1.0452 -0.443181 -0.0501008 0.895031 43.8037 
0.895835 0.00505344 0.444357 84.8068 -0.0264324 0.998771 0.0419299 1.05925 -0.443599 -0.0493078 0.894868 44.4216 
0.895621 0.00371869 0.444803 84.9771 -0.025102 0.998794 0.0421931 1.05214 -0.44411 -0.0489544 0.894634 44.8281 
0.895355 0.00460014 0.44533 85.2182 -0.025948 0.998787 0.0418523 1.05601 -0.444597 -0.0490281 0.894388 45.3353 
0.895131 0.00494919 0.445775 85.467 -0.0265588 0.998754 0.0422423 1.06223 -0.445011 -0.0496516 0.894148 45.8772 
0.894852 0.00366043 0.446348 85.6309 -0.0260653 0.998689 0.0440664 1.03445 -0.445601 -0.0510671 0.893774 46.2802 
0.89408 0.00687345 0.447854 85.8793 -0.0292118 0.998648 0.0429906 1.05136 -0.446953 -0.0515196 0.893072 46.8564 
0.893416 0.00628632 0.449186 85.9674 -0.0288189 0.998644 0.043344 1.01844 -0.448305 -0.0516693 0.892386 47.1456 
0.892999 0.00660978 0.450011 86.1574 -0.0288379 0.998678 0.0425571 1.00745 -0.449135 -0.0509808 0.892008 47.5983 
0.892472 0.00623786 0.45106 86.3226 -0.0281537 0.998725 0.0418936 0.982789 -0.450224 -0.0500879 0.89151 48.0053 
0.892502 0.00687048 0.450992 86.5414 -0.028614 0.998732 0.0414115 0.970048 -0.450136 -0.0498645 0.891567 48.4288 
0.892133 0.0064433 0.451728 86.7368 -0.0291485 0.998636 0.0433222 0.95735 -0.450832 -0.0518163 0.891103 48.881 
0.892494 0.00559544 0.451024 87.0068 -0.0286105 0.998612 0.0442261 0.956337 -0.450151 -0.0523755 0.891415 49.4419 
0.892072 0.00684418 0.451841 87.1921 -0.0294718 0.998638 0.0430597 0.969633 -0.45093 -0.0517289 0.891059 49.8729 
0.8919 0.00903087 0.452142 87.3919 -0.0308729 0.998684 0.040953 0.971518 -0.451177 -0.0504849 0.891005 50.3263 
0.892419 0.0109081 0.451076 87.653 -0.0319846 0.998722 0.0391277 0.972935 -0.450073 -0.0493458 0.891627 50.769 
0.892017 0.0122717 0.451836 87.7886 -0.0323341 0.998803 0.0367071 0.996184 -0.450844 -0.0473531 0.891346 51.1529 
0.891821 0.0153611 0.452128 88.0554 -0.0344012 0.998832 0.0339206 0.994443 -0.451079 -0.0458049 0.891308 51.718 
0.891831 0.0161079 0.452082 88.2877 -0.0349041 0.998837 0.033267 0.979318 -0.45102 -0.0454481 0.891356 52.227 
0.892185 0.0164342 0.451372 88.4581 -0.0361406 0.998731 0.0350725 0.998156 -0.450223 -0.047604 0.891647 52.5769 
0.892939 0.0167183 0.449866 88.7003 -0.0368449 0.998672 0.0360201 0.984176 -0.448666 -0.048739 0.892369 52.9976 
0.893522 0.0187081 0.44863 88.9176 -0.0386183 0.998631 0.0352714 0.962699 -0.447356 -0.0488411 0.893021 53.453 
0.892867 0.0197549 0.449886 88.9908 -0.0406421 0.998495 0.0368157 0.901877 -0.448482 -0.0511558 0.892327 53.7768 
0.892526 0.0199783 0.450553 89.0858 -0.0411735 0.998456 0.0372898 0.862252 -0.449112 -0.0518329 0.891971 54.1272 
0.893122 0.019625 0.449386 89.3082 -0.0402098 0.998531 0.0363076 0.891502 -0.448013 -0.0504968 0.8926 54.5707 
0.893118 0.020105 0.449372 89.4808 -0.0404119 0.998547 0.0356427 0.885883 -0.448003 -0.0499931 0.892633 55.0037 
0.893693 0.0176633 0.448332 89.6888 -0.037788 0.998638 0.0359813 0.8662 -0.447086 -0.0490978 0.893143 55.4463 
0.894267 0.0161474 0.447242 89.968 -0.035922 0.998714 0.0357686 0.874477 -0.44609 -0.0480525 0.893697 56.0404 
0.894314 0.0165654 0.447133 90.1495 -0.0375499 0.998568 0.0381089 0.859647 -0.445862 -0.0508711 0.893655 56.425 
0.894737 0.0186939 0.446201 90.4299 -0.0394452 0.998527 0.0372628 0.859374 -0.444848 -0.0509409 0.894156 56.8857 
0.894279 0.0187562 0.447116 90.6596 -0.0404938 0.998414 0.0391092 0.814106 -0.445673 -0.05308 0.893621 57.3533 
0.89389 0.0182335 0.447916 90.8298 -0.0423915 0.998133 0.0439677 0.78693 -0.446278 -0.0582901 0.892994 57.7109 
0.893737 0.0184957 0.44821 91.0838 -0.0435227 0.998011 0.0456014 0.797124 -0.446475 -0.060263 0.892764 58.2237 
0.892823 0.0152737 0.450148 91.2831 -0.0446297 0.997506 0.0546727 0.803418 -0.448191 -0.068903 0.891279 58.6749 
0.892569 0.0123239 0.450742 91.5773 -0.05146 0.995879 0.0746736 0.837743 -0.447964 -0.0898465 0.889525 59.2743 
0.892353 0.00518915 0.451309 91.8493 -0.0512206 0.994638 0.0898399 0.860343 -0.448423 -0.103285 0.887834 59.836 
0.893048 0.00174925 0.449958 92.0841 -0.0481333 0.994626 0.0916654 0.845586 -0.447379 -0.10352 0.888333 60.3204 
0.892547 0.00780094 0.450887 92.3293 -0.048324 0.995748 0.0784314 0.872247 -0.448358 -0.0917923 0.889129 60.8323 
0.892372 0.0138982 0.451087 92.593 -0.0495829 0.996494 0.0673858 0.901639 -0.448569 -0.0824994 0.889932 61.3779 
0.892188 0.0145223 0.451431 92.86 -0.049897 0.996534 0.0665561 0.926906 -0.4489 -0.0819056 0.88982 61.9361 
0.892211 0.0148652 0.451374 93.1395 -0.048302 0.996866 0.0626464 0.954352 -0.449028 -0.0776961 0.890133 62.5114 
0.891948 0.0178239 0.451787 93.3982 -0.0513943 0.996743 0.0621424 0.975819 -0.449208 -0.0786471 0.889959 63.0605 
0.891863 0.0188697 0.451913 93.639 -0.052122 0.996761 0.0612442 0.982894 -0.449293 -0.078176 0.889957 63.5654 
0.891959 0.0243274 0.45146 93.8803 -0.0569567 0.996642 0.0588254 0.991883 -0.448513 -0.0781836 0.89035 64.0747 
0.891636 0.0311939 0.451676 94.1101 -0.0622366 0.996598 0.0540314 0.988466 -0.448454 -0.0762872 0.890544 64.5766 
0.891565 0.0320878 0.451756 94.3328 -0.0628223 0.996606 0.0531953 0.981507 -0.448515 -0.0758074 0.890554 65.053 
0.891772 0.0344035 0.451175 94.5711 -0.0643636 0.996611 0.0512235 1.00393 -0.447884 -0.0747189 0.890964 65.5589 
0.892004 0.0398482 0.450268 94.8016 -0.0695207 0.996349 0.0495482 1.00736 -0.446649 -0.0755001 0.891518 66.0456 
0.89191 0.0426125 0.450202 95.021 -0.0730636 0.996049 0.0504706 1.01577 -0.446272 -0.0779086 0.891499 66.5412 
0.892355 0.0440818 0.449177 95.2056 -0.0732204 0.996174 0.0476992 1.02349 -0.445356 -0.0754535 0.892169 66.9567 
0.89225 0.0450741 0.449286 95.4297 -0.0729561 0.996323 0.0449307 1.03091 -0.445608 -0.0728676 0.892258 67.4302 
0.892012 0.0468847 0.449573 95.6236 -0.0758009 0.996037 0.0465251 1.0193 -0.44561 -0.075579 0.892031 67.8637 
0.892375 0.048774 0.44865 95.7868 -0.0782035 0.995815 0.0472907 1.02645 -0.444466 -0.0772871 0.892455 68.1872 
0.892238 0.0489738 0.448902 95.9939 -0.0788345 0.995729 0.0480606 1.0543 -0.444631 -0.0782704 0.892288 68.6137 
0.892045 0.0453211 0.449669 96.1969 -0.0761309 0.99581 0.0506615 1.06043 -0.445489 -0.0794261 0.891757 69.0453 
0.892136 0.0423784 0.449775 96.3885 -0.0730278 0.996025 0.0510048 1.06971 -0.445826 -0.0783493 0.891684 69.4469 
0.891626 0.0419779 0.450822 96.5801 -0.0726634 0.996053 0.0509655 1.08009 -0.446904 -0.0782004 0.891158 69.856 
0.891073 0.0420415 0.451909 96.7524 -0.072614 0.99608 0.050514 1.0843 -0.448014 -0.0778266 0.890633 70.2326 
0.890805 0.0411917 0.452516 96.9308 -0.0708742 0.996289 0.0488297 1.09578 -0.448825 -0.0755694 0.890419 70.6133 
0.890306 0.0392721 0.453666 97.0699 -0.0677999 0.996601 0.0467833 1.10026 -0.450287 -0.07241 0.889943 70.919 
0.890067 0.038321 0.454216 97.2043 -0.0648857 0.996964 0.0430368 1.08323 -0.451187 -0.0677777 0.889852 71.1933 
0.889648 0.0415764 0.45475 97.3432 -0.0655531 0.99716 0.0370772 1.08486 -0.451917 -0.062796 0.889847 71.4882 
0.889718 0.0437586 0.454408 97.4603 -0.0664444 0.997208 0.0340672 1.07737 -0.451649 -0.0605031 0.890142 71.7251 
0.889169 0.0476394 0.455093 97.5651 -0.068812 0.997177 0.030061 1.08039 -0.452376 -0.0580451 0.889937 71.9562 
0.889297 0.0492955 0.454665 97.6564 -0.0683867 0.99733 0.0256282 1.07214 -0.452187 -0.0538841 0.890294 72.1489 
0.889202 0.0508129 0.454685 97.7412 -0.0684282 0.997406 0.022357 1.06861 -0.452369 -0.0509932 0.890372 72.3286 
0.88909 0.0523811 0.454726 97.8214 -0.068432 0.997477 0.0188977 1.06562 -0.452589 -0.0479195 0.890431 72.4909 
0.889008 0.0536735 0.454734 97.8889 -0.0687068 0.997499 0.0165847 1.06046 -0.452707 -0.0459873 0.890473 72.6309 
0.888901 0.0550802 0.454776 97.951 -0.0695387 0.997465 0.0151116 1.06309 -0.452791 -0.0450573 0.890477 72.7621 
0.888476 0.0573772 0.455322 98.01 -0.0719052 0.997304 0.0146347 1.0604 -0.453255 -0.0457426 0.890207 72.8901 
0.888345 0.0587641 0.455401 98.0534 -0.0726149 0.997276 0.0129622 1.05786 -0.453399 -0.0445838 0.890192 72.9876 
0.888153 0.0608485 0.455501 98.1003 -0.0733443 0.997259 0.00978994 1.06134 -0.453657 -0.0421034 0.890181 73.0786 
0.88808 0.0624898 0.455423 98.1471 -0.0730458 0.997313 0.00559614 1.06244 -0.453849 -0.0382365 0.890258 73.1708 
0.887695 0.0654118 0.455762 98.1891 -0.0755811 0.997131 0.0041003 1.0636 -0.454186 -0.0380868 0.890092 73.2698 
0.88747 0.0689993 0.455672 98.2322 -0.0794137 0.996835 0.00372273 1.06542 -0.453973 -0.0394904 0.89014 73.3673 
0.885767 0.0784355 0.457455 98.2704 -0.0907176 0.995865 0.00490417 1.0737 -0.455178 -0.0458431 0.889219 73.4826 
0.885035 0.0881247 0.457107 98.3088 -0.10477 0.994434 0.0111363 1.08081 -0.453581 -0.0577469 0.889342 73.6025 
0.887557 0.0792728 0.453826 98.3699 -0.0956507 0.995327 0.0132057 1.08159 -0.450659 -0.0551296 0.890992 73.71 
0.888771 0.059636 0.454456 98.4546 -0.0681922 0.997669 0.00244295 1.0705 -0.453251 -0.0331616 0.890766 73.7929 
0.887684 0.0509322 0.457628 98.5215 -0.0526498 0.998572 -0.00900966 1.05653 -0.457434 -0.0160963 0.889098 73.8738 
0.888031 0.0640008 0.455308 98.5511 -0.0643552 0.997818 -0.0147411 1.04838 -0.455258 -0.0162109 0.890212 73.9705 
0.886979 0.0882005 0.453309 98.5548 -0.0885641 0.99586 -0.0204735 1.04154 -0.453238 -0.0219873 0.891119 74.0758 
0.884801 0.101793 0.454714 98.5739 -0.101529 0.994517 -0.0250761 1.03545 -0.454773 -0.0239792 0.890284 74.1673 
0.885716 0.0972624 0.453925 98.6281 -0.095683 0.995059 -0.0265108 1.02312 -0.454261 -0.0199519 0.890645 74.2573 
0.886003 0.091121 0.454639 98.6876 -0.0884862 0.995708 -0.0271224 1.01497 -0.455159 -0.0161988 0.890263 74.3597 
0.885187 0.0917947 0.456089 98.74 -0.0884395 0.995667 -0.0287474 1.01351 -0.456752 -0.0148895 0.88947 74.4695 
0.884564 0.0989486 0.455802 98.7838 -0.0955237 0.994956 -0.0306114 1.0072 -0.456532 -0.0164622 0.889555 74.5836 
0.883697 0.103838 0.456397 98.8369 -0.0999462 0.994454 -0.0327342 1.00372 -0.457265 -0.016688 0.889174 74.7035 
0.883056 0.103032 0.457818 98.9 -0.0984186 0.994564 -0.0339934 0.996173 -0.458832 -0.0150397 0.888396 74.8301 
0.882705 0.100654 0.459022 98.961 -0.0951227 0.994842 -0.0352257 0.983124 -0.4602 -0.0125695 0.887726 74.9492 
0.881938 0.103583 0.459844 99.0225 -0.0964861 0.994571 -0.0389819 0.973865 -0.461385 -0.00998893 0.887144 75.0747 
0.879809 0.116393 0.460857 99.0557 -0.107256 0.993163 -0.0460718 0.960472 -0.463069 -0.00889554 0.886278 75.1705 
0.877821 0.129904 0.461038 99.1058 -0.116842 0.991519 -0.0569067 0.960726 -0.46452 -0.0039146 0.885554 75.3124 
0.882121 0.11512 0.456738 99.1953 -0.102465 0.993351 -0.0524755 0.946532 -0.459743 -0.000510108 0.888052 75.4474 
0.88204 0.0950002 0.461498 99.2962 -0.0848945 0.995476 -0.0426656 0.92546 -0.463463 -0.00154578 0.886115 75.5904 
0.880466 0.0887815 0.465723 99.3749 -0.0824448 0.996015 -0.0340071 0.900136 -0.466887 -0.0084544 0.884277 75.7311 
0.879957 0.101363 0.464113 99.4276 -0.0981859 0.994683 -0.031079 0.889142 -0.464795 -0.0182211 0.885231 75.8927 
0.877158 0.11231 0.466883 99.4694 -0.109905 0.993411 -0.0324825 0.873772 -0.467455 -0.0228206 0.883722 76.0282 
0.876642 0.111174 0.468124 99.5556 -0.106575 0.993638 -0.0363972 0.867227 -0.469192 -0.0179832 0.882913 76.1984 
0.878237 0.101378 0.467357 99.6639 -0.0950385 0.994779 -0.0371933 0.851297 -0.468687 -0.0117523 0.883286 76.3602 
0.876824 0.0995139 0.470401 99.7565 -0.0926365 0.994982 -0.0378158 0.833868 -0.471804 -0.0104185 0.881642 76.5414 
0.875504 0.106107 0.471416 99.8528 -0.0991877 0.994281 -0.0395856 0.81996 -0.472921 -0.0121013 0.881022 76.755 
0.873562 0.112274 0.473586 99.9437 -0.106876 0.993531 -0.0383981 0.809287 -0.474834 -0.0170718 0.87991 76.9769 
0.872294 0.110566 0.476317 100.063 -0.106683 0.993667 -0.0352855 0.787904 -0.477202 -0.0200357 0.878565 77.2195 
0.872141 0.104195 0.478032 100.172 -0.0999317 0.994399 -0.0344254 0.758907 -0.478941 -0.0177467 0.877668 77.427 
0.871487 0.100069 0.4801 100.326 -0.0937587 0.994901 -0.0371771 0.73749 -0.481372 -0.0126142 0.876426 77.7089 
0.870135 0.100327 0.482493 100.456 -0.0932359 0.99489 -0.0387295 0.709705 -0.483913 -0.0112857 0.875043 77.9693 
0.86826 0.0999315 0.48594 100.589 -0.0937253 0.994905 -0.037133 0.682248 -0.487175 -0.0133037 0.873203 78.2266 
0.864927 0.100802 0.49167 100.74 -0.094056 0.994822 -0.0384985 0.659555 -0.493005 -0.0129461 0.86993 78.5069 
