1 0 0 0 0 1 0 0 0 0 1 0 
0.999993 0.00239945 -0.00276435 -0.000799818 -0.00240271 0.999996 -0.00117741 -0.0331502 0.00276152 0.00118405 0.999995 0.776886 
0.999988 0.00135649 -0.00473628 -0.0583774 -0.00136222 0.999998 -0.00120655 -0.131125 0.00473464 0.00121299 0.999988 1.57 
0.999975 0.00243757 -0.00658456 -0.11227 -0.00245476 0.999994 -0.00260315 -0.138552 0.00657817 0.00261925 0.999975 2.29539 
0.999956 0.00248215 -0.00909621 -0.132047 -0.00251672 0.99999 -0.00379107 -0.177822 0.0090867 0.0038138 0.999951 2.98781 
0.999936 0.00235632 -0.0111043 -0.18134 -0.00241648 0.999982 -0.00540665 -0.177044 0.0110913 0.00543313 0.999924 3.79674 
0.999889 0.00494268 -0.0140576 -0.181998 -0.00503251 0.999967 -0.00636199 -0.21721 0.0140257 0.00643203 0.999881 4.48839 
0.999854 0.00557713 -0.0161513 -0.231128 -0.00569377 0.999958 -0.00718459 -0.268646 0.0161105 0.00727551 0.999844 5.19419 
0.999799 0.00535079 -0.0193288 -0.214841 -0.00551178 0.99995 -0.00828538 -0.28535 0.0192835 0.00839025 0.999779 5.90133 
0.999695 0.00587907 -0.0240058 -0.130337 -0.00607756 0.999948 -0.00820376 -0.381299 0.0239564 0.00834715 0.999678 6.63272 
0.99964 0.00464434 -0.0264186 -0.159445 -0.00489109 0.999945 -0.00928309 -0.398305 0.0263741 0.00940897 0.999608 7.29533 
0.999576 0.00679034 -0.028305 -0.227239 -0.00704359 0.999936 -0.00885715 -0.518948 0.028243 0.00905276 0.99956 8.0689 
0.999512 0.0056414 -0.0307261 -0.254141 -0.00592996 0.999939 -0.00930852 -0.574122 0.0306718 0.00948619 0.999484 8.73195 
0.999441 0.00468331 -0.0331163 -0.300113 -0.00504522 0.999928 -0.0108534 -0.565909 0.0330631 0.0110144 0.999393 9.4643 
0.999353 0.00418261 -0.0357308 -0.324422 -0.00463496 0.99991 -0.0125867 -0.577193 0.035675 0.0127441 0.999282 10.3097 
0.9992 0.000882038 -0.0399884 -0.254987 -0.00136122 0.999928 -0.0119574 -0.63308 0.0399749 0.0120022 0.999129 11.1325 
0.999068 0.00368368 -0.0430108 -0.267657 -0.0043203 0.999882 -0.0147178 -0.630294 0.0429515 0.0148899 0.998966 11.8078 
0.999038 0.00435595 -0.0436464 -0.386723 -0.00502667 0.999871 -0.0152691 -0.775253 0.0435743 0.0154738 0.99893 12.5646 
0.998863 0.00845275 -0.0469181 -0.391795 -0.00926214 0.999812 -0.0170606 -0.821586 0.046765 0.0174758 0.998753 13.3991 
0.998952 0.00750418 -0.0451465 -0.643705 -0.00826134 0.999828 -0.0166081 -0.851308 0.0450141 0.0169637 0.998842 14.1323 
0.99892 0.00685099 -0.045964 -0.758384 -0.00747109 0.999883 -0.0133328 -0.969468 0.0458673 0.0136618 0.998854 14.8291 
0.998827 0.00668184 -0.0479662 -0.807276 -0.00720248 0.999917 -0.0106896 -1.05593 0.0478908 0.0110226 0.998792 15.5967 
0.998733 0.00589527 -0.0499673 -0.829903 -0.00639385 0.999931 -0.00982401 -1.09234 0.0499059 0.0101311 0.998703 16.4446 
0.99867 0.00626834 -0.0511853 -0.938592 -0.00688741 0.999905 -0.0119272 -1.04211 0.0511057 0.0122638 0.998618 17.3128 
0.998636 0.00370118 -0.0520822 -1.0225 -0.00443675 0.999892 -0.0140148 -1.02722 0.0520247 0.0142267 0.998544 18.1978 
0.998535 0.0038205 -0.0539752 -1.01736 -0.00437623 0.999939 -0.0101816 -1.18928 0.053933 0.0104029 0.99849 19.0644 
0.998481 0.0053209 -0.0548403 -1.03884 -0.00563037 0.999969 -0.00549009 -1.2445 0.0548094 0.00579053 0.99848 19.9103 
0.998443 0.00608411 -0.0554407 -1.03046 -0.00615469 0.99998 -0.00110238 -1.31118 0.0554329 0.00144188 0.998461 20.7334 
0.998509 0.00680163 -0.0541608 -1.07716 -0.00672191 0.999976 0.00165393 -1.34952 0.0541707 -0.0012874 0.998531 21.44 
0.998542 0.00605929 -0.0536445 -1.09539 -0.00588501 0.999977 0.00340624 -1.40338 0.0536639 -0.00308557 0.998554 22.3345 
0.998521 0.0051151 -0.0541347 -1.07389 -0.00510401 0.999987 0.000343096 -1.37978 0.0541357 -6.62842e-05 0.998534 23.1215 
0.998552 0.00524259 -0.0535461 -1.13235 -0.00546037 0.999977 -0.00392174 -1.46441 0.0535243 0.00420844 0.998558 24.0375 
0.998561 0.00375475 -0.0534962 -1.1392 -0.00408049 0.999974 -0.00598115 -1.55849 0.0534723 0.00619083 0.99855 24.8941 
0.998623 0.00176484 -0.0524345 -1.20926 -0.00200553 0.999988 -0.00453808 -1.59242 0.0524259 0.00463699 0.998614 25.6353 
0.998584 -0.000492947 -0.0531932 -1.25079 0.00054178 0.999999 0.000903614 -1.62707 0.0531928 -0.000931153 0.998584 26.5951 
0.998542 -0.00415031 -0.0538116 -1.3194 0.00439372 0.999981 0.00440587 -1.62119 0.0537923 -0.00463588 0.998541 27.318 
0.998506 -0.0140736 -0.0528025 -1.52446 0.0143067 0.999889 0.00403981 -1.63815 0.0527398 -0.0047892 0.998597 28.2804 
0.998302 -0.0183964 -0.0552725 -1.55787 0.0184277 0.99983 5.72366e-05 -1.66158 0.055262 -0.00107568 0.998471 29.1023 
0.998174 -0.0183189 -0.057568 -1.57928 0.0181123 0.999828 -0.00410735 -1.68462 0.0576333 0.00305716 0.998333 30.0199 
0.998044 -0.0182301 -0.059797 -1.63595 0.0179411 0.999825 -0.00536687 -1.727 0.0598843 0.00428355 0.998196 30.9057 
0.997876 -0.0183507 -0.0625052 -1.62907 0.0182195 0.99983 -0.00266864 -1.79419 0.0625436 0.00152415 0.998041 31.8679 
0.997838 -0.0155779 -0.0638449 -1.69423 0.0156631 0.999877 0.000834079 -1.8439 0.0638241 -0.00183228 0.997959 32.6673 
0.997585 -0.0161319 -0.0675545 -1.65049 0.0162693 0.999867 0.00148408 -1.86985 0.0675215 -0.00257956 0.997714 33.7188 
0.997105 -0.0151251 -0.0745219 -1.36931 0.0157318 0.999848 0.00756078 -2.11835 0.0743962 -0.00871126 0.997191 34.4254 
0.997066 -0.0169435 -0.0746521 -1.46097 0.0178531 0.999774 0.0115351 -2.14917 0.0744398 -0.0128341 0.997143 35.3367 
0.997421 -0.010826 -0.0709582 -1.81364 0.0122991 0.999717 0.0203571 -2.5759 0.0707178 -0.0211773 0.997272 36.1662 
0.997484 -0.00868108 -0.0703647 -1.92725 0.0102107 0.999719 0.0214087 -2.6254 0.070159 -0.0220733 0.997292 36.9387 
0.998065 -0.00976941 -0.061413 -2.55212 0.011686 0.999453 0.030927 -3.27535 0.0610773 -0.0315848 0.997633 37.7421 
0.998075 -0.00730984 -0.0615894 -2.61103 0.00904502 0.999569 0.0279418 -3.2753 0.0613586 -0.028445 0.99771 38.68 
0.998048 -0.0108909 -0.0614954 -2.75118 0.0126679 0.999511 0.0285797 -3.31641 0.0611541 -0.029303 0.997698 39.492 
0.997929 -0.0107652 -0.0634154 -2.7747 0.0126878 0.99947 0.0299927 -3.30147 0.0630589 -0.0307352 0.997536 40.2937 
0.997865 -0.0109243 -0.0643828 -2.85206 0.0129206 0.999446 0.0306718 -3.28265 0.0640121 -0.0314382 0.997454 41.1322 
0.997872 -0.00777679 -0.064731 -2.93065 0.00968389 0.999527 0.0292005 -3.32546 0.0644732 -0.0297652 0.997475 42.0731 
0.99781 -0.00687379 -0.0657893 -2.99416 0.00840686 0.999699 0.0230544 -3.29475 0.065611 -0.023557 0.997567 42.9184 
0.997753 -0.00508763 -0.0668091 -3.02364 0.00658662 0.999731 0.0222359 -3.28812 0.066678 -0.0226259 0.997518 43.6884 
0.997681 -0.00546028 -0.0678476 -3.05564 0.00719667 0.999652 0.0253745 -3.28258 0.0676854 -0.0258039 0.997373 44.417 
0.997584 -0.00726034 -0.0690925 -3.08736 0.00921823 0.999564 0.0280606 -3.24496 0.0688586 -0.0286297 0.997216 45.3485 
0.99752 -0.00764496 -0.0699733 -3.13614 0.00973389 0.999516 0.029561 -3.27856 0.0697134 -0.0301688 0.997111 46.1967 
0.997435 -0.0101553 -0.0708513 -3.16774 0.0122433 0.999502 0.029099 -3.29428 0.0705205 -0.0298918 0.997062 46.9779 
0.997356 -0.0138648 -0.0713374 -3.24597 0.0158126 0.999515 0.0268123 -3.27017 0.0709311 -0.0278695 0.997092 47.7965 
0.997335 -0.015555 -0.0712755 -3.40073 0.0176099 0.999445 0.028292 -3.29952 0.0707959 -0.0294717 0.997055 48.6652 
0.9971 -0.016058 -0.074388 -3.37273 0.0185415 0.999289 0.0328168 -3.2926 0.0738082 -0.0341009 0.996689 49.6321 
0.996951 -0.017019 -0.0761499 -3.38705 0.0199931 0.99906 0.0384659 -3.29393 0.0754236 -0.0398711 0.996354 50.4538 
0.996893 -0.0159958 -0.077125 -3.45487 0.0191523 0.999002 0.0403625 -3.27437 0.0764023 -0.0417143 0.996204 51.2938 
0.996683 -0.0153184 -0.0799325 -3.48407 0.0186383 0.998987 0.0409535 -3.45196 0.0792242 -0.0423075 0.995959 52.2386 
0.996645 -0.0159911 -0.0802693 -3.63151 0.018625 0.999309 0.032172 -3.40476 0.0796994 -0.0335591 0.996254 52.9322 
0.996583 -0.0164788 -0.0809427 -3.73171 0.0187412 0.999452 0.02727 -3.45133 0.080449 -0.0286938 0.996346 53.7037 
0.996282 -0.0112434 -0.0854101 -3.64982 0.0137448 0.999492 0.0287553 -3.4835 0.0850434 -0.0298223 0.995931 54.6371 
0.996151 -0.00873765 -0.0872194 -3.68423 0.0114895 0.99945 0.0310991 -3.45492 0.0868997 -0.0319815 0.995704 55.2954 
0.995995 -0.00635834 -0.089184 -3.74202 0.00920595 0.99946 0.0315547 -3.37812 0.0889352 -0.0322493 0.995515 56.0436 
0.99594 -0.00636805 -0.0897916 -3.86998 0.00920705 0.99947 0.031239 -3.41211 0.0895451 -0.0319389 0.995471 56.8327 
0.995819 -0.0055907 -0.0911723 -3.98546 0.0084086 0.999498 0.0305526 -3.32994 0.0909557 -0.0311915 0.995366 57.6251 
0.995674 -0.00546523 -0.0927498 -4.07762 0.008513 0.999436 0.0324964 -3.4085 0.0925198 -0.0331454 0.995159 58.38 
0.995472 -0.00603362 -0.0948607 -4.13596 0.00925522 0.999394 0.0335582 -3.42133 0.0946007 -0.0342842 0.994925 59.08 
0.995315 -0.00674312 -0.0964477 -4.21613 0.0100511 0.999376 0.0338537 -3.40527 0.0961593 -0.0346645 0.994762 59.8712 
0.995292 -0.00460535 -0.0968114 -4.38132 0.008296 0.999253 0.0377542 -3.48068 0.0965651 -0.0383796 0.994586 60.6874 
0.996215 -0.00167606 -0.0869038 -5.09963 0.00635801 0.998541 0.0536263 -4.15109 0.0866871 -0.0539759 0.994772 61.1403 
0.996017 -0.00103233 -0.0891527 -5.15016 0.00600349 0.99844 0.0555099 -4.13378 0.0889563 -0.0558241 0.99447 61.7062 
0.995812 0.000980837 -0.0914239 -5.19997 0.00383861 0.998612 0.0525246 -4.14947 0.0913485 -0.0526556 0.994426 62.3872 
0.995624 0.00152038 -0.0934363 -5.2182 0.00268493 0.998989 0.044865 -4.12319 0.0934101 -0.0449196 0.994614 62.9538 
0.995383 -6.54622e-05 -0.0959864 -5.24813 0.00367975 0.999291 0.0374777 -4.02424 0.0959158 -0.0376578 0.994677 63.6415 
0.995403 2.86147e-05 -0.0957762 -5.35831 0.00339564 0.999361 0.0355895 -4.02656 0.095716 -0.0357511 0.994766 64.2415 
0.995299 0.00223604 -0.0968246 -5.42081 0.0015694 0.99923 0.0392084 -4.03144 0.0968377 -0.039176 0.994529 64.7447 
0.995093 0.00275798 -0.0989093 -5.458 0.00144818 0.999098 0.0424284 -4.02456 0.0989371 -0.0423635 0.994192 65.3805 
0.994878 0.000383982 -0.101082 -5.47155 0.00357016 0.999235 0.0389343 -3.9925 0.10102 -0.0390958 0.994116 65.8957 
0.994788 -0.00837244 -0.10162 -5.51259 0.0118881 0.99935 0.0340397 -3.97362 0.101269 -0.0350704 0.994241 66.3796 
0.994723 -0.012361 -0.10185 -5.51994 0.015355 0.999471 0.0286648 -4.00473 0.101442 -0.0300775 0.994387 66.9198 
0.994912 -0.0100974 -0.100238 -5.51615 0.0129268 0.999535 0.0276171 -3.98008 0.0999124 -0.0287723 0.99458 67.4515 
0.995311 -0.00413952 -0.0966391 -5.56405 0.00717901 0.99949 0.0311254 -3.99875 0.096461 -0.0316732 0.994833 67.8478 
0.99571 -0.00546426 -0.0923622 -5.59752 0.00874831 0.999342 0.0351887 -4.03054 0.0921092 -0.0358458 0.995103 68.3541 
0.996088 -0.00974504 -0.0878278 -5.61846 0.0132756 0.999123 0.039705 -4.06129 0.0873639 -0.0407157 0.995344 68.8427 
0.996663 -0.0142678 -0.080372 -5.61158 0.0179344 0.998822 0.045085 -4.09454 0.0796341 -0.0463759 0.995745 69.282 
0.997362 -0.0129096 -0.0714327 -5.60145 0.0160573 0.998917 0.043668 -4.03904 0.0707916 -0.0446998 0.996489 69.8236 
0.998307 -0.0067285 -0.0577681 -5.61065 0.00924729 0.999013 0.0434457 -4.02765 0.0574188 -0.0439063 0.997384 70.2607 
0.999197 -0.00247061 -0.0399942 -5.58742 0.00424454 0.999008 0.0443307 -4.02001 0.039845 -0.0444649 0.998216 70.8086 
0.999802 -0.00395202 -0.0194851 -5.59531 0.00483862 0.998945 0.0456661 -4.03668 0.0192841 -0.0457513 0.998767 71.2092 
0.999941 -0.00868293 0.00658793 -5.53108 0.00835234 0.998781 0.0486497 -4.10453 -0.00700232 -0.0485918 0.998794 71.6542 
0.999375 -0.0106248 0.0337271 -5.47704 0.00890377 0.99867 0.0507742 -4.10218 -0.0342217 -0.0504422 0.998141 71.9931 
0.997918 -0.00973317 0.0637627 -5.38629 0.00637417 0.998591 0.0526729 -4.08698 -0.0641856 -0.0521567 0.996574 72.3233 
0.994685 -0.010616 0.102419 -5.3445 0.00507999 0.998519 0.0541624 -4.08315 -0.102843 -0.0533542 0.993266 72.7337 
0.989941 -0.0119171 0.140975 -5.26004 0.00416961 0.998471 0.0551251 -4.09663 -0.141416 -0.0539828 0.988477 73.1024 
0.98315 -0.0121308 0.1824 -5.12152 0.00210327 0.99848 0.0550687 -4.05367 -0.182791 -0.0537571 0.981681 73.46 
0.972474 -0.0108411 0.23276 -5.02596 -0.00185073 0.998526 0.0542401 -4.08042 -0.233005 -0.0531778 0.971021 73.796 
0.959068 -0.0110442 0.282961 -4.9241 -0.00400827 0.99861 0.0525621 -4.11302 -0.283148 -0.0515448 0.95769 74.114 
0.94037 -0.0114239 0.339961 -4.74918 -0.00618152 0.998697 0.0506585 -4.09128 -0.340097 -0.0497392 0.939074 74.4055 
0.919026 -0.012005 0.394014 -4.57367 -0.00849113 0.998701 0.0502342 -4.14163 -0.394105 -0.0495122 0.917731 74.745 
0.893576 -0.0123059 0.448744 -4.38471 -0.0103093 0.998798 0.0479187 -4.13375 -0.448794 -0.0474453 0.892375 75.0575 
0.861002 -0.0147751 0.508386 -4.16169 -0.00968406 0.99892 0.0454323 -4.10867 -0.508509 -0.0440406 0.85993 75.3543 
0.827911 -0.017656 0.560581 -3.99123 -0.00977918 0.998898 0.0459038 -4.19931 -0.560774 -0.0434863 0.826826 75.5577 
0.788563 -0.0187703 0.614667 -3.69298 -0.0120329 0.998872 0.04594 -4.13705 -0.614836 -0.0436228 0.787447 75.8493 
0.750396 -0.0192837 0.660708 -3.40378 -0.0167198 0.998701 0.048138 -4.1541 -0.660777 -0.0471694 0.749098 76.0765 
0.70961 -0.0231727 0.704214 -3.14389 -0.0153807 0.998711 0.0483619 -4.14547 -0.704427 -0.0451494 0.708339 76.2764 
0.66268 -0.0258851 0.748455 -2.85099 -0.013884 0.998806 0.0468362 -4.15261 -0.748774 -0.041429 0.66153 76.5134 
0.619564 -0.0297219 0.784383 -2.62087 -0.00929496 0.998935 0.0451936 -4.1297 -0.784891 -0.0352912 0.618628 76.6622 
0.572811 -0.0307599 0.81911 -2.40793 -0.0109545 0.998919 0.0451728 -4.18591 -0.819614 -0.0348484 0.571855 76.7431 
0.529356 -0.0274531 0.847956 -2.15129 -0.0177967 0.998897 0.0434499 -4.15682 -0.848213 -0.0380913 0.528283 76.8728 
0.488149 -0.0265311 0.872357 -1.75186 -0.0195744 0.998954 0.0413346 -4.16817 -0.872541 -0.0372533 0.487119 77.0297 
0.445409 -0.0292056 0.894851 -1.44092 -0.0125934 0.999165 0.0388784 -4.11438 -0.895239 -0.028586 0.444669 77.1093 
0.409539 -0.038654 0.911473 -1.09125 0.00228795 0.999142 0.0413439 -4.13557 -0.91229 -0.0148465 0.409276 77.1602 
0.37711 -0.0424883 0.925193 -0.840085 0.00665172 0.999046 0.0431687 -4.11324 -0.926145 -0.0101252 0.377032 77.1845 
0.343824 -0.0394093 0.938207 -0.526948 0.00278876 0.999157 0.0409475 -4.13442 -0.93903 -0.0114623 0.343645 77.2647 
0.315451 -0.0319052 0.948405 -0.19101 -0.00783872 0.999313 0.0362251 -4.11723 -0.94891 -0.0188615 0.314984 77.3651 
0.289209 -0.0279094 0.956859 0.17626 -0.0140226 0.999344 0.0333869 -4.14018 -0.957163 -0.0230734 0.288628 77.4373 
0.26318 -0.0268488 0.964373 0.529084 -0.0129018 0.999425 0.0313456 -4.17088 -0.96466 -0.0206917 0.262683 77.5057 
0.241195 -0.0262976 0.97012 0.873115 -0.00779911 0.999548 0.0290343 -4.16699 -0.970445 -0.014569 0.240881 77.5443 
0.222413 -0.0232076 0.974676 1.29577 0.00193649 0.999725 0.0233622 -4.26473 -0.974951 -0.00330859 0.222397 77.607 
0.202653 -0.0148267 0.979138 1.60835 0.0034109 0.99989 0.014435 -4.23423 -0.979245 0.00041446 0.202681 77.6253 
0.186587 -0.0137252 0.982343 1.96479 0.000179239 0.999903 0.0139365 -4.24539 -0.982438 -0.00242429 0.186571 77.6576 
0.172422 -0.0184502 0.98485 2.33394 -0.00339509 0.999807 0.0193248 -4.26229 -0.985017 -0.00667569 0.172326 77.688 
0.157476 -0.0222973 0.987271 2.79756 -0.00351781 0.999726 0.0231397 -4.26276 -0.987516 -0.00711699 0.157355 77.7326 
0.145339 -0.024299 0.989083 3.21294 -0.00251281 0.999686 0.0249288 -4.2547 -0.989379 -0.00610851 0.145233 77.7458 
0.133962 -0.0262238 0.990639 3.69533 0.0025907 0.999656 0.0261122 -4.2796 -0.990983 -0.000931588 0.133984 77.7432 
0.123884 -0.0259393 0.991958 4.10723 0.00641431 0.999658 0.0253396 -4.27617 -0.992276 0.00322355 0.124008 77.7921 
0.115204 -0.0253016 0.99302 4.56647 0.00884125 0.999662 0.0244451 -4.26043 -0.993302 0.00596336 0.115389 77.8682 
0.109051 -0.0247988 0.993727 5.05659 0.0109559 0.999658 0.0237445 -4.23618 -0.993976 0.00829782 0.109286 77.9042 
0.103898 -0.0230804 0.99432 5.48046 0.0121133 0.999686 0.0219393 -4.19033 -0.994514 0.00976504 0.104145 77.921 
0.0977534 -0.0231278 0.994942 6.00831 0.0132764 0.999671 0.0219334 -4.23502 -0.995122 0.0110651 0.0980283 77.9825 
0.0923687 -0.0233871 0.99545 6.61147 0.016908 0.999617 0.0219161 -4.22568 -0.995581 0.0148067 0.0927287 78.077 
0.0897102 -0.0231817 0.995698 7.12769 0.0177914 0.999607 0.0216697 -4.19875 -0.995809 0.0157709 0.0900873 78.0733 
0.0861452 -0.0234468 0.996007 7.5457 0.0189149 0.999581 0.021895 -4.18215 -0.996103 0.0169532 0.0865526 78.1095 
0.0829173 -0.0240124 0.996267 8.10719 0.0212141 0.999526 0.0223253 -4.15313 -0.996331 0.0192838 0.0833874 78.1357 
0.0816127 -0.0245872 0.996361 8.67998 0.0244399 0.999444 0.0226614 -4.15242 -0.996364 0.0225015 0.0821683 78.1539 
0.0692212 -0.0288032 0.997185 9.19116 0.0286809 0.999227 0.0268713 -4.37371 -0.997189 0.0267401 0.0699939 78.9315 
0.0719682 -0.0291046 0.996982 9.88394 0.0316979 0.999136 0.0268793 -4.37504 -0.996903 0.0296678 0.0728286 78.9118 
0.075318 -0.0298432 0.996713 10.4432 0.0339613 0.999049 0.0273468 -4.42618 -0.996581 0.03179 0.0762599 78.9376 
0.0807353 -0.0301989 0.996278 11.1193 0.0358144 0.998983 0.0273786 -4.42348 -0.996092 0.0334707 0.0817348 78.91 
0.0853111 -0.032077 0.995838 11.7607 0.0387686 0.998832 0.0288522 -4.41048 -0.9956 0.0361458 0.086455 78.9114 
0.0897748 -0.0329995 0.995415 12.4372 0.0388515 0.998806 0.0296079 -4.3827 -0.995204 0.0360153 0.0909497 78.9261 
0.095499 -0.0354999 0.994796 13.2738 0.0362746 0.998824 0.0321613 -4.38558 -0.994768 0.0330145 0.0966745 78.9232 
0.0999851 -0.0365961 0.994316 14.0075 0.0373666 0.998757 0.0330021 -4.37187 -0.994287 0.0338545 0.101228 78.9636 
0.104293 -0.0375616 0.993837 14.7483 0.0343015 0.998828 0.0341507 -4.47894 -0.993955 0.0305284 0.105459 79.0408 
0.108287 -0.0338425 0.993543 15.4974 0.0318493 0.999025 0.030558 -4.4531 -0.993609 0.0283346 0.109259 79.0978 
0.109922 -0.0275937 0.993557 16.1846 0.026144 0.999349 0.0248621 -4.45095 -0.993596 0.0232427 0.110571 79.1758 
0.108229 -0.0242521 0.99383 16.9847 0.0235961 0.999483 0.0218204 -4.43889 -0.993846 0.0210889 0.108746 79.3513 
0.106495 -0.0244906 0.994012 17.6868 0.0209434 0.99953 0.0223828 -4.47274 -0.994093 0.0184344 0.106958 79.5468 
0.110005 -0.021233 0.993704 18.3284 0.0182652 0.999646 0.019338 -4.11789 -0.993763 0.0160229 0.110354 79.4267 
0.108413 -0.0233261 0.993832 19.1337 0.0192961 0.999586 0.0213562 -4.20425 -0.993919 0.0168618 0.108818 79.5971 
0.108831 -0.0246994 0.993753 19.8064 0.0172099 0.999588 0.0229596 -4.22816 -0.993911 0.0146036 0.109211 79.6654 
0.109829 -0.0252403 0.99363 20.5267 0.0164212 0.999587 0.0235766 -4.25676 -0.993815 0.0137272 0.110198 79.6754 
0.110607 -0.0251143 0.993547 21.3288 0.0140955 0.99962 0.0236987 -4.30649 -0.993764 0.0113833 0.110919 79.7361 
0.110851 -0.0244842 0.993535 22.0794 0.0117708 0.999659 0.0233218 -4.34098 -0.993767 0.00910942 0.111101 79.7389 
0.107191 -0.0231028 0.99397 22.8664 0.00869101 0.999714 0.0222991 -4.27784 -0.9942 0.00624834 0.107361 79.8787 
0.104129 -0.0247004 0.994257 23.5846 0.0045675 0.999693 0.0243571 -4.31429 -0.994553 0.00200497 0.10421 79.9124 
0.100042 -0.0270545 0.994615 24.3397 0.00206984 0.999634 0.0269828 -4.31265 -0.994981 -0.000640724 0.100061 79.955 
0.0775023 -0.0692711 0.994583 24.8767 -0.00048848 0.997581 0.0695179 -6.66296 -0.996992 -0.00587363 0.0772809 80.9555 
0.0710816 -0.0691302 0.995072 25.5429 0.00110158 0.9976 0.0692272 -6.61104 -0.99747 -0.00382462 0.0709871 80.9654 
0.0642968 -0.0682742 0.995593 26.2452 0.000311305 0.997658 0.0683958 -6.59606 -0.997931 -0.00408769 0.0641674 80.9227 
0.052313 -0.0673993 0.996354 26.9973 0.00124612 0.997723 0.0674265 -6.55294 -0.99863 -0.0022857 0.0522779 81.037 
0.0425992 -0.0675655 0.996805 27.6419 0.00331216 0.997715 0.0674857 -6.48103 -0.999087 0.000426748 0.0427256 81.0475 
0.0325666 -0.0691777 0.997073 28.3749 0.00284925 0.997604 0.0691216 -6.45147 -0.999466 0.000589848 0.0326857 80.9989 
0.0218885 -0.0696948 0.997328 29.0242 0.00351471 0.997566 0.0696343 -6.41301 -0.999754 0.00198114 0.0220801 81.008 
0.0115179 -0.069427 0.997521 29.6722 0.00459853 0.99758 0.069378 -6.37316 -0.999923 0.00378803 0.0118093 80.9904 
4.77875e-05 -0.0694768 0.997584 30.3792 0.0041387 0.997575 0.069476 -6.37925 -0.999991 0.00412538 0.000335215 80.9704 
-0.0106642 -0.0689726 0.997562 30.9737 0.00478732 0.997603 0.0690267 -6.38435 -0.999932 0.00551176 -0.0103084 80.9851 
-0.0202713 -0.0689855 0.997412 31.6103 0.00597855 0.99759 0.0691194 -6.4068 -0.999777 0.00736422 -0.0198101 80.9466 
-0.0305317 -0.0682277 0.997202 32.3782 0.00635707 0.997634 0.0684519 -6.37894 -0.999514 0.00842924 -0.0300257 80.9171 
-0.0392218 -0.0681903 0.996901 33.011 0.0067299 0.997628 0.0685049 -6.37986 -0.999208 0.00939592 -0.0386698 80.8526 
-0.0466615 -0.0688678 0.996534 33.784 0.00541387 0.997589 0.0691942 -6.39685 -0.998896 0.00862381 -0.0461761 80.6664 
-0.0540149 -0.0698279 0.996096 34.4308 0.00573133 0.997514 0.0702381 -6.40456 -0.998524 0.00950286 -0.0534804 80.571 
-0.0610597 -0.0714193 0.995576 35.0285 0.00696913 0.997382 0.0719763 -6.38399 -0.99811 0.0113331 -0.0604021 80.504 
-0.0661064 -0.073055 0.995135 35.6949 0.00938571 0.997227 0.0738321 -6.35894 -0.997768 0.0142208 -0.0652374 80.4007 
-0.0697279 -0.0755725 0.994699 36.3263 0.0116703 0.996996 0.0765651 -6.3616 -0.997498 0.0169472 -0.0686365 80.3296 
-0.0721514 -0.0771909 0.994402 36.9478 0.0121858 0.996858 0.0782657 -6.33967 -0.997319 0.0177645 -0.0709841 80.2534 
-0.0736809 -0.0774876 0.994267 37.5771 0.013308 0.996812 0.0786721 -6.28584 -0.997193 0.0190283 -0.0724148 80.1877 
-0.0742508 -0.0783671 0.994156 38.0389 0.0150355 0.996706 0.0796911 -6.31721 -0.997126 0.0208647 -0.0728279 80.1381 
-0.0732359 -0.0781702 0.994246 38.5897 0.0167841 0.996686 0.0795983 -6.3407 -0.997173 0.022517 -0.0716811 80.0722 
-0.0701938 -0.0773129 0.994533 39.1834 0.0179011 0.996734 0.0787475 -6.32823 -0.997373 0.0233309 -0.0685805 80.0165 
-0.064999 -0.0770686 0.994905 39.7018 0.0179053 0.996763 0.0783823 -6.32692 -0.997725 0.0229088 -0.0634086 79.959 
-0.0564822 -0.0765198 0.995467 40.2218 0.0180483 0.996817 0.0776476 -6.29279 -0.99824 0.0223522 -0.0549214 79.9184 
-0.0457304 -0.0764493 0.996024 40.6233 0.0191529 0.996817 0.0773895 -6.27694 -0.99877 0.0226158 -0.0441206 79.901 
-0.0321585 -0.077126 0.996503 41.111 0.0185169 0.996801 0.0777467 -6.29115 -0.999311 0.0209523 -0.0306275 79.8664 
-0.0140222 -0.0760949 0.997002 41.6355 0.0192784 0.996894 0.0763578 -6.28245 -0.999716 0.0202913 -0.0125117 79.8493 
0.00657035 -0.0742755 0.997216 42.1231 0.018022 0.997084 0.074147 -6.2984 -0.999816 0.0174847 0.00788979 79.8415 
0.0305978 -0.0712805 0.996987 42.5448 0.0173819 0.997341 0.0707724 -6.2825 -0.999381 0.0151641 0.0317555 79.837 
0.0608108 -0.0693266 0.995739 42.9557 0.0187447 0.997488 0.0683036 -6.25118 -0.997973 0.0145113 0.0619575 79.8442 
0.0934427 -0.0700737 0.993156 43.3156 0.0200778 0.99745 0.0684876 -6.27669 -0.995422 0.0135407 0.0946113 79.8431 
0.129879 -0.07255 0.988872 43.7931 0.0222637 0.997281 0.0702428 -6.26456 -0.99128 0.0128929 0.131141 79.8949 
0.174047 -0.0759978 0.9818 44.3222 0.0240473 0.997048 0.0729152 -6.23119 -0.984444 0.010919 0.175361 79.9832 
0.217276 -0.0800993 0.972818 44.8178 0.0245247 0.996761 0.0765931 -6.19541 -0.975802 0.0072162 0.218537 80.0822 
0.263624 -0.0822546 0.961112 45.2613 0.0238446 0.996609 0.0787521 -6.13124 -0.964331 0.00215639 0.264692 80.1695 
0.317665 -0.0839898 0.944476 45.7189 0.0241178 0.996463 0.0805011 -6.15568 -0.947896 -0.00279366 0.318567 80.302 
0.36956 -0.0848714 0.925323 46.2109 0.0281043 0.996385 0.0801649 -6.17384 -0.928782 -0.00362019 0.37061 80.4674 
0.42368 -0.084602 0.901852 46.6474 0.0353209 0.996415 0.0768795 -6.16232 -0.905123 -0.00071816 0.42515 80.6647 
0.484642 -0.0816537 0.870893 47.0791 0.0421307 0.996657 0.0699998 -6.15073 -0.873698 0.00276651 0.486462 80.9322 
0.540061 -0.0792689 0.837885 47.4188 0.0496038 0.996822 0.062333 -6.16116 -0.840163 0.00789867 0.542277 81.1487 
0.599404 -0.0748984 0.796935 47.7615 0.0512954 0.99716 0.0551351 -6.17505 -0.798801 0.00783087 0.601544 81.4448 
0.650838 -0.0708105 0.755907 48.0078 0.0514332 0.997466 0.0491546 -6.15626 -0.757473 0.00688709 0.652831 81.6986 
0.69998 -0.0694354 0.710779 48.2777 0.0546638 0.997552 0.0436168 -6.13428 -0.712068 0.00832301 0.702062 81.9647 
0.749474 -0.0718501 0.658123 48.5602 0.0596821 0.997378 0.0409218 -6.16636 -0.659338 0.00860837 0.751797 82.3109 
0.79072 -0.0740547 0.607683 48.8251 0.0620356 0.997239 0.0408067 -6.11009 -0.609027 0.0054313 0.793131 82.6891 
0.8281 -0.0787033 0.555028 49.0057 0.0660735 0.996897 0.0427791 -6.09369 -0.556673 0.00124732 0.830731 83.0633 
0.864873 -0.080624 0.495474 49.2311 0.0669914 0.996727 0.0452518 -6.12485 -0.4975 -0.00594459 0.867443 83.4496 
0.893052 -0.0835452 0.44213 49.4053 0.0693188 0.996426 0.0482693 -6.1539 -0.444582 -0.0124591 0.895651 83.8307 
0.916604 -0.0823361 0.391226 49.6151 0.0684184 0.996433 0.0494081 -6.1263 -0.393898 -0.0185206 0.918967 84.2224 
0.936498 -0.0807721 0.341243 49.7391 0.0679984 0.996469 0.0492509 -6.14998 -0.344016 -0.0229194 0.938684 84.6567 
0.950707 -0.0738637 0.301166 49.8803 0.0619884 0.996883 0.0488123 -6.12299 -0.303832 -0.0277374 0.952322 85.0385 
0.962211 -0.069878 0.263187 49.9461 0.0602314 0.99719 0.0445552 -6.13228 -0.265561 -0.0270194 0.963715 85.3385 
0.970308 -0.0672465 0.232337 50.0533 0.0590152 0.997364 0.0422078 -6.15667 -0.234563 -0.0272432 0.971719 85.73 
0.975093 -0.0725099 0.209607 50.1536 0.0656616 0.997062 0.0394576 -6.10433 -0.211852 -0.0247118 0.976989 86.1455 
0.978497 -0.0762408 0.191654 50.2697 0.0701722 0.996801 0.0382649 -6.06786 -0.193958 -0.0239933 0.980716 86.5734 
0.981158 -0.0731036 0.178842 50.3643 0.0675397 0.99703 0.0370125 -6.06825 -0.181016 -0.0242362 0.983181 86.9961 
0.983588 -0.0663535 0.167786 50.4722 0.0610462 0.997464 0.0365998 -6.06154 -0.169789 -0.0257564 0.985144 87.4759 
0.985149 -0.059409 0.161097 50.5701 0.0543384 0.997884 0.0357045 -6.09981 -0.162878 -0.0264205 0.986292 87.8905 
0.986086 -0.0534373 0.157416 50.6897 0.0490807 0.9983 0.0314366 -6.09716 -0.158828 -0.0232731 0.987032 88.3728 
0.986336 -0.052038 0.156314 50.7685 0.0480188 0.998414 0.0293819 -6.10134 -0.157596 -0.0214744 0.98727 88.7879 
0.985902 -0.0540936 0.158336 50.8477 0.0506119 0.998381 0.0259424 -6.04949 -0.159483 -0.0175629 0.987044 89.279 
0.985101 -0.0557487 0.162692 50.9498 0.0534691 0.998401 0.018361 -6.00908 -0.163455 -0.00938842 0.986506 89.7622 
0.984379 -0.0574781 0.166415 51.044 0.0560967 0.998341 0.0129933 -5.97322 -0.166886 -0.00345502 0.98597 90.2411 
0.983759 -0.0535758 0.171311 51.083 0.0518564 0.998549 0.0144989 -6.00724 -0.17184 -0.00537981 0.98511 90.8137 
0.982819 -0.0523944 0.176982 51.1547 0.0496199 0.998567 0.0200695 -6.06308 -0.177779 -0.0109428 0.98401 91.3696 
0.98219 -0.0546478 0.179765 51.3325 0.0507632 0.998368 0.0261428 -6.13126 -0.1809 -0.0165517 0.983362 91.8699 
0.981524 -0.0590255 0.182007 51.506 0.0539978 0.998013 0.0324613 -6.1202 -0.183561 -0.0220336 0.982761 92.4452 
0.980887 -0.060914 0.1848 51.5818 0.0550188 0.997804 0.0368668 -6.08649 -0.18664 -0.0259946 0.982084 92.8749 
0.979743 -0.0669288 0.188746 51.6309 0.0608392 0.997428 0.0378812 -6.05866 -0.190796 -0.0256306 0.981295 93.5146 
0.979356 -0.0728201 0.188569 51.7694 0.0673012 0.9971 0.0355153 -6.0777 -0.190609 -0.0220912 0.981417 94.0118 
0.979129 -0.0735919 0.18945 51.8313 0.069164 0.997157 0.0298876 -6.08274 -0.191111 -0.0161607 0.981435 94.6154 
0.979399 -0.0729733 0.188291 51.9793 0.0698888 0.99729 0.022978 -6.11825 -0.189457 -0.00934524 0.981845 95.166 
0.980319 -0.069053 0.184947 52.1733 0.0669999 0.997602 0.0173356 -6.08165 -0.185701 -0.00460298 0.982596 95.8891 
0.980843 -0.070081 0.181755 52.2943 0.0672467 0.9975 0.0217177 -6.09887 -0.182822 -0.00907923 0.983104 96.4776 
0.981036 -0.0740168 0.179134 52.4002 0.0699008 0.997127 0.0291902 -6.08907 -0.18078 -0.0161151 0.983392 97.048 
0.98176 -0.0740237 0.175125 52.5672 0.0689941 0.997015 0.034645 -6.03801 -0.177167 -0.0219305 0.983937 97.6983 
0.982462 -0.0713474 0.172276 52.716 0.066268 0.997186 0.0350648 -6.09885 -0.174292 -0.0230334 0.984425 98.3351 
0.983104 -0.067842 0.17001 52.8511 0.0635373 0.997509 0.0306401 -6.12642 -0.171665 -0.0193204 0.984966 99.0278 
0.983793 -0.0671181 0.166271 52.9701 0.0639344 0.997655 0.0244326 -6.09297 -0.167521 -0.0134062 0.985777 99.6341 
0.984643 -0.0674233 0.161037 53.1412 0.0649862 0.997678 0.0203595 -6.05529 -0.162036 -0.00958167 0.986738 100.21 
0.985185 -0.0707096 0.15624 53.2762 0.0679817 0.997427 0.0227415 -6.12737 -0.157446 -0.0117831 0.987457 100.94 
0.985554 -0.0751049 0.151798 53.4083 0.0722992 0.997096 0.0239261 -6.12629 -0.153154 -0.0126056 0.988122 101.593 
0.985695 -0.0777614 0.149531 53.5303 0.0746056 0.996858 0.0266081 -6.13587 -0.15113 -0.0150716 0.988399 102.42 
0.985773 -0.0817311 0.146875 53.6705 0.0782655 0.996504 0.0292314 -6.1353 -0.14875 -0.0173203 0.988723 103.156 
0.985403 -0.088115 0.145661 53.7574 0.0844369 0.995938 0.0312561 -6.16335 -0.147824 -0.0185007 0.988841 103.65 
0.986007 -0.0874252 0.141942 54.0255 0.0837558 0.995984 0.0316354 -6.09782 -0.144138 -0.0193042 0.989369 104.376 
0.986402 -0.0829329 0.141893 54.1514 0.0794728 0.996389 0.0298909 -6.1007 -0.143859 -0.0182078 0.989431 105.024 
0.986756 -0.0787745 0.141797 54.2648 0.0756074 0.996756 0.0275946 -6.13531 -0.143511 -0.0165082 0.989511 105.634 
0.987491 -0.069563 0.141498 54.4106 0.0663824 0.997427 0.0270816 -6.17341 -0.143018 -0.0173499 0.989568 106.288 
0.98767 -0.0624796 0.143544 54.4921 0.0592665 0.997889 0.0265565 -6.0721 -0.1449 -0.0177217 0.989288 106.85 
0.987431 -0.0596458 0.146367 54.5792 0.0557208 0.997972 0.0307747 -6.14522 -0.147906 -0.0222322 0.988752 107.548 
0.987103 -0.0592427 0.148722 54.6846 0.0552908 0.998002 0.0305716 -6.15769 -0.150236 -0.0219543 0.988406 108.239 
0.986858 -0.0597727 0.150129 54.822 0.0562569 0.998036 0.0275612 -6.14641 -0.151482 -0.0187531 0.988282 108.943 
0.98626 -0.0672372 0.1509 54.9107 0.0635912 0.997559 0.0288645 -6.1294 -0.152473 -0.018872 0.988127 109.564 
0.985904 -0.0734191 0.15034 55.0445 0.0697672 0.997129 0.0294303 -6.16238 -0.152069 -0.0185266 0.988196 110.183 
0.985743 -0.0738123 0.151205 55.1538 0.0701495 0.997102 0.0294242 -6.14352 -0.152939 -0.0183977 0.988064 110.802 
0.985921 -0.0717997 0.151011 55.3362 0.0673161 0.997131 0.0346028 -6.3132 -0.153063 -0.0239502 0.987926 111.682 
0.985777 -0.070273 0.152662 55.3698 0.0647545 0.997066 0.0408309 -6.35068 -0.155083 -0.0303647 0.987435 112.439 
0.986236 -0.064441 0.152269 55.5197 0.0580056 0.99724 0.0463383 -6.31035 -0.154835 -0.0368681 0.987252 113.15 
0.985891 -0.0658152 0.153904 55.6419 0.0601897 0.997347 0.0409356 -6.34843 -0.15619 -0.0310947 0.987237 113.949 
0.985385 -0.0722362 0.15427 55.8124 0.0686384 0.997234 0.0285292 -6.40897 -0.155904 -0.0175234 0.987617 114.701 
0.984486 -0.0784485 0.156949 55.7955 0.0760149 0.996876 0.0214581 -6.61915 -0.158142 -0.0091947 0.987374 115.514 
0.98484 -0.0781826 0.154848 55.9429 0.0748835 0.996826 0.0270343 -6.59474 -0.15647 -0.0150289 0.987568 116.23 
0.985012 -0.0832842 0.151044 56.0839 0.0767465 0.995865 0.0486185 -6.57948 -0.154469 -0.0362977 0.987331 116.902 
0.985471 -0.0842625 0.147466 56.2193 0.0751053 0.994948 0.0666103 -6.53868 -0.152333 -0.0545671 0.986822 117.582 
0.985709 -0.0827971 0.146705 56.3531 0.0747364 0.995418 0.0596392 -6.49568 -0.150971 -0.0478227 0.987381 118.236 
0.9863 -0.0757871 0.146523 56.4818 0.069966 0.996557 0.0444891 -6.48845 -0.14939 -0.033628 0.988206 119.03 
0.986498 -0.0767899 0.144657 56.672 0.0724894 0.996763 0.0347765 -6.46842 -0.146859 -0.0238209 0.988871 119.767 
0.986424 -0.0813125 0.142677 56.7756 0.0772735 0.996442 0.0336342 -6.44553 -0.144905 -0.0221524 0.989198 120.417 
0.986864 -0.0819764 0.13921 56.8826 0.0775075 0.996296 0.0372345 -6.44139 -0.141746 -0.0259556 0.989563 120.988 
0.987383 -0.0828203 0.134968 57.0152 0.0787929 0.996279 0.0349221 -6.39445 -0.137358 -0.023847 0.990234 121.747 
0.987942 -0.0831023 0.130634 57.0856 0.079637 0.996325 0.0315401 -6.33429 -0.132775 -0.0207565 0.990929 122.407 
0.988812 -0.0783133 0.126954 57.1735 0.0747205 0.996664 0.0328274 -6.33998 -0.129101 -0.0229741 0.991365 123.081 
0.989586 -0.0724692 0.124373 57.2785 0.0692076 0.99714 0.0303533 -6.32589 -0.126217 -0.0214296 0.991771 123.745 
0.989975 -0.0720352 0.121491 57.3913 0.0685058 0.997105 0.0329867 -6.32409 -0.123515 -0.0243331 0.992044 124.382 
0.990184 -0.0737714 0.118717 57.5 0.0697589 0.996855 0.0376124 -6.29579 -0.121119 -0.0289616 0.992215 125.008 
0.990169 -0.0765637 0.117064 57.5751 0.072545 0.996633 0.0382188 -6.31329 -0.119596 -0.0293506 0.992389 125.637 
0.990465 -0.0775843 0.113844 57.7166 0.0741458 0.996663 0.0341392 -6.27344 -0.116113 -0.0253726 0.992912 126.408 
0.990362 -0.0840511 0.110086 57.7373 0.0812167 0.996245 0.0299906 -6.21242 -0.112194 -0.0207608 0.993469 127.138 
0.990726 -0.0879042 0.103613 57.8012 0.0855136 0.995963 0.0273017 -6.20319 -0.105595 -0.0181881 0.994243 127.774 
0.9913 -0.0894404 0.0965606 57.8597 0.0867625 0.995728 0.0315927 -6.21896 -0.0989738 -0.02294 0.994826 128.464 
0.991892 -0.0906576 0.0890581 57.914 0.087308 0.995345 0.0408219 -6.23482 -0.0923443 -0.0327154 0.99519 129.175 
0.991924 -0.0947757 0.0842837 57.9435 0.0908987 0.994668 0.0487133 -6.20909 -0.0884512 -0.0406586 0.99525 129.79 
0.992951 -0.0868096 0.0807045 57.9201 0.0825728 0.995097 0.0544372 -6.31034 -0.0850345 -0.0473895 0.99525 130.688 
0.99338 -0.0840337 0.0783276 57.8705 0.080302 0.995534 0.049638 -6.3433 -0.082149 -0.0430196 0.995691 131.433 
0.993944 -0.083836 0.0710476 57.9928 0.0812794 0.995961 0.0381466 -6.27726 -0.0739587 -0.0321409 0.996743 132.155 
0.994022 -0.0876261 0.0651246 58.0074 0.0857644 0.995837 0.030857 -6.26775 -0.0675574 -0.0250872 0.9974 132.895 
0.994298 -0.0897561 0.0575836 58.1028 0.0880232 0.995606 0.0319609 -6.30658 -0.0601993 -0.02671 0.997829 133.64 
0.995383 -0.0825965 0.0488864 58.1625 0.0809044 0.996085 0.035639 -6.32129 -0.0516386 -0.0315193 0.998168 134.262 
0.996136 -0.0782261 0.0399182 58.2124 0.0768691 0.996445 0.0344696 -6.33226 -0.0424727 -0.031268 0.998608 134.996 
0.996437 -0.078487 0.030883 58.2045 0.0776487 0.996602 0.0274669 -6.30613 -0.0329339 -0.024971 0.999146 135.687 
0.996365 -0.0823298 0.021862 58.2613 0.0817957 0.996353 0.0242978 -6.30407 -0.0237827 -0.0224213 0.999466 136.385 
0.996447 -0.0831642 0.0133354 58.2415 0.0827806 0.996199 0.0271181 -6.4233 -0.0155399 -0.0259179 0.999543 137.178 
0.996802 -0.0797912 0.0044788 58.2605 0.0795918 0.996237 0.0343215 -6.46324 -0.00720049 -0.0338552 0.999401 137.914 
0.997122 -0.0756889 -0.00423853 58.2106 0.0757996 0.996263 0.0414112 -6.55696 0.00108833 -0.0416133 0.999133 138.715 
0.996939 -0.0772165 -0.0122747 58.2116 0.0776829 0.996022 0.0436478 -6.51408 0.00885553 -0.0444677 0.998972 139.351 
0.996846 -0.0768346 -0.0198557 58.2684 0.0776585 0.995976 0.0447281 -6.51684 0.0163391 -0.046129 0.998802 140.078 
0.996774 -0.0769392 -0.0228421 58.1281 0.0778876 0.995989 0.0440311 -6.56745 0.0193628 -0.0456682 0.998769 141.003 
0.997044 -0.0717494 -0.0274934 58.1384 0.0727493 0.996653 0.0372793 -6.54918 0.0247267 -0.0391692 0.998927 141.598 
0.99738 -0.0650168 -0.0317112 58.1631 0.0660315 0.997302 0.0320739 -6.56512 0.0295403 -0.0340838 0.998982 142.339 
0.99737 -0.0631485 -0.0355712 58.1853 0.0641393 0.997564 0.0274368 -6.52448 0.0337519 -0.0296461 0.99899 143.179 
0.997587 -0.0588662 -0.036819 58.0066 0.0600736 0.997662 0.0325933 -6.45825 0.0348143 -0.0347265 0.99879 143.887 
0.997696 -0.0549416 -0.0397951 57.9498 0.0566494 0.997462 0.0431391 -6.48909 0.037324 -0.0452941 0.998276 144.608 
0.997537 -0.0552294 -0.043247 57.862 0.0574653 0.996977 0.0522885 -6.5607 0.0402284 -0.0546449 0.997695 145.465 
0.997274 -0.056959 -0.0469021 57.7705 0.0592712 0.997015 0.0494808 -6.54209 0.0439438 -0.0521259 0.997673 146.215 
0.996274 -0.0698436 -0.0505871 57.6616 0.0718678 0.996637 0.0393648 -6.49215 0.0476676 -0.0428537 0.997944 147.018 
0.995613 -0.074182 -0.0570203 57.6341 0.0760713 0.996598 0.0317067 -6.46605 0.0544742 -0.0359053 0.997869 147.598 
0.995409 -0.0716881 -0.0634157 57.5372 0.0738789 0.996724 0.0329014 -6.44097 0.0608493 -0.0374354 0.997445 148.305 
0.994754 -0.0721264 -0.0725467 57.5216 0.0749228 0.996518 0.0365902 -6.37063 0.069655 -0.0418336 0.996694 149.091 
0.99369 -0.0778688 -0.0807236 57.475 0.0812719 0.995899 0.0397611 -6.31497 0.0772964 -0.0460708 0.995943 149.799 
0.992406 -0.0868407 -0.0871145 57.4283 0.0907038 0.995017 0.0414053 -6.29629 0.0830847 -0.0489925 0.995337 150.532 
0.991239 -0.0922871 -0.0944853 57.3837 0.0966639 0.994395 0.0428341 -6.35324 0.0900027 -0.0515921 0.994604 151.249 
0.990218 -0.0968329 -0.100459 57.3367 0.100982 0.994198 0.0370565 -6.35309 0.0962878 -0.0468385 0.994251 151.929 
0.988454 -0.105998 -0.108271 57.3282 0.109409 0.993655 0.0260484 -6.36667 0.104823 -0.0375935 0.99378 152.682 
0.986282 -0.118307 -0.115116 57.3164 0.121159 0.992468 0.0180805 -6.35561 0.11211 -0.0317799 0.993187 153.233 
0.985951 -0.115331 -0.120826 57.1423 0.119314 0.99251 0.0262432 -6.38211 0.116894 -0.0402907 0.992327 153.956 
0.986017 -0.10636 -0.128287 57.031 0.112449 0.992804 0.0411751 -6.48343 0.122984 -0.0550251 0.990882 154.842 
0.98593 -0.100106 -0.13387 56.9273 0.107601 0.992938 0.0499584 -6.53179 0.127924 -0.06366 0.989739 155.508 
0.985294 -0.100991 -0.137828 56.8377 0.108325 0.993015 0.0467716 -6.46971 0.132142 -0.0610141 0.989351 156.193 
0.985119 -0.100867 -0.139163 56.7493 0.106863 0.993611 0.0362905 -6.49249 0.134613 -0.0506218 0.989604 156.945 
0.985662 -0.0908414 -0.142189 56.7001 0.0955876 0.995058 0.0268989 -6.51454 0.139042 -0.0401047 0.989474 157.716 
0.985308 -0.0920149 -0.143877 56.5758 0.0963334 0.995076 0.0233282 -6.52418 0.141022 -0.0368456 0.989321 158.49 
0.984108 -0.0988946 -0.147481 56.4961 0.103872 0.99424 0.0264189 -6.48513 0.144019 -0.0413182 0.988712 159.2 
0.984789 -0.0981724 -0.143364 56.0643 0.104534 0.993813 0.0375204 -6.61621 0.138793 -0.0519361 0.988959 159.868 
0.984882 -0.0962599 -0.144018 55.9457 0.10351 0.993668 0.0437059 -6.58455 0.138899 -0.0579524 0.988609 160.675 
0.984356 -0.0978747 -0.146503 55.8655 0.104967 0.993611 0.0414688 -6.55645 0.141509 -0.0561981 0.988341 161.392 
0.983975 -0.0992 -0.148164 55.7725 0.105279 0.99387 0.0337443 -6.53992 0.143908 -0.0488021 0.988387 162.076 
0.9827 -0.110831 -0.148383 55.6141 0.115611 0.993006 0.0239555 -6.68373 0.14469 -0.0406958 0.98864 162.793 
0.980902 -0.123892 -0.149939 55.5054 0.128173 0.991566 0.0191903 -6.70093 0.146297 -0.0380419 0.988509 163.39 
0.980997 -0.120639 -0.151959 55.3767 0.12576 0.991758 0.0245171 -6.7354 0.147749 -0.0431616 0.988083 164.249 
0.981539 -0.114307 -0.153345 55.2015 0.120628 0.992164 0.0325377 -6.66517 0.148425 -0.0504347 0.987637 164.936 
0.981416 -0.111945 -0.155855 55.0935 0.119187 0.992148 0.0378945 -6.67342 0.150389 -0.0557661 0.987053 165.645 
0.98076 -0.116347 -0.156761 54.9775 0.122968 0.991856 0.0331846 -6.64306 0.151623 -0.0518227 0.987079 166.394 
0.980685 -0.11696 -0.15677 54.9026 0.12274 0.992053 0.0276722 -6.67771 0.152288 -0.0463796 0.987247 167.048 
0.981489 -0.109209 -0.15733 54.8087 0.114667 0.993063 0.0260176 -6.66074 0.153397 -0.0435766 0.987203 167.697 
0.981493 -0.106091 -0.159427 54.7267 0.112524 0.993138 0.0318524 -6.72724 0.154954 -0.0492022 0.986696 168.535 
0.981708 -0.103587 -0.159749 54.5377 0.110764 0.99317 0.0366684 -6.82187 0.15486 -0.0536921 0.986476 169.218 
0.981616 -0.10213 -0.161241 54.4432 0.10988 0.993144 0.0398829 -6.81961 0.156063 -0.0568669 0.986109 169.933 
0.981707 -0.0991316 -0.162554 54.349 0.106891 0.993479 0.0396827 -6.81256 0.15756 -0.0563324 0.985901 170.646 
0.981495 -0.10071 -0.162866 54.2307 0.108154 0.993428 0.0374768 -6.80169 0.158022 -0.0543979 0.985936 171.302 
0.981368 -0.0994523 -0.164397 54.1519 0.10586 0.993908 0.030666 -6.76308 0.160346 -0.0474977 0.985917 172.063 
0.981073 -0.0991971 -0.166299 54.0612 0.105654 0.993938 0.0304206 -6.78517 0.162273 -0.047415 0.985606 172.746 
0.981501 -0.0983632 -0.164255 53.9959 0.104689 0.994044 0.0302902 -6.79023 0.160297 -0.0469256 0.985953 173.46 
