1 0 0 0 0 1 0 0 0 0 1 0 
0.999997 0.00212598 0.00122718 -0.231912 -0.00215659 0.999672 0.0255059 -1.57268 -0.00117255 -0.0255085 0.999674 0.731935 
0.999989 0.00405469 -0.00215153 -0.190954 -0.00399932 0.999676 0.025144 -1.6117 0.00225278 -0.0251352 0.999682 1.39805 
0.999981 0.00582191 -0.00179971 -0.375053 -0.00577791 0.999706 0.0235589 -1.58303 0.00193634 -0.0235481 0.999721 2.02738 
0.999988 0.00417573 -0.00237742 -0.517895 -0.0041184 0.999712 0.0236303 -1.655 0.00247541 -0.0236202 0.999718 2.64265 
0.999975 0.00289999 -0.00651604 -0.444031 -0.00276782 0.999792 0.020202 -1.52154 0.00657327 -0.0201834 0.999775 3.3013 
0.999954 0.00322296 -0.00905076 -0.466979 -0.00305998 0.999834 0.0179641 -1.46322 0.00910715 -0.0179356 0.999798 3.8814 
0.999926 0.00273807 -0.0118154 -0.462523 -0.00252882 0.99984 0.0176892 -1.50994 0.0118619 -0.017658 0.999774 4.53642 
0.999916 0.00348289 -0.0124786 -0.573713 -0.00325369 0.999827 0.0183406 -1.60553 0.0125403 -0.0182985 0.999754 5.27298 
0.999783 0.00481782 -0.0202585 -0.275063 -0.00447327 0.999845 0.0170187 -1.60272 0.0203373 -0.0169244 0.99965 5.97273 
0.999759 0.00482993 -0.0214278 -0.385989 -0.00411137 0.999432 0.0334522 -2.64672 0.0215772 -0.0333561 0.999211 6.65423 
0.999676 0.00592355 -0.0247598 -0.349704 -0.0051283 0.999473 0.0320594 -2.59968 0.0249366 -0.031922 0.999179 7.21447 
0.999636 0.00664864 -0.0261652 -0.424745 -0.00583282 0.999498 0.0311333 -2.61138 0.026359 -0.0309693 0.999173 7.83354 
0.999578 0.00729059 -0.028106 -0.479153 -0.00646038 0.999543 0.029517 -2.58131 0.0283083 -0.029323 0.999169 8.46424 
0.999383 0.00723138 -0.0343622 -0.27041 -0.00575288 0.999061 0.0429325 -3.42509 0.0346404 -0.0427084 0.998487 9.09085 
0.999254 0.00642082 -0.0380849 -0.202159 -0.00472842 0.999004 0.0443623 -3.48844 0.0383318 -0.0441491 0.998289 9.53671 
0.999157 0.00878056 -0.0401111 -0.266352 -0.00707632 0.999074 0.0424341 -3.47188 0.0404465 -0.0421145 0.998294 10.1441 
0.998945 0.00772071 -0.0452728 -0.120096 -0.00596793 0.999232 0.0387241 -3.38262 0.045537 -0.0384131 0.998224 10.7018 
0.998814 0.0119058 -0.0472084 -0.188646 -0.0102312 0.999315 0.0355565 -3.2993 0.0475994 -0.0350313 0.998252 11.3637 
0.998788 0.0133132 -0.0473947 -0.307674 -0.0115291 0.999222 0.0377184 -3.39258 0.04786 -0.0371263 0.998164 12.0488 
0.998708 0.0132551 -0.0490669 -0.360112 -0.0113075 0.999145 0.0397596 -3.38843 0.049552 -0.0391534 0.998004 12.6733 
0.998396 0.0127353 -0.0551736 -0.162502 -0.0106715 0.999238 0.0375404 -3.15561 0.0556097 -0.0368913 0.997771 13.4379 
0.998287 0.0143488 -0.0567238 -0.210085 -0.0122429 0.999229 0.0373002 -3.11201 0.0572152 -0.0365418 0.997693 14.0576 
0.998113 0.0136194 -0.0598669 -0.200572 -0.0114751 0.999285 0.0360174 -3.0616 0.0603146 -0.0352625 0.997556 14.7533 
0.998182 0.0131433 -0.0588251 -0.393889 -0.0109198 0.99922 0.0379619 -3.22802 0.0592781 -0.0372506 0.997546 15.4957 
0.998225 0.013582 -0.0579779 -0.543629 -0.0112988 0.999155 0.039528 -3.21999 0.0584657 -0.0388028 0.997535 16.0722 
0.998223 0.0130922 -0.0581382 -0.590229 -0.0105305 0.998969 0.0441519 -3.22661 0.0586564 -0.0434612 0.997332 16.7389 
0.998124 0.0150275 -0.0593439 -0.531336 -0.0121763 0.998767 0.048118 -3.2225 0.0599938 -0.0473052 0.997077 17.31 
0.99817 0.0126602 -0.0591383 -0.531524 -0.00959027 0.998606 0.0519086 -3.26598 0.0597131 -0.0512465 0.996899 18.0819 
0.998459 0.011346 -0.0543208 -0.793081 -0.00871561 0.998789 0.0484169 -2.96335 0.0548044 -0.0478689 0.997349 18.8082 
0.998783 0.0114432 -0.0479774 -1.1734 -0.00933988 0.998995 0.0438376 -2.79777 0.0484309 -0.0433362 0.997886 19.6284 
0.999348 0.0123469 -0.0339242 -2.01294 -0.0105618 0.998575 0.0523046 -3.58316 0.0345217 -0.0519122 0.998055 20.4556 
0.999295 0.0136097 -0.0349953 -1.92508 -0.0119247 0.99878 0.0479139 -3.4908 0.0356047 -0.0474628 0.998238 21.1828 
0.999283 0.0115605 -0.0360664 -1.88098 -0.00984678 0.99883 0.0473376 -3.37603 0.0365715 -0.0469485 0.998228 21.9405 
0.998902 0.0115979 -0.0453992 -1.3669 -0.00766568 0.996279 0.0858483 -5.32755 0.0462259 -0.085406 0.995273 22.7493 
0.998852 0.00754462 -0.0473034 -1.38001 -0.0031902 0.995804 0.0914611 -5.35795 0.0477949 -0.0912052 0.994685 23.4996 
0.999045 -0.00044073 -0.0436884 -1.69758 0.00437965 0.995923 0.0901047 -5.23987 0.0434706 -0.09021 0.994974 24.1179 
0.998943 -0.00436351 -0.0457614 -1.72216 0.00830437 0.996236 0.0862847 -5.21355 0.0452127 -0.0865735 0.995219 24.8102 
0.998857 -0.00315806 -0.0476842 -1.75436 0.00702803 0.996672 0.0812104 -5.12369 0.047269 -0.0814527 0.995556 25.4867 
0.998614 -0.00346656 -0.0525082 -1.63609 0.00859548 0.995172 0.0977705 -6.13207 0.0519157 -0.0980864 0.993823 26.3229 
0.998522 -0.00352162 -0.0542385 -1.68188 0.0089242 0.994978 0.0996906 -6.06119 0.0536151 -0.100027 0.993539 27.1152 
0.998633 -3.83716e-05 -0.052278 -1.92432 0.0049326 0.995608 0.0934936 -5.47581 0.0520448 -0.0936236 0.994246 27.8085 
0.99838 2.28981e-05 -0.0568996 -1.80537 0.00553083 0.995225 0.0974464 -5.5771 0.0566301 -0.0976032 0.993613 28.7901 
0.998375 -0.000473111 -0.056981 -1.93148 0.0062358 0.994867 0.100998 -5.59391 0.0566407 -0.10119 0.993253 29.549 
0.998356 -0.00116295 -0.057313 -1.97927 0.00615255 0.996193 0.0869596 -4.49666 0.0569936 -0.0871692 0.994562 30.4036 
0.998186 0.00568763 -0.0599412 -1.94115 -0.00031564 0.996009 0.0892519 -4.47237 0.0602096 -0.089071 0.994204 31.2196 
0.998306 0.00674052 -0.0577827 -2.14423 -0.00146621 0.995865 0.090839 -4.50528 0.0581561 -0.0906004 0.994188 31.9271 
0.998201 0.00476138 -0.0597682 -2.11358 0.000663623 0.995903 0.0904211 -4.52076 0.0599538 -0.090298 0.994109 32.6414 
0.998184 0.00727644 -0.0597919 -2.17624 -0.00204118 0.996193 0.0871567 -4.45805 0.0601984 -0.0868764 0.994399 33.394 
0.998547 0.00858537 -0.0532039 -2.69738 -0.00253547 0.99362 0.112751 -5.92738 0.0538325 -0.112453 0.992198 34.1769 
0.99845 0.00743173 -0.0551521 -2.71235 -0.00109933 0.993484 0.11397 -5.84715 0.0556397 -0.113733 0.991952 34.9054 
0.99916 0.0118695 -0.0392129 -3.78586 -0.00562606 0.987797 0.155646 -8.17457 0.0405818 -0.155294 0.987034 35.8852 
0.998767 0.014416 -0.0475093 -3.36768 -0.0088352 0.993251 0.115649 -5.84999 0.0488559 -0.115086 0.992153 36.295 
0.998743 0.0147032 -0.0479176 -3.46064 -0.00941053 0.994012 0.108863 -5.70948 0.0492313 -0.108275 0.992901 37.0091 
0.998671 0.0146398 -0.0494076 -3.46775 -0.00913005 0.993895 0.109952 -5.7353 0.0507157 -0.109355 0.992708 37.7555 
0.99857 0.0159602 -0.0510217 -3.44157 -0.0100988 0.993528 0.113139 -5.66372 0.0524972 -0.112462 0.992268 38.4449 
0.9989 0.0142899 -0.0446704 -3.89562 -0.00720816 0.987913 0.154843 -7.8596 0.0463432 -0.154351 0.986929 39.4729 
0.998869 0.0141123 -0.0454094 -3.9252 -0.00685816 0.987717 0.156103 -7.79683 0.0470546 -0.155615 0.986696 40.1563 
0.998827 0.0132107 -0.046592 -3.92777 -0.00585899 0.987971 0.154527 -7.65552 0.0480729 -0.154072 0.986889 40.8791 
0.998766 0.0106778 -0.0485068 -3.89583 -0.00311152 0.988151 0.153455 -7.60855 0.0495706 -0.153114 0.986964 41.579 
0.999152 0.00785795 -0.0404081 -4.51576 -0.00173818 0.98879 0.149306 -7.20295 0.0411283 -0.149109 0.987965 42.2424 
0.999103 0.00495135 -0.0420444 -4.54615 0.00163768 0.987873 0.155253 -7.16531 0.0423032 -0.155183 0.98698 43.0495 
0.999022 0.00345268 -0.0440862 -4.50041 0.00314665 0.98887 0.14875 -6.35767 0.0441091 -0.148743 0.987892 43.6715 
0.99899 0.00308756 -0.044822 -4.52029 0.00375078 0.988422 0.151685 -6.3253 0.0447714 -0.1517 0.987412 44.3214 
0.998984 0.0039992 -0.0448894 -4.6775 0.00294193 0.988144 0.153504 -6.48117 0.0449711 -0.15348 0.987128 45.0599 
0.998806 0.00488618 -0.0486167 -4.59697 0.00218042 0.989539 0.144248 -6.32775 0.048813 -0.144182 0.988347 45.7842 
0.998549 0.00288235 -0.0537769 -4.42973 0.00464413 0.990238 0.139309 -6.28842 0.0536535 -0.139356 0.988788 46.5928 
0.998747 0.00986794 -0.0490656 -4.85808 -0.00208995 0.987738 0.15611 -7.14062 0.0500044 -0.155812 0.98652 47.4571 
0.998657 0.0112909 -0.05057 -4.88132 -0.00310786 0.987265 0.159056 -7.07516 0.0517218 -0.158685 0.985974 48.0746 
0.99848 0.0144205 -0.0531898 -4.86597 -0.00569866 0.987001 0.160614 -6.95861 0.0548145 -0.160067 0.985583 48.7601 
0.998526 0.0130643 -0.0526783 -5.02887 -0.0043763 0.986817 0.161778 -6.97591 0.0540974 -0.161309 0.98542 49.4051 
0.998394 0.0150301 -0.054621 -5.06508 -0.00594463 0.986636 0.162833 -6.89277 0.0563384 -0.162247 0.985141 50.0847 
0.998397 0.0146161 -0.0546739 -5.21727 -0.00550762 0.986583 0.16317 -6.77692 0.0563252 -0.162608 0.985082 50.8045 
0.998741 0.0137751 -0.0482314 -5.74712 -0.00559406 0.986142 0.165808 -6.77705 0.049847 -0.165329 0.984978 51.4297 
0.998962 0.0139662 -0.0433652 -6.17282 -0.00590752 0.983526 0.180668 -7.5398 0.045174 -0.180224 0.982588 52.0449 
0.998913 0.0153465 -0.0440151 -6.26846 -0.00755673 0.985075 0.171962 -6.77466 0.0459971 -0.171442 0.98412 52.6854 
0.998832 0.0189358 -0.0444639 -6.34662 -0.0108136 0.984284 0.17626 -6.67732 0.0471027 -0.175573 0.983339 53.2527 
0.998661 0.021797 -0.0469137 -6.34332 -0.0130844 0.983838 0.17858 -6.62667 0.0500481 -0.177727 0.982806 53.76 
0.998471 0.0251881 -0.0492076 -6.37103 -0.0161901 0.984371 0.17536 -6.55813 0.0528556 -0.174295 0.983274 54.3851 
0.998432 0.0263479 -0.0493822 -6.47664 -0.0176925 0.985602 0.168153 -6.48224 0.0531017 -0.167016 0.984523 54.9147 
0.998482 0.0256662 -0.0487348 -6.68116 -0.017682 0.987328 0.157707 -6.11002 0.052165 -0.156606 0.986283 55.4105 
0.99836 0.0264337 -0.0507719 -6.63758 -0.019339 0.990593 0.135464 -4.857 0.0538752 -0.13426 0.98948 55.8026 
0.998325 0.0265035 -0.0514305 -6.67796 -0.0191543 0.990183 0.13846 -4.77469 0.0545953 -0.137243 0.989032 56.3411 
0.998229 0.0261922 -0.0534106 -6.70439 -0.0184303 0.989844 0.140955 -4.66197 0.0565601 -0.139721 0.988574 57.0414 
0.998212 0.0218026 -0.0556494 -6.69772 -0.0139576 0.990382 0.137652 -4.60246 0.0581154 -0.136629 0.988916 57.466 
0.998459 0.0112621 -0.0543426 -6.83043 -0.00407497 0.991427 0.130595 -4.42378 0.0553475 -0.130172 0.989945 57.8904 
0.998527 0.00716383 -0.0537857 -6.84114 -0.000325986 0.99202 0.126077 -4.45265 0.0542597 -0.125874 0.990561 58.3645 
0.998954 0.00939963 -0.0447471 -7.25129 -0.00429094 0.993594 0.112923 -3.67248 0.0455219 -0.112613 0.992596 58.6982 
0.99896 0.0144574 -0.0432365 -7.1542 -0.00934106 0.993173 0.116275 -3.6605 0.0446223 -0.11575 0.992276 59.1151 
0.999147 0.0138165 -0.0389271 -7.16793 -0.00911225 0.992909 0.11853 -3.57026 0.0402887 -0.118074 0.992187 59.6417 
0.999313 0.0101464 -0.0356497 -7.0976 -0.00576089 0.992632 0.121031 -3.46318 0.0366151 -0.120743 0.992008 60.0202 
0.999911 0.00565371 -0.0120731 -8.03435 -0.0040285 0.991423 0.130627 -3.71149 0.0127081 -0.130567 0.991358 60.4367 
0.999957 0.00906776 -0.00188183 -8.06282 -0.00880182 0.993741 0.111359 -2.55347 0.00287983 -0.111338 0.993778 60.7676 
0.999842 0.0137409 0.0112802 -8.01578 -0.0149147 0.993642 0.111595 -2.56573 -0.00967505 -0.111745 0.99369 61.1983 
0.999184 0.0163244 0.0369405 -8.42245 -0.0210676 0.99104 0.131896 -3.71223 -0.0344564 -0.132567 0.990575 61.7533 
0.998285 0.0149156 0.0566063 -8.35227 -0.0223179 0.990934 0.13248 -3.70652 -0.0541171 -0.133516 0.989568 62.0677 
0.996552 0.0122458 0.0820676 -8.23713 -0.023038 0.990998 0.131879 -3.60106 -0.0797139 -0.133315 0.987863 62.5042 
0.993897 0.0113431 0.109728 -8.1808 -0.0260578 0.990691 0.133615 -3.6041 -0.107191 -0.135658 0.98494 62.8514 
0.990256 0.0101374 0.138891 -8.04911 -0.0290641 0.990429 0.13493 -3.59893 -0.136194 -0.137652 0.981072 63.1667 
0.984315 0.0105601 0.176104 -7.8708 -0.0364015 0.988884 0.144163 -4.11366 -0.172624 -0.148313 0.973758 63.7927 
0.976676 0.0119257 0.214388 -7.79776 -0.0434568 0.988772 0.142972 -4.10546 -0.210276 -0.148953 0.966228 64.0205 
0.96658 0.010379 0.256154 -7.70076 -0.0480945 0.988781 0.141417 -4.08463 -0.251813 -0.149011 0.956235 64.2943 
0.952222 0.0155911 0.30501 -7.50205 -0.0605376 0.988515 0.138465 -4.09586 -0.299348 -0.150314 0.94223 64.722 
0.935289 0.0157615 0.353535 -7.35567 -0.0669753 0.988837 0.1331 -4.06303 -0.347491 -0.148165 0.925904 65.0166 
0.911713 0.0149284 0.410557 -7.19983 -0.073223 0.989243 0.126634 -3.98284 -0.40425 -0.145516 0.902999 65.4371 
0.887054 0.0124854 0.461496 -6.95966 -0.0811575 0.988284 0.129258 -4.44659 -0.454476 -0.152113 0.877675 65.7129 
0.857608 0.0136966 0.514121 -6.78756 -0.0895849 0.988342 0.123107 -4.44821 -0.506441 -0.151635 0.848837 65.9398 
0.817057 0.00296885 0.576549 -6.87636 -0.0944406 0.987169 0.128753 -5.22368 -0.568769 -0.159649 0.806854 66.5439 
0.779697 0.00140637 0.626155 -6.76932 -0.10096 0.987195 0.1235 -5.29951 -0.617964 -0.15951 0.769855 66.6721 
0.734592 0.00697439 0.678473 -6.568 -0.1064 0.98876 0.105036 -4.49412 -0.670115 -0.149348 0.727077 66.8724 
0.69218 0.0072346 0.721689 -6.40371 -0.114035 0.988485 0.0994633 -4.40338 -0.712659 -0.151144 0.685035 66.9583 
0.647731 0.00600044 0.761846 -6.19113 -0.118351 0.988623 0.0928366 -4.34597 -0.752621 -0.150298 0.641071 67.0937 
0.601169 0.0283043 0.798621 -5.68202 -0.118061 0.991552 0.0537291 -2.52435 -0.790353 -0.126586 0.599432 66.78 
0.562459 0.017233 0.826645 -5.21852 -0.115876 0.991559 0.0581728 -3.21524 -0.818665 -0.128509 0.559708 66.5733 
0.511191 0.0337413 0.858805 -4.91609 -0.120199 0.992216 0.0325638 -2.16563 -0.851021 -0.119874 0.511267 66.7115 
0.466776 0.0366457 0.883616 -4.69865 -0.124385 0.99193 0.0245694 -2.10567 -0.875585 -0.121377 0.467568 66.7118 
0.422737 0.0380585 0.905453 -4.48085 -0.127997 0.99161 0.0180794 -2.16124 -0.897168 -0.123539 0.424062 66.8271 
0.379058 0.0349029 0.924715 -4.13869 -0.119823 0.992727 0.0116477 -2.18448 -0.917583 -0.115217 0.380483 66.9141 
0.34186 0.0278052 0.939339 -3.77018 -0.105518 0.994377 0.00896767 -2.17163 -0.933808 -0.102183 0.342872 67.0162 
0.30875 0.0238581 0.950844 -3.57513 -0.100059 0.994953 0.00752545 -2.19717 -0.945866 -0.097464 0.309579 67.0285 
0.276062 0.0291222 0.960698 -3.13738 -0.103406 0.994639 -0.000436879 -2.12908 -0.955561 -0.099221 0.277594 67.005 
0.246097 0.0356574 0.968589 -2.88531 -0.114165 0.993433 -0.00756528 -2.1585 -0.962498 -0.108717 0.248551 67.0587 
0.219179 0.0403321 0.974851 -2.54452 -0.119738 0.992705 -0.0141496 -2.1537 -0.968309 -0.113626 0.222409 67.0955 
0.192764 0.042679 0.980317 -2.20705 -0.119166 0.992677 -0.0197849 -2.16689 -0.973982 -0.113007 0.196438 67.1142 
0.17085 0.0427142 0.984371 -1.8383 -0.110498 0.993588 -0.0239359 -2.19947 -0.979081 -0.104682 0.174474 67.1618 
0.148699 0.0489599 0.98767 -1.54435 -0.100852 0.994317 -0.0341056 -2.16463 -0.983726 -0.094537 0.152791 67.3886 
0.128851 0.0571063 0.990018 -1.1028 -0.0987516 0.994117 -0.0444902 -2.20589 -0.986735 -0.0920333 0.133732 67.4024 
0.112207 0.0603776 0.991849 -0.685594 -0.101373 0.99364 -0.0490184 -2.12279 -0.9885 -0.0950467 0.117614 67.4187 
0.100946 0.0165902 0.994754 -0.636118 -0.105121 0.994442 -0.0059175 -4.45669 -0.989323 -0.103972 0.102129 67.4304 
0.0862286 0.0129177 0.996192 -0.183479 -0.104165 0.994552 -0.00388012 -4.45401 -0.990815 -0.103434 0.0871044 67.4235 
0.0740164 0.0117683 0.997188 0.122026 -0.104047 0.994564 -0.0040144 -4.4123 -0.991814 -0.103457 0.0748385 67.3895 
0.0615453 0.0113963 0.998039 0.624791 -0.0997189 0.995002 -0.00521236 -4.39218 -0.99311 -0.0992026 0.0623741 67.4167 
0.0546825 -0.0383324 0.997768 0.89847 -0.0978823 0.994244 0.0435614 -7.36647 -0.993695 -0.100046 0.0506157 67.5301 
0.0436862 -0.0104171 0.998991 1.26406 -0.0961816 0.995257 0.0145842 -5.73479 -0.994405 -0.0967217 0.0424771 67.5522 
0.0338217 -0.0267112 0.999071 1.64181 -0.0953992 0.994992 0.0298317 -6.67155 -0.994864 -0.0963195 0.0311041 67.8649 
0.00892557 -0.0587402 0.998233 1.95486 -0.0920692 0.993984 0.0593134 -8.49075 -0.995713 -0.0924359 0.00346371 69.1867 
0.00377243 -0.0579236 0.998314 2.42151 -0.0933483 0.993941 0.0580226 -8.46154 -0.995626 -0.0934098 -0.0016575 69.1373 
-0.000562405 -0.0582877 0.9983 2.87216 -0.0901108 0.994241 0.058 -8.46424 -0.995932 -0.089925 -0.00581152 69.0967 
-0.0044509 -0.0590658 0.998244 3.25762 -0.0923428 0.994013 0.0584037 -8.47673 -0.995717 -0.0919207 -0.00987856 69.1243 
-0.0131767 -0.0900322 0.995852 3.81938 -0.0940978 0.99163 0.0884055 -10.2111 -0.995476 -0.0925425 -0.0215383 69.6124 
-0.0237798 -0.0539692 0.998259 4.23351 -0.0912126 0.994494 0.0515928 -7.996 -0.995547 -0.0898269 -0.0285715 69.8131 
-0.0248053 -0.053941 0.998236 4.72172 -0.084806 0.995057 0.0516619 -7.96999 -0.996089 -0.0833749 -0.0292572 69.7769 
-0.0253405 -0.0539692 0.998221 5.22203 -0.0790687 0.995522 0.051816 -7.94837 -0.996547 -0.077615 -0.0294943 69.7791 
-0.0233922 -0.0544108 0.998245 5.74698 -0.0762586 0.995706 0.0524854 -7.93687 -0.996814 -0.0748969 -0.027441 69.7566 
-0.0206156 -0.0531426 0.998374 6.28927 -0.0732421 0.995983 0.051503 -7.86507 -0.997101 -0.0720613 -0.024425 69.7413 
-0.0191468 -0.0872261 0.996005 6.97052 -0.071675 0.993744 0.0856503 -9.79887 -0.997244 -0.0697487 -0.025279 70.0207 
-0.0203442 -0.112652 0.993426 7.66225 -0.0720264 0.991215 0.110926 -11.1169 -0.997195 -0.0692963 -0.0282794 70.3941 
-0.0170768 -0.116508 0.993043 8.25431 -0.0700266 0.990888 0.115051 -11.1844 -0.997399 -0.0675747 -0.0250799 70.4212 
-0.0126488 -0.121285 0.992537 8.87591 -0.0725995 0.990108 0.120063 -11.2545 -0.997281 -0.0705391 -0.0213289 70.442 
-0.0101168 -0.0870719 0.996151 9.3699 -0.0732803 0.993588 0.0861036 -9.10865 -0.99726 -0.0721271 -0.0164325 70.3793 
-0.00344256 -0.0863493 0.996259 9.85985 -0.0741914 0.993541 0.0858574 -9.07511 -0.997238 -0.0736182 -0.0098267 70.2552 
0.00115007 -0.0833512 0.99652 10.4086 -0.0734528 0.993821 0.0832103 -9.03011 -0.997298 -0.0732929 -0.00497942 70.1767 
0.00344836 -0.0773842 0.996995 10.9979 -0.0782331 0.993925 0.0774165 -8.9776 -0.996929 -0.078265 -0.0026266 70.1638 
0.007643 -0.0544282 0.998488 11.5891 -0.0800708 0.995278 0.0548661 -7.78581 -0.99676 -0.0803691 0.00324881 69.8245 
0.00219499 -0.0805819 0.996746 12.2148 -0.084978 0.993128 0.0804766 -9.25652 -0.99638 -0.0848781 -0.00466778 70.3201 
-0.00189239 -0.108621 0.994081 12.8853 -0.0883708 0.990212 0.10803 -10.6721 -0.996086 -0.0876433 -0.0114728 70.713 
-0.00105612 -0.110167 0.993913 13.7117 -0.0867535 0.990176 0.109661 -10.6663 -0.996229 -0.0861096 -0.0106031 70.643 
0.00372957 -0.113403 0.993542 14.1993 -0.0899662 0.989482 0.113278 -10.7687 -0.995938 -0.0898077 -0.00651212 70.3927 
0.00525525 -0.113365 0.993539 14.7114 -0.0928022 0.98921 0.113362 -10.7281 -0.995671 -0.0927984 -0.005322 70.3171 
0.00456348 -0.0959836 0.995372 15.3724 -0.0967356 0.990672 0.0959739 -9.67325 -0.9953 -0.0967259 -0.00476411 70.2855 
0.00423605 -0.0966367 0.995311 15.9734 -0.0995968 0.99033 0.096577 -9.72722 -0.995019 -0.0995389 -0.00542962 70.267 
-0.00436672 -0.115296 0.993322 16.7531 -0.102954 0.988104 0.114238 -10.7133 -0.994677 -0.101768 -0.016185 70.7308 
-0.00649566 -0.117293 0.993076 17.4033 -0.105946 0.987588 0.115952 -10.6931 -0.994351 -0.104459 -0.0188418 70.665 
-0.011208 -0.121878 0.992482 17.985 -0.108471 0.986835 0.11996 -10.7561 -0.994036 -0.106311 -0.0242808 70.6919 
-0.0172839 -0.124003 0.992131 18.5671 -0.111515 0.986328 0.121335 -10.6815 -0.993612 -0.10854 -0.0308758 70.6568 
-0.020606 -0.146714 0.988964 19.2035 -0.112729 0.983207 0.143511 -11.9984 -0.993412 -0.108528 -0.0367988 70.5683 
-0.0278031 -0.146302 0.988849 19.7639 -0.115493 0.983077 0.1422 -11.9591 -0.992919 -0.110251 -0.0442293 70.4996 
-0.0374265 -0.145044 0.988717 20.3297 -0.116689 0.983276 0.139829 -11.8658 -0.992463 -0.110139 -0.0537256 70.4145 
-0.0531123 -0.15413 0.986622 21.0971 -0.116339 0.982243 0.147183 -12.2276 -0.991788 -0.106966 -0.0701007 70.7616 
-0.0773432 -0.179203 0.980767 22.0501 -0.12126 0.978102 0.169154 -13.415 -0.989603 -0.105845 -0.0973797 71.6656 
-0.0878172 -0.181617 0.97944 22.6276 -0.122935 0.977699 0.170272 -13.4326 -0.988522 -0.105455 -0.108186 71.6006 
-0.0974136 -0.180528 0.978734 23.2584 -0.126093 0.977725 0.167792 -13.2689 -0.987224 -0.107066 -0.118007 71.4773 
-0.118371 -0.178882 0.976724 23.9175 -0.12891 0.978084 0.163508 -13.0571 -0.984566 -0.106555 -0.138836 71.9557 
-0.133284 -0.174555 0.975585 24.4353 -0.133803 0.978525 0.156801 -12.7518 -0.982004 -0.109637 -0.153778 72.1769 
-0.143811 -0.182533 0.972625 25.1042 -0.134357 0.977343 0.163553 -13.2082 -0.980442 -0.107158 -0.165078 72.1802 
-0.155266 -0.180748 0.971196 25.8529 -0.135505 0.977723 0.1603 -13.0306 -0.978535 -0.106713 -0.176299 72.1266 
-0.169087 -0.177867 0.969419 26.2437 -0.136385 0.978341 0.155715 -12.7982 -0.976119 -0.105885 -0.189683 72.3077 
-0.177024 -0.1788 0.967829 26.7062 -0.137445 0.978215 0.155579 -12.7963 -0.974562 -0.105482 -0.197743 72.1083 
-0.182743 -0.157126 0.970524 27.0271 -0.136295 0.981664 0.133266 -11.4598 -0.973668 -0.107924 -0.200808 71.6979 
-0.189978 -0.158715 0.968875 27.6603 -0.135749 0.981614 0.134184 -11.4516 -0.972358 -0.106032 -0.20803 71.5672 
-0.200502 -0.163365 0.965977 28.3796 -0.135497 0.981147 0.137806 -11.5201 -0.970278 -0.103257 -0.218857 71.7145 
-0.204186 -0.165038 0.96492 28.7649 -0.132679 0.981257 0.139756 -11.5009 -0.969899 -0.0994883 -0.222256 71.5868 
-0.206648 -0.139576 0.968409 29.1146 -0.131487 0.984756 0.113874 -9.84785 -0.96954 -0.103801 -0.22185 71.259 
-0.210204 -0.139028 0.967722 29.5202 -0.130893 0.984928 0.113068 -9.75166 -0.968856 -0.102901 -0.225234 71.2598 
-0.220504 -0.166496 0.961071 30.3742 -0.131789 0.981374 0.139776 -11.2696 -0.966442 -0.0958376 -0.23834 71.8937 
-0.214002 -0.172521 0.961478 30.8693 -0.130293 0.980527 0.146938 -11.6999 -0.968105 -0.093829 -0.232313 71.4571 
-0.214085 -0.185446 0.95905 31.6097 -0.129139 0.978569 0.160393 -12.4689 -0.968241 -0.0895128 -0.233445 71.569 
-0.209135 -0.184589 0.960307 31.9945 -0.127724 0.978766 0.160322 -12.3973 -0.96951 -0.0891257 -0.228271 71.4592 
-0.200966 -0.184306 0.962104 32.4531 -0.128163 0.978646 0.160704 -12.3389 -0.971178 -0.0910099 -0.220295 71.3594 
-0.190125 -0.183355 0.964486 32.8504 -0.128074 0.978642 0.160799 -12.2156 -0.97337 -0.0929539 -0.209548 71.2462 
-0.175568 -0.184661 0.966993 33.2393 -0.126476 0.978341 0.163865 -12.2452 -0.976309 -0.0935323 -0.195121 71.0636 
-0.158238 -0.183314 0.970235 33.7957 -0.124936 0.978435 0.164488 -12.1472 -0.979465 -0.0951893 -0.177728 70.9881 
-0.138575 -0.180733 0.973721 34.1657 -0.123589 0.978677 0.164064 -12.0602 -0.98261 -0.0976062 -0.157957 70.9527 
-0.127845 -0.195112 0.972413 34.8999 -0.12342 0.975967 0.179598 -12.9239 -0.984085 -0.097054 -0.148853 71.7627 
-0.0980108 -0.193433 0.976206 35.3081 -0.119829 0.976086 0.181378 -12.8404 -0.987945 -0.0992005 -0.118846 71.6842 
-0.0646919 -0.19383 0.9789 35.7244 -0.116528 0.975711 0.185497 -12.7808 -0.991078 -0.102069 -0.0857072 71.5649 
-0.0283246 -0.196381 0.980118 36.0498 -0.110285 0.97514 0.192197 -12.7561 -0.993496 -0.102649 -0.0492784 71.5223 
0.0158372 -0.199685 0.979732 36.3887 -0.102933 0.974323 0.200247 -12.6524 -0.994562 -0.104018 -0.00512362 71.5254 
0.0600911 -0.20371 0.977185 36.6595 -0.0972871 0.973099 0.20884 -12.5436 -0.993441 -0.107617 0.0386562 71.4932 
0.106529 -0.207605 0.972395 37.0502 -0.089205 0.972021 0.217298 -12.4692 -0.9903 -0.109891 0.085029 71.5343 
0.161296 -0.210592 0.964176 37.5238 -0.0770307 0.971301 0.225034 -12.3938 -0.983895 -0.110568 0.140445 71.5857 
0.211418 -0.182709 0.960167 37.5213 -0.0668717 0.977366 0.200706 -10.6129 -0.975105 -0.106641 0.194415 71.6653 
0.267373 -0.181804 0.946287 37.9032 -0.0510155 0.977992 0.20231 -10.5012 -0.962242 -0.102367 0.252214 71.7635 
0.331311 -0.178432 0.926496 38.3056 -0.0370394 0.978739 0.201739 -10.4481 -0.942794 -0.101155 0.317658 71.9527 
0.390463 -0.174567 0.903917 38.5226 -0.0213777 0.979874 0.198471 -10.3939 -0.920371 -0.0968192 0.378872 72.0445 
0.454896 -0.170422 0.874086 38.8916 -0.00910524 0.980577 0.195924 -10.3245 -0.890498 -0.0970836 0.444509 72.2841 
0.514018 -0.168939 0.840979 39.2224 0.00154729 0.980595 0.196039 -10.3896 -0.857778 -0.0994666 0.504305 72.3653 
0.568259 -0.16893 0.805323 39.4992 0.0147939 0.980639 0.195267 -10.4071 -0.822717 -0.0990482 0.559756 72.6297 
0.622106 -0.175946 0.762907 39.7289 0.0310546 0.9792 0.200505 -10.7113 -0.782317 -0.101044 0.61463 73.0736 
0.669813 -0.17993 0.7204 39.9292 0.0440578 0.978117 0.203335 -10.6659 -0.741222 -0.104457 0.663083 73.3686 
0.718941 -0.185411 0.669886 40.4259 0.0582434 0.976446 0.207752 -10.676 -0.692627 -0.110345 0.712806 73.4325 
0.764094 -0.187715 0.61719 40.6765 0.0704093 0.975279 0.209458 -10.6038 -0.641251 -0.11659 0.758422 73.7718 
0.799535 -0.19777 0.567125 40.9532 0.0822352 0.971387 0.22281 -11.2271 -0.594963 -0.131507 0.792922 74.1437 
0.829878 -0.198632 0.52139 41.1536 0.0917725 0.970351 0.2236 -11.1559 -0.550345 -0.137712 0.823502 74.524 
0.854953 -0.203705 0.477031 41.2076 0.101289 0.967518 0.231623 -11.6923 -0.508719 -0.149709 0.847816 75.0751 
0.87568 -0.198355 0.440272 41.3485 0.103345 0.967597 0.23038 -11.669 -0.471703 -0.15624 0.867805 75.3647 
0.894848 -0.191683 0.403119 41.6687 0.107036 0.968899 0.22311 -11.5164 -0.433348 -0.156502 0.887534 75.6908 
0.909698 -0.190971 0.368754 42.1561 0.111904 0.967869 0.225181 -11.839 -0.399909 -0.163582 0.901839 75.9274 
0.917593 -0.196992 0.345279 42.4371 0.122317 0.966354 0.226272 -12.0083 -0.378236 -0.165392 0.910815 76.2904 
0.922857 -0.20123 0.328392 42.6254 0.13047 0.965577 0.225028 -11.9076 -0.36237 -0.164823 0.917345 76.7339 
0.927939 -0.214351 0.304932 43.3984 0.131219 0.95359 0.271011 -14.693 -0.348871 -0.211468 0.913001 77.496 
0.932494 -0.209023 0.294558 43.5521 0.128611 0.954235 0.269991 -14.5849 -0.337512 -0.213882 0.916701 77.9172 
0.935635 -0.201783 0.289603 43.6473 0.123502 0.955768 0.266934 -14.4085 -0.330657 -0.213987 0.919171 78.3298 
0.937639 -0.194989 0.287773 43.7595 0.118498 0.957566 0.262727 -14.3102 -0.32679 -0.212243 0.920957 78.7756 
0.937921 -0.194848 0.286948 43.8771 0.118957 0.957825 0.261573 -14.2813 -0.325813 -0.2112 0.921542 79.0973 
0.937407 -0.194464 0.28888 44.0241 0.119311 0.958696 0.258201 -14.1177 -0.327159 -0.207572 0.92189 79.4242 
0.935424 -0.197303 0.293348 44.2386 0.123141 0.959655 0.252783 -14.0674 -0.331388 -0.200336 0.92198 79.8712 
0.933887 -0.189426 0.303271 44.096 0.123844 0.967003 0.222636 -12.4053 -0.335437 -0.170358 0.926531 80.0887 
0.933158 -0.18527 0.308043 44.1833 0.118293 0.967489 0.223543 -12.2912 -0.339444 -0.172162 0.924737 80.5487 
0.932479 -0.181352 0.3124 44.3387 0.111574 0.967151 0.228406 -12.2018 -0.34356 -0.178128 0.922083 80.9771 
0.931786 -0.184112 0.312854 44.6614 0.11259 0.965913 0.233101 -12.0934 -0.345107 -0.181976 0.920753 81.3397 
0.931347 -0.202955 0.302326 45.543 0.115408 0.951987 0.283553 -14.5946 -0.345359 -0.229196 0.910053 82.1723 
0.930656 -0.202736 0.304595 45.7165 0.113073 0.95107 0.287541 -14.4049 -0.347986 -0.23316 0.908043 82.6774 
0.928158 -0.208329 0.308418 45.7683 0.117053 0.95001 0.289448 -14.3221 -0.3533 -0.232552 0.906145 83.1479 
0.926338 -0.212977 0.310708 45.8514 0.120401 0.94896 0.291511 -14.4548 -0.356935 -0.232628 0.9047 83.7725 
0.926348 -0.21222 0.311195 46.0132 0.121945 0.95065 0.285296 -14.2932 -0.356383 -0.226334 0.906512 84.1705 
0.92731 -0.212907 0.307842 46.4687 0.125929 0.95198 0.279063 -14.1822 -0.352473 -0.220012 0.909592 84.6901 
0.928954 -0.210502 0.304522 46.772 0.121957 0.950696 0.28514 -14.6476 -0.34953 -0.227743 0.908824 85.4667 
0.92944 -0.213919 0.300633 46.9589 0.125157 0.949259 0.28852 -14.4583 -0.347099 -0.230536 0.909052 85.9697 
0.929848 -0.217714 0.29662 47.1496 0.127371 0.946773 0.295629 -14.303 -0.345195 -0.237109 0.908086 86.4591 
0.930381 -0.218767 0.294163 47.2424 0.126827 0.944953 0.301627 -14.1314 -0.343956 -0.24332 0.906912 87.085 
0.932986 -0.217893 0.286462 47.7769 0.126664 0.943782 0.305338 -14.2355 -0.336889 -0.248592 0.908134 87.6123 
0.933114 -0.211975 0.290455 47.697 0.120626 0.945486 0.302498 -14.1481 -0.338743 -0.247229 0.907817 88.4361 
0.9343 -0.209139 0.288693 47.8513 0.120117 0.947161 0.29742 -13.9855 -0.335641 -0.243202 0.910054 89.0555 
0.935893 -0.208753 0.283773 48.1051 0.122164 0.947851 0.294372 -13.8403 -0.330426 -0.240834 0.912588 89.5547 
0.936975 -0.210859 0.278598 48.3416 0.124355 0.94641 0.298067 -13.7973 -0.326518 -0.244636 0.912983 90.2201 
0.936438 -0.213844 0.278128 48.3191 0.129707 0.947619 0.291881 -13.2026 -0.325976 -0.237253 0.915123 90.7274 
0.936839 -0.215543 0.275453 48.4833 0.131796 0.947043 0.292814 -12.9637 -0.323979 -0.238016 0.915634 91.2144 
0.937485 -0.216919 0.272154 48.7383 0.133564 0.946362 0.294209 -12.7037 -0.321376 -0.239467 0.916173 91.8904 
0.936634 -0.221526 0.271372 48.8965 0.137712 0.945139 0.296224 -12.5896 -0.322105 -0.240082 0.915756 92.4699 
0.935764 -0.221701 0.274216 48.8909 0.136337 0.94463 0.298474 -12.4352 -0.325205 -0.241915 0.914176 93.2758 
0.937412 -0.216597 0.272662 49.2126 0.131249 0.945032 0.299479 -12.3966 -0.322541 -0.244949 0.914312 93.8968 
0.938617 -0.211493 0.272525 49.4495 0.12675 0.946193 0.297747 -12.2804 -0.320833 -0.244928 0.914919 94.4772 
0.940344 -0.203552 0.272615 49.6328 0.119352 0.94772 0.295942 -12.1107 -0.318602 -0.24575 0.915478 94.9993 
0.93631 -0.211496 0.280344 49.4041 0.106666 0.931866 0.346767 -14.9052 -0.334583 -0.294779 0.895075 96.5614 
0.937208 -0.219047 0.271403 50.2148 0.103114 0.917408 0.384358 -16.7374 -0.33318 -0.332238 0.882389 97.7341 
0.93408 -0.221074 0.280394 50.0252 0.101622 0.917398 0.384777 -16.476 -0.342297 -0.330918 0.87939 98.5685 
0.935633 -0.219943 0.276072 50.6089 0.104183 0.919365 0.379361 -16.0951 -0.337249 -0.326181 0.883102 98.9461 
0.933351 -0.229178 0.276286 50.7879 0.113128 0.918246 0.379509 -15.7946 -0.340674 -0.322959 0.882972 99.4612 
0.933068 -0.234261 0.272957 51.1967 0.118036 0.916238 0.382853 -15.7356 -0.339781 -0.325009 0.882563 100.106 
0.931208 -0.232529 0.280682 50.9728 0.117261 0.920253 0.373343 -14.9503 -0.345111 -0.314747 0.884213 100.537 
0.931662 -0.229001 0.282071 51.1052 0.113109 0.920589 0.373796 -14.6081 -0.345271 -0.316347 0.88358 101.206 
0.931984 -0.227753 0.282019 51.2768 0.110148 0.919122 0.378262 -14.3204 -0.34536 -0.32147 0.881693 101.836 
0.933035 -0.224506 0.281146 51.4706 0.105158 0.917472 0.383649 -14.0746 -0.344075 -0.328393 0.879642 102.404 
0.931138 -0.23077 0.282361 51.7513 0.104208 0.910392 0.400409 -15.141 -0.349462 -0.343411 0.871748 103.563 
0.929397 -0.234244 0.28522 51.9437 0.111663 0.915026 0.387632 -14.9251 -0.351784 -0.328415 0.876579 104.01 
0.928675 -0.235198 0.286784 52.186 0.116074 0.918682 0.377558 -14.6343 -0.352264 -0.31734 0.880457 104.648 
0.926041 -0.234115 0.296036 51.7397 0.117818 0.924483 0.36256 -13.1183 -0.358561 -0.300867 0.883693 105.107 
0.925994 -0.242125 0.289674 51.9484 0.120519 0.916701 0.380966 -12.7902 -0.357786 -0.317861 0.87804 105.715 
0.926718 -0.247008 0.283163 52.1947 0.120523 0.909157 0.398633 -12.5669 -0.355905 -0.335293 0.872302 106.376 
0.927583 -0.243782 0.283126 52.4721 0.119715 0.911774 0.392858 -12.3262 -0.353919 -0.330513 0.87493 106.99 
0.927996 -0.229337 0.293647 52.1815 0.114098 0.925176 0.361983 -11.1035 -0.354691 -0.302414 0.884726 107.322 
0.928643 -0.226599 0.293726 52.4337 0.115491 0.929013 0.351562 -10.7978 -0.352539 -0.292553 0.888892 107.837 
0.92771 -0.226615 0.296646 52.3662 0.120933 0.934247 0.335496 -9.70198 -0.35317 -0.275369 0.894116 108.184 
0.927434 -0.234928 0.29099 52.6581 0.119948 0.923822 0.363545 -10.9987 -0.35423 -0.30226 0.884963 109.201 
0.929926 -0.233811 0.283849 53.1187 0.122425 0.92466 0.360576 -10.667 -0.346771 -0.300559 0.88849 109.819 
0.931179 -0.233617 0.279872 53.2775 0.124943 0.925708 0.357007 -10.4189 -0.342483 -0.297469 0.891189 110.305 
0.933398 -0.228648 0.276567 53.4621 0.120678 0.925836 0.358141 -10.2188 -0.337944 -0.300912 0.891766 110.934 
0.934211 -0.2223 0.278986 53.3943 0.112788 0.926033 0.360196 -10.234 -0.338422 -0.305032 0.890183 111.71 
0.935792 -0.22065 0.274965 53.6811 0.112058 0.925642 0.361427 -9.91635 -0.334269 -0.307409 0.890935 112.296 
0.935238 -0.222941 0.275004 53.7272 0.113015 0.924174 0.364869 -9.61613 -0.335496 -0.31016 0.889519 112.975 
0.93505 -0.234207 0.266138 54.3358 0.113052 0.9085 0.402302 -11.5807 -0.336008 -0.346085 0.87597 114.336 
0.936455 -0.23401 0.261327 54.6982 0.116474 0.910131 0.397613 -11.2763 -0.330887 -0.341909 0.879552 114.806 
0.936763 -0.237757 0.256803 54.9025 0.12318 0.910839 0.393953 -11.0195 -0.327571 -0.337407 0.882527 115.339 
0.939727 -0.233692 0.249603 55.1624 0.130596 0.919954 0.369634 -9.48294 -0.316004 -0.314757 0.895025 115.39 
0.941285 -0.234482 0.2429 55.2731 0.133052 0.918878 0.371431 -9.1966 -0.310289 -0.317304 0.896124 115.917 
0.942779 -0.236163 0.235361 55.3986 0.133986 0.914748 0.381162 -9.04254 -0.305313 -0.327817 0.894047 116.701 
0.94453 -0.238229 0.226075 55.7029 0.141375 0.916245 0.374845 -8.05994 -0.296439 -0.322091 0.8991 116.797 
0.945546 -0.229491 0.230815 55.2777 0.132828 0.919465 0.370054 -7.3212 -0.297151 -0.319245 0.89988 117.474 
0.947723 -0.228586 0.22264 55.7021 0.133174 0.917402 0.375018 -7.74682 -0.289974 -0.325764 0.899885 118.141 
0.949154 -0.232443 0.212314 56.1725 0.1385 0.913958 0.381443 -8.55329 -0.28271 -0.332642 0.89968 118.896 
0.950226 -0.232395 0.207517 56.3008 0.142736 0.916758 0.373069 -8.2173 -0.276942 -0.324879 0.904299 119.564 
0.951304 -0.23332 0.201449 56.4194 0.146086 0.916713 0.371882 -7.93773 -0.271439 -0.324344 0.906158 120.135 
0.954515 -0.227188 0.193097 56.5335 0.142485 0.91645 0.373921 -7.71884 -0.261914 -0.3294 0.907136 120.655 
0.95829 -0.221447 0.180671 56.9404 0.141902 0.917404 0.371799 -7.46572 -0.248082 -0.330654 0.910562 121.285 
0.960118 -0.219668 0.172974 57.0134 0.144534 0.919525 0.365492 -7.25347 -0.239341 -0.325915 0.914601 121.836 
0.961545 -0.216684 0.168757 56.9093 0.149324 0.928153 0.340931 -5.82207 -0.230506 -0.302621 0.924817 121.958 
0.963756 -0.213785 0.159595 57.029 0.149352 0.928033 0.341246 -5.65622 -0.221062 -0.305042 0.926327 122.475 
0.965526 -0.211042 0.152382 56.9914 0.147837 0.926404 0.346295 -5.42815 -0.21425 -0.311829 0.925667 123.053 
0.967755 -0.207681 0.142544 57.1107 0.147676 0.926217 0.346862 -4.97459 -0.204063 -0.314627 0.927021 123.658 
0.968769 -0.207956 0.135061 57.14 0.149781 0.924835 0.349638 -4.81969 -0.197619 -0.318489 0.927099 124.246 
0.97016 -0.206086 0.127744 57.2446 0.150544 0.924979 0.348928 -4.57352 -0.190069 -0.319285 0.928402 124.717 
0.969089 -0.211763 0.12658 57.1216 0.153005 0.918357 0.364979 -5.37415 -0.193535 -0.33433 0.922371 125.814 
0.97097 -0.205161 0.122992 57.2087 0.149388 0.92167 0.358062 -5.16691 -0.186819 -0.329294 0.925562 126.327 
0.972866 -0.197891 0.119876 57.3046 0.144741 0.924765 0.351938 -4.96256 -0.180502 -0.325037 0.928316 126.814 
0.973643 -0.195434 0.11758 57.3838 0.14359 0.925776 0.349744 -4.84222 -0.177205 -0.323642 0.929438 127.472 
0.973384 -0.194042 0.12195 56.9308 0.138568 0.922126 0.361223 -4.95245 -0.182545 -0.33471 0.924471 128.409 
0.974204 -0.194727 0.114057 57.2067 0.139784 0.917472 0.372432 -4.80566 -0.177166 -0.346881 0.921024 129.18 
0.974668 -0.195607 0.108444 57.3099 0.141257 0.914302 0.379603 -4.58692 -0.173404 -0.354669 0.918772 129.832 
0.973682 -0.198141 0.112625 56.8757 0.1437 0.917275 0.371425 -4.05649 -0.176903 -0.345466 0.921607 130.354 
0.972011 -0.208569 0.108139 56.9857 0.156751 0.918605 0.36276 -3.85694 -0.174997 -0.335655 0.925587 130.915 
0.971041 -0.215041 0.104099 56.9737 0.162846 0.914563 0.37021 -4.53745 -0.174815 -0.342537 0.923097 131.821 
0.972681 -0.210274 0.0983708 56.9429 0.160713 0.915716 0.368288 -4.19764 -0.167521 -0.342417 0.924493 132.296 
0.972732 -0.213362 0.0909382 56.927 0.165678 0.913602 0.371325 -3.89731 -0.162308 -0.346133 0.924039 133.047 
0.971778 -0.220834 0.0829416 56.963 0.174871 0.910371 0.375026 -3.70197 -0.158326 -0.349938 0.923296 133.714 
0.971023 -0.226484 0.0762824 57.0682 0.182596 0.909029 0.374601 -3.39085 -0.154184 -0.349817 0.924043 134.272 
0.96997 -0.232663 0.0709011 57.043 0.190442 0.907814 0.373638 -3.12167 -0.151297 -0.348915 0.924861 134.885 
0.970049 -0.234048 0.0650107 57.1518 0.194708 0.909214 0.367992 -2.96008 -0.145237 -0.344312 0.927553 135.426 
0.968198 -0.241972 0.0635793 56.9916 0.204559 0.911953 0.355664 -2.67546 -0.144042 -0.331348 0.932449 136.056 
0.965478 -0.255721 0.049596 57.563 0.217355 0.895813 0.387655 -4.8024 -0.14356 -0.363492 0.920469 137.533 
0.966321 -0.25377 0.0427196 57.5187 0.217284 0.893533 0.392922 -4.49802 -0.137883 -0.370406 0.918579 138.112 
0.968646 -0.245664 0.0370582 57.3386 0.20946 0.887736 0.40994 -4.51884 -0.133605 -0.389325 0.911359 139.055 
0.969915 -0.241667 0.0293529 57.3845 0.208011 0.885343 0.415812 -4.27383 -0.126476 -0.397196 0.908977 139.543 
0.969985 -0.241807 0.0256723 57.4033 0.20997 0.886136 0.413128 -4.00491 -0.122646 -0.395338 0.910311 140.162 
0.969876 -0.242427 0.023876 57.5476 0.209699 0.88076 0.424604 -4.99197 -0.123965 -0.406807 0.905064 141.35 
0.97225 -0.232754 0.0235721 57.5326 0.202162 0.886597 0.416025 -4.80436 -0.11773 -0.399715 0.909048 141.882 
0.97186 -0.232513 0.0377692 56.6145 0.196438 0.888452 0.414807 -4.55123 -0.130004 -0.395715 0.909125 142.848 
0.970389 -0.239694 0.0298764 56.895 0.20752 0.890581 0.404722 -3.50646 -0.123617 -0.386538 0.913951 143.114 
0.97032 -0.239348 0.03453 56.4869 0.20932 0.902789 0.37571 -1.04275 -0.121099 -0.357331 0.926094 142.92 
0.970738 -0.237948 0.0323698 56.5327 0.208136 0.900923 0.380811 -0.788655 -0.119776 -0.36293 0.924086 143.435 
0.970896 -0.239006 0.0153973 57.4562 0.213653 0.89337 0.395274 -1.60979 -0.108228 -0.38048 0.918434 144.218 
0.970824 -0.23933 0.0148702 57.4738 0.214918 0.895949 0.388698 -1.40121 -0.10635 -0.374162 0.921245 144.825 
0.968231 -0.249351 0.0188109 57.2811 0.224802 0.900914 0.371238 -0.819037 -0.109516 -0.355216 0.928347 145.306 
0.965459 -0.260025 0.0166009 57.346 0.236239 0.90046 0.365188 -0.534401 -0.109906 -0.348652 0.930786 145.842 
0.965688 -0.259329 0.0139984 57.3436 0.236039 0.898888 0.36917 -0.295174 -0.108319 -0.353198 0.929257 146.428 
0.966967 -0.254734 0.00926069 57.4104 0.232454 0.896135 0.37803 -0.0440393 -0.104596 -0.36339 0.925747 147.201 
0.967189 -0.253982 0.00616621 57.3988 0.232451 0.894473 0.381949 0.190785 -0.102524 -0.367984 0.924163 147.768 
0.96705 -0.254536 0.00501482 57.4583 0.23382 0.895792 0.378002 0.44603 -0.100707 -0.364374 0.925791 148.465 
0.967337 -0.253352 0.00850942 57.3406 0.232249 0.899214 0.370776 0.727783 -0.101589 -0.356689 0.928683 148.898 
0.969415 -0.244652 0.0194988 56.6922 0.222476 0.909527 0.351091 2.06907 -0.10363 -0.336015 0.936138 149.159 
0.969969 -0.242596 0.0175145 56.7138 0.220905 0.908796 0.353965 2.37201 -0.101788 -0.339466 0.935095 149.826 
0.970407 -0.240976 0.0155032 56.7349 0.219803 0.908078 0.356483 2.58907 -0.099982 -0.342526 0.934173 150.459 
0.970887 -0.239168 0.0132849 56.7979 0.218521 0.907059 0.35985 2.7503 -0.0981149 -0.346471 0.932916 151.083 
0.972177 -0.233838 0.0138677 56.7294 0.212877 0.906636 0.364272 2.75292 -0.0977536 -0.351184 0.931189 151.967 
0.971827 -0.235351 0.0127628 56.7802 0.214868 0.906901 0.36244 2.89285 -0.0968752 -0.349486 0.93192 152.414 
0.971976 -0.234647 0.0142611 56.7011 0.214363 0.909588 0.355948 3.19294 -0.0964937 -0.342916 0.934397 153.12 
0.972241 -0.233553 0.0141529 56.6306 0.213377 0.909823 0.355938 3.36843 -0.0960071 -0.343038 0.934402 153.735 
0.971966 -0.234533 0.0166178 56.6683 0.213478 0.909908 0.355662 3.60232 -0.0985353 -0.342144 0.934467 154.32 
0.971812 -0.235034 0.0184292 56.7389 0.213286 0.909806 0.356037 3.76221 -0.100448 -0.342071 0.93429 154.812 
0.971728 -0.235733 0.0132407 57.2045 0.211604 0.8944 0.394046 1.70828 -0.104732 -0.380104 0.918995 156.27 
0.972179 -0.233704 0.0158409 57.251 0.2088 0.895259 0.393591 1.96232 -0.106165 -0.379333 0.919149 156.84 
0.972326 -0.232861 0.018932 57.2419 0.20683 0.895647 0.393749 2.15467 -0.108645 -0.378937 0.919023 157.304 
0.972428 -0.232666 0.0158298 57.6101 0.20939 0.900999 0.379944 3.22393 -0.102662 -0.366153 0.924874 157.487 
0.972194 -0.233435 0.0186387 57.6155 0.208993 0.900795 0.380645 3.39744 -0.105645 -0.366165 0.924534 158.01 
0.972374 -0.232346 0.0224728 57.5552 0.20661 0.901458 0.380377 3.63357 -0.108637 -0.365225 0.924559 158.601 
0.972473 -0.231658 0.0251155 57.5615 0.205199 0.902463 0.378752 3.90868 -0.110407 -0.363172 0.925157 158.986 
