1 0 0 0 0 1 0 0 0 0 1 0 
0.999977 0.000253853 -0.0067351 -0.00368654 -0.000252833 1 0.000152221 0.00247218 0.00673514 -0.000150514 0.999977 0.0956151 
0.999906 0.000580011 -0.0137228 -0.0128791 -0.000576858 1 0.000233689 -0.000757976 0.0137229 -0.000225751 0.999906 0.193162 
0.99977 0.00114658 -0.0213972 -0.0209168 -0.0011503 0.999999 -0.00016184 -0.00389943 0.021397 0.000186416 0.999771 0.291193 
0.999526 0.00170458 -0.030741 -0.0355937 -0.00175748 0.999997 -0.00169384 -0.000576257 0.030738 0.00174706 0.999526 0.395978 
0.999115 0.00222674 -0.0420106 -0.0538882 -0.00236004 0.999992 -0.00312369 -0.0016064 0.0420033 0.00322007 0.999112 0.51394 
0.998451 0.00167368 -0.0556064 -0.0757194 -0.00192042 0.999989 -0.00438413 -0.000458144 0.0555984 0.00448413 0.998443 0.638854 
0.997409 0.00196806 -0.0719186 -0.100618 -0.00228981 0.999988 -0.00439158 0.000428526 0.0719091 0.00454487 0.997401 0.782911 
0.995889 0.000679422 -0.0905808 -0.128963 -0.00107987 0.99999 -0.0043719 -0.00258617 0.0905769 0.00445175 0.99588 0.932516 
0.99385 -0.000367355 -0.110731 -0.161437 -0.000120271 0.99999 -0.00439698 -0.00321518 0.110732 0.00438326 0.993841 1.08994 
0.991105 -0.000758183 -0.133079 -0.203223 0.000177361 0.99999 -0.00437631 -0.0120853 0.133081 0.00431378 0.991096 1.26094 
0.987497 0.00241904 -0.157617 -0.255269 -0.00335417 0.999978 -0.00566721 -0.0156258 0.1576 0.00612503 0.987484 1.43414 
0.983083 0.00636598 -0.183052 -0.319475 -0.00775161 0.999946 -0.00685507 -0.0227484 0.182998 0.00815805 0.983079 1.60616 
0.97766 0.00872741 -0.210011 -0.392132 -0.0106324 0.999912 -0.00794376 -0.0242297 0.209923 0.00999922 0.977667 1.78694 
0.970828 0.00931807 -0.239595 -0.462694 -0.0115971 0.9999 -0.008104 -0.0261428 0.239495 0.0106462 0.970839 1.98013 
0.962642 0.0107101 -0.270565 -0.543389 -0.0132785 0.999882 -0.00766414 -0.0291051 0.270451 0.0109705 0.962671 2.17118 
0.953073 0.0135227 -0.30244 -0.631891 -0.0160983 0.999852 -0.00602485 -0.0421412 0.302314 0.0106109 0.953149 2.34813 
0.941555 0.0155569 -0.336501 -0.733021 -0.0182005 0.999823 -0.00470298 -0.0449717 0.336368 0.0105526 0.941671 2.54905 
0.928814 0.0175934 -0.37013 -0.84146 -0.0206502 0.999778 -0.0042975 -0.0482555 0.369972 0.0116348 0.92897 2.73877 
0.914842 0.0202524 -0.403304 -0.960259 -0.0234812 0.99972 -0.003062 -0.0564637 0.403129 0.0122713 0.915061 2.91589 
0.898723 0.0210856 -0.438009 -1.08448 -0.0245483 0.999696 -0.00224409 -0.0585188 0.437829 0.0127692 0.898968 3.09671 
0.880286 0.0165834 -0.474154 -1.21714 -0.0203926 0.999788 -0.00289241 -0.0613847 0.474006 0.0122154 0.880437 3.28017 
0.859035 0.0118581 -0.51178 -1.35855 -0.0154815 0.999876 -0.00281855 -0.071429 0.511683 0.0103443 0.859112 3.46178 
0.833727 0.0136581 -0.552007 -1.52549 -0.0163671 0.999866 1.92128e-05 -0.0718061 0.551934 0.00901875 0.833839 3.65179 
0.804438 0.0193484 -0.593721 -1.70788 -0.0210212 0.999771 0.00409906 -0.0820764 0.593664 0.00918328 0.80466 3.81998 
0.771389 0.0224312 -0.635969 -1.90399 -0.0240174 0.999693 0.00612864 -0.0862921 0.635911 0.0105467 0.77169 3.99295 
0.735019 0.0219004 -0.677693 -2.11166 -0.0230208 0.999708 0.00733866 -0.0921165 0.677656 0.0102069 0.735308 4.16212 
0.695115 0.0173225 -0.718689 -2.33981 -0.0165423 0.99983 0.00809907 -0.089029 0.718708 0.006259 0.695284 4.33592 
0.652197 0.0132458 -0.757934 -2.58056 -0.0109402 0.999908 0.00806061 -0.0839496 0.757971 0.00303487 0.652282 4.50044 
0.607364 0.0126297 -0.794323 -2.84365 -0.00850107 0.99992 0.00939849 -0.0776443 0.794378 0.0010443 0.607422 4.65098 
0.559372 0.0130926 -0.828813 -3.1278 -0.00549426 0.999912 0.0120873 -0.0763095 0.828898 -0.0022076 0.559395 4.79084 
0.508008 0.0136341 -0.861245 -3.43361 -0.00346598 0.999899 0.0137847 -0.0730383 0.861346 -0.00401766 0.508003 4.92637 
0.454998 0.0150962 -0.890365 -3.7505 -0.0014689 0.999868 0.0162022 -0.0746753 0.890491 -0.00606412 0.45496 5.03693 
0.400558 0.0165692 -0.916122 -4.09166 -0.00019081 0.999838 0.0179999 -0.0634696 0.916271 -0.00703519 0.400496 5.13646 
0.345191 0.0185251 -0.93835 -4.44605 0.000775411 0.999799 0.0200235 -0.0602139 0.938532 -0.00763953 0.345107 5.2122 
0.289971 0.0215096 -0.956794 -4.80987 0.00336866 0.999718 0.0234955 -0.057215 0.95703 -0.0100361 0.289816 5.27912 
0.236162 0.0238371 -0.971421 -5.20127 0.00819867 0.999615 0.0265221 -0.0580935 0.971679 -0.0142279 0.235876 5.34099 
0.185416 0.0245754 -0.982353 -5.59753 0.0106851 0.999578 0.0270231 -0.0551067 0.982602 -0.0155071 0.185075 5.37459 
0.138034 0.0261832 -0.990081 -6.01302 0.00811292 0.999587 0.0275656 -0.0539942 0.990394 -0.0118374 0.137764 5.38821 
0.0955872 0.0264785 -0.995069 -6.4383 0.00634667 0.99961 0.027209 -0.0456797 0.995401 -0.0089162 0.0953818 5.39149 
0.057755 0.0250066 -0.998018 -6.88364 0.00569908 0.999662 0.0253776 -0.034421 0.998315 -0.00715347 0.057593 5.38674 
0.0232412 0.0223474 -0.99948 -7.34515 0.00702666 0.999722 0.0225162 -0.024523 0.999705 -0.00754631 0.0230778 5.37145 
-0.00800953 0.0196626 -0.999775 -7.823 0.00826644 0.999774 0.0195964 -0.0203585 0.999934 -0.00810762 -0.00817026 5.34315 
-0.0347252 0.0179621 -0.999235 -8.32211 0.00801546 0.999811 0.0176939 -0.0180225 0.999365 -0.00739491 -0.0348626 5.30776 
-0.0557252 0.0156367 -0.998324 -8.83443 0.00848362 0.999849 0.0151871 -0.0102767 0.99841 -0.0076231 -0.0558494 5.26514 
-0.0722731 0.0149478 -0.997273 -9.36077 0.00990156 0.999849 0.0142689 0.00132454 0.997336 -0.0088433 -0.0724102 5.21734 
-0.0855806 0.0152865 -0.996214 -9.91054 0.0109552 0.999836 0.014401 0.011566 0.996271 -0.00968131 -0.0857341 5.16384 
-0.0951097 0.0165749 -0.995329 -10.4685 0.00999282 0.999827 0.015695 0.013505 0.995417 -0.0084534 -0.0952589 5.099 
-0.101942 0.0178306 -0.994631 -11.0436 0.00836615 0.999819 0.0170661 0.015173 0.994755 -0.00658147 -0.102073 5.0309 
-0.106531 0.0189857 -0.994128 -11.6337 0.00910094 0.999794 0.0181187 0.0189893 0.994268 -0.0071173 -0.106682 4.96414 
-0.107922 0.0198212 -0.993962 -12.2413 0.0120853 0.999754 0.0186245 0.0249122 0.994086 -0.0100024 -0.108135 4.89761 
-0.106916 0.0219885 -0.994025 -12.8595 0.0142875 0.999686 0.020577 0.0357241 0.994165 -0.0120021 -0.107197 4.82905 
-0.105464 0.0245785 -0.994119 -13.4915 0.0141253 0.999631 0.0232162 0.0390494 0.994323 -0.0115938 -0.105772 4.75989 
-0.103903 0.0244324 -0.994287 -14.1557 0.0122346 0.999654 0.0232857 0.047422 0.994512 -0.00974522 -0.104166 4.68513 
-0.102138 0.0218375 -0.994531 -14.8183 0.0102089 0.999729 0.0209032 0.056651 0.994718 -0.00801803 -0.102333 4.60954 
-0.100746 0.02151 -0.99468 -15.5049 0.0091736 0.999744 0.0206903 0.0672268 0.99487 -0.00704033 -0.100917 4.53739 
-0.0990826 0.0241384 -0.994786 -16.2106 0.00960907 0.999682 0.0233001 0.0807145 0.995033 -0.00725033 -0.099283 4.46523 
-0.0972101 0.0273948 -0.994887 -16.9333 0.00800826 0.99961 0.0267423 0.0928987 0.995232 -0.00536769 -0.0973916 4.38843 
-0.0954173 0.0296135 -0.994997 -17.6656 0.0077345 0.999549 0.0290073 0.10156 0.995407 -0.00492801 -0.0956033 4.31194 
-0.0935972 0.0288549 -0.995192 -18.411 0.00625765 0.999577 0.0283935 0.119331 0.99559 -0.00357001 -0.0937382 4.23644 
-0.0920599 0.0255445 -0.995426 -19.1717 0.00431388 0.999672 0.0252545 0.136634 0.995744 -0.00196921 -0.0921399 4.15702 
-0.0904384 0.0248093 -0.995593 -19.945 0.00357981 0.999691 0.0245863 0.151347 0.995896 -0.00134049 -0.0904993 4.08136 
-0.088789 0.0275163 -0.99567 -20.7258 0.00667998 0.999612 0.0270296 0.160879 0.996028 -0.00425113 -0.0889384 4.00892 
-0.0875319 0.0300178 -0.995709 -21.5222 0.00922347 0.999527 0.0293221 0.167981 0.996119 -0.00661728 -0.0877674 3.93863 
-0.086238 0.0316747 -0.995771 -22.3295 0.0104448 0.999468 0.0308878 0.184604 0.99622 -0.00773693 -0.086523 3.86129 
-0.0856181 0.0269396 -0.995964 -23.1303 0.0102268 0.999605 0.0261589 0.195981 0.996276 -0.00794582 -0.0858598 3.78483 
-0.0850992 0.0203135 -0.996165 -23.9337 0.0117881 0.999743 0.0193795 0.197288 0.996303 -0.0100938 -0.0853168 3.71057 
-0.0851672 0.0161124 -0.996236 -24.7515 0.0147413 0.99978 0.0149095 0.204706 0.996258 -0.013416 -0.085386 3.63944 
-0.0857071 0.0167288 -0.99618 -25.5973 0.0161977 0.99975 0.0153952 0.21468 0.996189 -0.0148163 -0.0859566 3.56401 
-0.0855732 0.0239669 -0.996044 -26.4321 0.0155529 0.999621 0.0227168 0.219201 0.99621 -0.0135474 -0.0859136 3.48207 
-0.0858958 0.0312235 -0.995815 -27.2797 0.0140483 0.999447 0.0301256 0.226818 0.996205 -0.0114018 -0.0862869 3.40319 
-0.0861108 0.0366467 -0.995611 -28.1233 0.0127268 0.999282 0.035681 0.239031 0.996204 -0.0095984 -0.0865154 3.31945 
-0.0864569 0.0369873 -0.995569 -28.9596 0.0114968 0.999281 0.0361268 0.252948 0.996189 -0.00832239 -0.08682 3.23701 
-0.0866438 0.0336068 -0.995672 -29.7868 0.0114866 0.999398 0.032733 0.267365 0.996173 -0.00860078 -0.0869777 3.16106 
-0.0870673 0.0309941 -0.99572 -30.6151 0.0113562 0.999482 0.0301182 0.282219 0.996138 -0.0086853 -0.0873742 3.0844 
-0.0872783 0.0324698 -0.995655 -31.454 0.0106071 0.999442 0.0316636 0.294444 0.996127 -0.00779746 -0.087574 3.00802 
-0.0870954 0.034679 -0.995596 -32.2963 0.0106048 0.99937 0.0338827 0.311451 0.996144 -0.00760712 -0.0874082 2.92325 
-0.087201 0.0332518 -0.995636 -33.13 0.0111224 0.999413 0.0324038 0.32178 0.996129 -0.00824819 -0.0875197 2.84764 
-0.0866703 0.0279095 -0.995846 -33.967 0.0108741 0.999574 0.0270676 0.335886 0.996178 -0.00848293 -0.0869369 2.76696 
-0.0864217 0.0238335 -0.995974 -34.8016 0.0103168 0.999682 0.023027 0.344648 0.996205 -0.00828523 -0.0866401 2.68415 
-0.0862483 0.0246373 -0.995969 -35.633 0.0113208 0.999654 0.0237482 0.347583 0.996209 -0.00922688 -0.0864973 2.61082 
-0.0858712 0.0272864 -0.995933 -36.4674 0.0135777 0.999564 0.0262152 0.349589 0.996214 -0.0112713 -0.0862042 2.53953 
-0.085237 0.0320396 -0.995845 -37.3177 0.014487 0.999417 0.0309145 0.364855 0.996255 -0.0117917 -0.0856514 2.45617 
-0.0843289 0.037938 -0.995715 -38.157 0.0160667 0.999197 0.0367099 0.375985 0.996308 -0.0129021 -0.0848707 2.37697 
-0.084792 0.0410309 -0.995554 -38.9995 0.0164207 0.999074 0.0397774 0.388959 0.996263 -0.0129749 -0.0853872 2.30511 
-0.0846652 0.0408683 -0.995571 -39.8361 0.0170825 0.999071 0.0395593 0.408679 0.996263 -0.0136576 -0.0852847 2.23372 
-0.084814 0.0364348 -0.99573 -40.663 0.017286 0.999235 0.0350906 0.42776 0.996247 -0.014236 -0.0853789 2.15861 
-0.08457 0.0321597 -0.995898 -41.4977 0.0168256 0.999383 0.0308434 0.441523 0.996275 -0.0141481 -0.0850589 2.08174 
-0.084447 0.0293674 -0.995995 -42.3135 0.013222 0.999511 0.02835 0.455764 0.99634 -0.010775 -0.084794 2.00268 
-0.0849433 0.0275797 -0.996004 -43.1523 0.0102148 0.999588 0.0268077 0.468344 0.996333 -0.00789683 -0.0851901 1.91739 
-0.0858118 0.0263103 -0.995964 -43.9787 0.0127572 0.999598 0.0253072 0.463069 0.99623 -0.010534 -0.086113 1.84605 
-0.0868763 0.0226369 -0.995962 -44.8107 0.0162201 0.999641 0.0213057 0.470291 0.996087 -0.0143036 -0.0872123 1.77188 
-0.0873697 0.0215566 -0.995943 -45.6321 0.0206662 0.99959 0.0198226 0.474276 0.995962 -0.0188504 -0.0877793 1.69382 
-0.0892243 0.0253043 -0.99569 -46.4485 0.0216544 0.99949 0.0234604 0.479373 0.995776 -0.0194678 -0.0897268 1.61409 
-0.0908368 0.0316801 -0.995362 -47.2817 0.0241146 0.999271 0.0296039 0.487501 0.995574 -0.0213136 -0.0915345 1.53263 
-0.0925745 0.0354727 -0.995074 -48.1008 0.0263628 0.999102 0.0331637 0.49359 0.995357 -0.0231628 -0.0934265 1.45468 
-0.0941978 0.034612 -0.994952 -48.9132 0.026449 0.99913 0.0322533 0.50059 0.995202 -0.0232772 -0.0950313 1.37576 
-0.0950704 0.0306432 -0.994999 -49.7098 0.0229578 0.999328 0.028583 0.510138 0.995206 -0.0201256 -0.09571 1.28837 
-0.0962352 0.0270997 -0.99499 -50.5053 0.0184285 0.999506 0.0254404 0.513127 0.995188 -0.0158879 -0.0966871 1.19525 
-0.0976448 0.0254984 -0.994895 -51.2979 0.0150348 0.999595 0.0241433 0.520923 0.995108 -0.0126006 -0.0979887 1.10475 
-0.0987514 0.0267163 -0.994753 -52.0959 0.013737 0.999581 0.0254822 0.523869 0.995017 -0.0111485 -0.099077 1.02141 
-0.0996991 0.0283849 -0.994613 -52.8821 0.0141515 0.999532 0.0271068 0.526732 0.994917 -0.0113727 -0.100054 0.937863 
-0.1009 0.027939 -0.994504 -53.6583 0.0127879 0.999559 0.0267836 0.533347 0.994814 -0.0100151 -0.101213 0.856112 
-0.101357 0.0283015 -0.994448 -54.4314 0.0138697 0.999538 0.0270327 0.52815 0.994753 -0.0110527 -0.101702 0.766361 
-0.101882 0.0302605 -0.994336 -55.2075 0.0159918 0.999458 0.0287779 0.536341 0.994668 -0.0129692 -0.102311 0.681059 
-0.102202 0.0332922 -0.994206 -55.9848 0.017059 0.999351 0.0317109 0.546988 0.994617 -0.0137192 -0.102704 0.598057 
-0.102361 0.0374909 -0.994041 -56.7493 0.0166739 0.999214 0.0359691 0.555309 0.994608 -0.0128927 -0.102906 0.513288 
-0.102983 0.0400395 -0.993877 -57.5194 0.0173748 0.999109 0.03845 0.560001 0.994531 -0.0133087 -0.103587 0.428321 
-0.103985 0.0400324 -0.993773 -58.2824 0.018715 0.999091 0.0382883 0.573398 0.994403 -0.0146171 -0.10464 0.349216 
-0.10439 0.0381788 -0.993803 -59.0247 0.0201522 0.999139 0.036267 0.581387 0.994332 -0.0162414 -0.105069 0.271078 
-0.104759 0.0346327 -0.993894 -59.7441 0.0211645 0.999245 0.0325884 0.593624 0.994272 -0.0176213 -0.105413 0.197834 
-0.104818 0.0318371 -0.993982 -60.4655 0.0211927 0.999332 0.0297736 0.60148 0.994266 -0.0179444 -0.105423 0.121218 
-0.103513 0.029756 -0.994183 -61.1728 0.0204845 0.999404 0.0277795 0.60402 0.994417 -0.0174898 -0.104061 0.0439203 
-0.101077 0.028901 -0.994459 -61.8643 0.0179587 0.999468 0.0272213 0.608882 0.994717 -0.0151078 -0.101542 -0.0341104 
-0.0969282 0.0298199 -0.994845 -62.5477 0.0171546 0.999453 0.0282866 0.611851 0.995144 -0.0143244 -0.0973867 -0.108994 
-0.0912186 0.0315654 -0.99533 -63.2231 0.0185247 0.999378 0.0299961 0.616162 0.995659 -0.015702 -0.0917466 -0.171669 
-0.0839391 0.0328963 -0.995928 -63.8671 0.0195388 0.999317 0.0313615 0.627731 0.996279 -0.0168268 -0.0845246 -0.228166 
-0.0753396 0.0342816 -0.996568 -64.5028 0.0193547 0.999271 0.0329114 0.634331 0.99697 -0.0168088 -0.0759482 -0.27553 
-0.0636075 0.0361882 -0.997319 -65.1267 0.0171775 0.999234 0.0351621 0.636804 0.997827 -0.0148948 -0.0641804 -0.319411 
-0.0488844 0.0375465 -0.998098 -65.7431 0.0149027 0.999209 0.0368584 0.649318 0.998693 -0.0130725 -0.0494053 -0.352863 
-0.030579 0.0386815 -0.998784 -66.3309 0.0135001 0.999176 0.0382834 0.658841 0.999441 -0.012313 -0.031076 -0.362501 
-0.00852635 0.0395266 -0.999182 -66.8969 0.0128162 0.999141 0.0394156 0.667991 0.999882 -0.0124696 -0.00902561 -0.357534 
0.0167183 0.0399484 -0.999062 -67.4359 0.0135207 0.999101 0.0401762 0.677923 0.999769 -0.0141797 0.0161631 -0.332831 
0.0458296 0.0397904 -0.998156 -67.9622 0.0148002 0.99907 0.0405063 0.684015 0.99884 -0.0166293 0.0451981 -0.290117 
0.0800528 0.0398845 -0.995992 -68.4708 0.0156903 0.999025 0.041267 0.697834 0.996667 -0.018931 0.0793489 -0.232327 
0.117305 0.0397313 -0.992301 -68.9498 0.0166266 0.998981 0.0419643 0.715012 0.992957 -0.0214212 0.116524 -0.145949 
0.157831 0.0393302 -0.986683 -69.4073 0.0174039 0.99894 0.0426028 0.722799 0.987313 -0.0238962 0.156979 -0.0451502 
0.202738 0.0406793 -0.978388 -69.8601 0.0180567 0.998812 0.0452701 0.73079 0.979067 -0.0268444 0.201762 0.0775276 
0.250877 0.0394603 -0.967214 -70.298 0.0218072 0.998685 0.0464006 0.739222 0.967773 -0.0327331 0.249686 0.230555 
0.300866 0.0346304 -0.953037 -70.7177 0.0291243 0.998541 0.0454781 0.747871 0.953222 -0.0414394 0.299418 0.410092 
0.352279 0.0301419 -0.935409 -71.12 0.0330611 0.998457 0.0446245 0.751077 0.935311 -0.046646 0.350739 0.60319 
0.405107 0.0255487 -0.913912 -71.51 0.0371325 0.998325 0.044368 0.766755 0.913515 -0.0519096 0.403479 0.814178 
0.456352 0.0254446 -0.889436 -71.8917 0.0356404 0.998266 0.0468443 0.780416 0.889085 -0.0530773 0.454654 1.04576 
0.505333 0.0239898 -0.862591 -72.2605 0.0362453 0.998141 0.0489933 0.798482 0.862163 -0.0560228 0.503524 1.28646 
0.550447 0.0196434 -0.834639 -72.6136 0.0425664 0.997763 0.0515553 0.818164 0.833784 -0.0639061 0.54838 1.57514 
0.594282 0.0134685 -0.804144 -72.926 0.051623 0.997159 0.0548519 0.830643 0.802598 -0.0741099 0.591899 1.88148 
0.636915 0.00870955 -0.770885 -73.2351 0.0517739 0.997195 0.0540427 0.840994 0.769193 -0.0743323 0.634678 2.18918 
0.678368 0.00444039 -0.734709 -73.5332 0.0465796 0.99771 0.0490376 0.854021 0.733244 -0.067488 0.676608 2.49948 
0.719003 -0.0030827 -0.695001 -73.8167 0.0418284 0.998369 0.0388446 0.879694 0.693748 -0.0570002 0.717959 2.83806 
0.758414 -0.00595453 -0.651745 -74.0815 0.0357452 0.998833 0.0324699 0.891702 0.650792 -0.0479224 0.757742 3.18987 
0.795451 -0.00724756 -0.605974 -74.3323 0.0326754 0.998987 0.0309443 0.908304 0.605136 -0.0444151 0.794882 3.58001 
0.829801 -0.00798091 -0.558003 -74.5748 0.0302282 0.999073 0.0306627 0.921243 0.557241 -0.0423113 0.829272 3.99945 
0.860736 -0.00681936 -0.509005 -74.8006 0.025356 0.999243 0.0294901 0.932525 0.508419 -0.0382896 0.860258 4.4359 
0.887134 -0.00557929 -0.461477 -75.0201 0.0229662 0.999222 0.032069 0.936861 0.460939 -0.0390479 0.886572 4.91242 
0.908681 -3.6548e-05 -0.417491 -75.2298 0.0155455 0.999309 0.0337477 0.951821 0.417202 -0.037156 0.908054 5.40395 
0.926535 0.00378763 -0.376191 -75.4249 0.00916383 0.999425 0.0326325 0.971847 0.376098 -0.0336825 0.925967 5.91456 
0.940316 0.00882965 -0.340187 -75.6053 0.00314395 0.999395 0.0346299 0.986436 0.340287 -0.0336326 0.93972 6.44664 
0.950678 0.00981499 -0.310025 -75.7708 0.00178523 0.99931 0.0371112 0.995155 0.310175 -0.0358343 0.950004 7.00851 
0.958286 0.00927823 -0.285662 -75.9282 0.00187572 0.999247 0.0387477 1.01067 0.285806 -0.0376672 0.957547 7.58194 
0.964362 0.00948659 -0.264417 -76.0887 0.00147523 0.999149 0.0412271 1.02338 0.264583 -0.0401479 0.963527 8.18169 
0.969116 0.0116736 -0.24633 -76.2384 -0.000901471 0.99904 0.0437978 1.04804 0.246605 -0.0422231 0.968196 8.79506 
0.972774 0.0165991 -0.231161 -76.3866 -0.00627429 0.998952 0.0453286 1.06894 0.231671 -0.0426441 0.971859 9.42486 
0.975742 0.0198176 -0.218026 -76.5326 -0.00989065 0.998868 0.0465286 1.09393 0.218702 -0.0432435 0.974833 10.069 
0.978585 0.018134 -0.205043 -76.6661 -0.00879755 0.998886 0.0463546 1.11875 0.205655 -0.0435581 0.977655 10.7318 
0.981308 0.0179556 -0.191605 -76.793 -0.0093021 0.9989 0.0459677 1.14369 0.192219 -0.0433262 0.980395 11.4119 
0.983998 0.0187019 -0.177195 -76.91 -0.0105251 0.998841 0.0469739 1.16251 0.177868 -0.0443572 0.983054 12.1035 
0.986374 0.0193314 -0.163381 -77.0237 -0.0116561 0.998789 0.0478066 1.18826 0.164107 -0.0452508 0.985404 12.8091 
0.988395 0.0198322 -0.150602 -77.1349 -0.0131243 0.998882 0.0454045 1.20994 0.151335 -0.0429011 0.987551 13.5334 
0.989995 0.0201172 -0.139659 -77.2365 -0.014614 0.99908 0.0403195 1.23008 0.140341 -0.0378751 0.989379 14.2705 
0.991315 0.0178495 -0.130289 -77.3351 -0.0135178 0.999328 0.0340561 1.25714 0.130809 -0.0319992 0.990891 15.0185 
0.992358 0.0175214 -0.122145 -77.4282 -0.0134779 0.999336 0.0338527 1.28471 0.122657 -0.0319478 0.991935 15.7765 
0.993094 0.0194413 -0.115702 -77.5191 -0.0148605 0.999076 0.0403226 1.30089 0.116379 -0.0383247 0.992465 16.545 
0.99357 0.0238424 -0.110679 -77.6142 -0.0185604 0.99865 0.0485107 1.32309 0.111686 -0.0461446 0.992672 17.3224 
0.994027 0.0239347 -0.106482 -77.7013 -0.0184366 0.99846 0.052322 1.34775 0.10757 -0.0500462 0.992937 18.0987 
0.994382 0.0228557 -0.103358 -77.7806 -0.0175759 0.998508 0.0517086 1.36872 0.104385 -0.0496015 0.993299 18.8646 
0.994679 0.0224246 -0.100555 -77.8522 -0.0173701 0.998555 0.0508626 1.3947 0.10155 -0.0488453 0.993631 19.6255 
0.994995 0.0208724 -0.0977219 -77.9299 -0.0157245 0.998462 0.0531559 1.42237 0.0986812 -0.0513532 0.993793 20.4011 
0.995289 0.0184588 -0.0951842 -78.003 -0.0132068 0.998371 0.0555142 1.45344 0.0960538 -0.0539956 0.993911 21.1692 
0.995588 0.0161567 -0.0924317 -78.0759 -0.0108985 0.998308 0.0571117 1.48089 0.093198 -0.0558524 0.99408 21.9416 
0.995861 0.0151187 -0.0896183 -78.1483 -0.0103134 0.998496 0.053842 1.50623 0.0902976 -0.0526949 0.99452 22.7043 
0.995979 0.0173999 -0.0878774 -78.2243 -0.0133467 0.998829 0.0465026 1.53325 0.0885837 -0.0451427 0.995045 23.4486 
0.996073 0.0173795 -0.0868143 -78.2877 -0.0140524 0.999149 0.0387885 1.55644 0.0874146 -0.0374163 0.995469 24.1992 
0.996167 0.0185332 -0.0854893 -78.3564 -0.0156011 0.999271 0.0348402 1.57217 0.0860727 -0.0333729 0.99573 24.9565 
0.99633 0.0198866 -0.0832497 -78.4293 -0.0168624 0.999178 0.0368737 1.5847 0.0839145 -0.0353345 0.995846 25.7192 
0.996482 0.0229853 -0.0805887 -78.504 -0.0197116 0.998957 0.0411857 1.59593 0.0814513 -0.0394523 0.995896 26.4825 
0.996552 0.0259176 -0.0788244 -78.5721 -0.0222883 0.998666 0.0465796 1.61141 0.0799265 -0.0446621 0.9958 27.2451 
0.996818 0.0235382 -0.0761604 -78.638 -0.0198676 0.998621 0.0485999 1.63189 0.0771993 -0.0469321 0.99591 28.0099 
0.996972 0.0205608 -0.074991 -78.6946 -0.0169603 0.998687 0.0483362 1.65643 0.0758863 -0.046918 0.996012 28.7535 
0.997091 0.0185382 -0.073936 -78.7495 -0.0149781 0.998715 0.0484193 1.67837 0.0747386 -0.047171 0.996087 29.506 
0.997162 0.0180714 -0.0730814 -78.8069 -0.0147076 0.998819 0.0463062 1.70529 0.0738319 -0.0451 0.99625 30.257 
0.997266 0.0158393 -0.0721825 -78.8623 -0.0125962 0.9989 0.0451656 1.73057 0.0728185 -0.0441329 0.996368 31.0144 
0.997337 0.0153255 -0.0712971 -78.9261 -0.0120827 0.998882 0.0456937 1.74709 0.0719177 -0.0447105 0.996408 31.7612 
0.99735 0.0184724 -0.0703711 -78.99 -0.0152232 0.998805 0.0464334 1.77389 0.0711448 -0.045239 0.99644 32.5358 
0.997353 0.017947 -0.0704636 -79.0509 -0.0147436 0.998845 0.0457211 1.7952 0.0712028 -0.0445611 0.996466 33.3022 
0.997239 0.0169916 -0.0722877 -79.112 -0.0136816 0.998846 0.0460416 1.81451 0.0729866 -0.0449255 0.996321 34.0801 
0.997117 0.0148159 -0.074415 -79.1716 -0.0113608 0.998847 0.0466401 1.83794 0.0750202 -0.0456602 0.996136 34.8627 
0.996856 0.0159803 -0.0776018 -79.2408 -0.0124049 0.998849 0.0463391 1.86675 0.078253 -0.0452308 0.995907 35.6476 
0.996585 0.0195376 -0.0802323 -79.3192 -0.0158995 0.998827 0.045735 1.89493 0.0810318 -0.0443031 0.995726 36.4461 
0.996359 0.0202268 -0.0828198 -79.3971 -0.0168994 0.999029 0.0406819 1.92127 0.0835622 -0.0391342 0.995734 37.2352 
0.996096 0.0216765 -0.0855743 -79.4688 -0.0186028 0.999158 0.0365546 1.95293 0.0862947 -0.0348199 0.995661 38.0342 
0.995928 0.0204272 -0.0878026 -79.5452 -0.01743 0.999243 0.0347676 1.97416 0.0884463 -0.0330956 0.995531 38.8383 
0.995761 0.0207667 -0.089598 -79.6304 -0.0175502 0.999178 0.036539 1.98697 0.0902832 -0.0348116 0.995308 39.661 
0.995594 0.0186911 -0.091891 -79.7097 -0.0153332 0.999193 0.0371128 2.00928 0.0925106 -0.0355403 0.995077 40.4853 
0.995481 0.0175525 -0.0933201 -79.7995 -0.0139764 0.999148 0.0388367 2.03401 0.0939223 -0.0373569 0.994878 41.319 
0.995374 0.0171231 -0.0945333 -79.8832 -0.0131437 0.999007 0.042559 2.05895 0.0951682 -0.0411196 0.994612 42.1573 
0.99527 0.0167053 -0.0957043 -79.9654 -0.0122321 0.998813 0.0471379 2.08561 0.0963782 -0.0457443 0.994293 43.0051 
0.995327 0.0164526 -0.0951507 -80.0493 -0.0118055 0.998719 0.0491979 2.11197 0.0958383 -0.0478447 0.994246 43.858 
0.995457 0.0195527 -0.0931868 -80.1365 -0.0150049 0.998673 0.0492562 2.14205 0.0940263 -0.0476341 0.99443 44.7173 
0.99565 0.0193511 -0.09114 -80.2257 -0.014991 0.998721 0.0482839 2.16702 0.0919578 -0.0467076 0.994667 45.5859 
0.995847 0.0168691 -0.0894635 -80.3097 -0.0127838 0.998858 0.0460427 2.19668 0.090138 -0.0447079 0.994925 46.4604 
0.996047 0.0120534 -0.0880029 -80.3823 -0.00814962 0.998972 0.044585 2.22099 0.0884498 -0.0436916 0.995122 47.3314 
0.996238 0.0107856 -0.085985 -80.4658 -0.00696734 0.998981 0.0445828 2.24824 0.0863783 -0.043816 0.995298 48.2052 
0.996315 0.00772086 -0.085418 -80.5363 -0.00368987 0.998876 0.0472489 2.27195 0.0856869 -0.0467596 0.995224 49.0696 
0.99641 0.00534001 -0.0844935 -80.6088 -0.00113875 0.998764 0.0496931 2.29645 0.0846544 -0.0494185 0.995184 49.9495 
0.996456 0.00461844 -0.083993 -80.6837 -0.000441368 0.998765 0.0496819 2.32697 0.0841188 -0.0494687 0.995227 50.8169 
0.996519 0.00601485 -0.0831481 -80.7615 -0.00210463 0.998891 0.0470351 2.34301 0.0833388 -0.0466963 0.995427 51.6855 
0.996553 0.00779677 -0.0825863 -80.84 -0.00436427 0.999122 0.0416618 2.35863 0.0828386 -0.0411578 0.995713 52.5476 
0.996632 0.00965605 -0.0814357 -80.9173 -0.00674163 0.99933 0.0359873 2.38588 0.0817286 -0.0353171 0.996029 53.4078 
0.996633 0.0144312 -0.0807083 -80.9992 -0.0120251 0.999471 0.0302186 2.40078 0.0811017 -0.0291463 0.99628 54.2608 
0.996734 0.0139367 -0.0795482 -81.0769 -0.0116263 0.999499 0.0294329 2.41337 0.0799185 -0.0284119 0.996396 55.1204 
0.996764 0.010492 -0.0796952 -81.1458 -0.0076856 0.999342 0.0354397 2.43149 0.0800146 -0.0347125 0.996189 55.9751 
0.996694 0.00855588 -0.0808013 -81.2125 -0.00494818 0.998986 0.0447441 2.44403 0.0811022 -0.0441964 0.995725 56.8468 
0.996571 0.0072874 -0.0824145 -81.2848 -0.00293118 0.998598 0.0528554 2.46179 0.0826841 -0.0524326 0.995196 57.713 
0.996388 0.00415569 -0.0848205 -81.3594 0.000145532 0.998717 0.0506406 2.48616 0.0849221 -0.05047 0.995109 58.5485 
0.996245 -0.000101472 -0.0865817 -81.4313 0.00421102 0.998873 0.047283 2.51456 0.0864793 -0.0474701 0.995122 59.3936 
0.996002 -0.0014564 -0.0893182 -81.5055 0.00556262 0.998938 0.0457413 2.54156 0.0891567 -0.0460552 0.994952 60.2233 
0.995751 0.000902512 -0.0920856 -81.5897 0.00308957 0.999062 0.0432001 2.5649 0.0920382 -0.043301 0.994814 61.0431 
0.995403 0.00238675 -0.0957467 -81.6722 0.00148474 0.999185 0.0403431 2.57927 0.095765 -0.0402998 0.994588 61.8662 
0.995 0.00278163 -0.0998368 -81.7603 0.000906973 0.999319 0.0368819 2.60113 0.0998715 -0.0367881 0.99432 62.6797 
0.994676 0.00460049 -0.102952 -81.8537 -0.00120173 0.999453 0.0330507 2.61393 0.103048 -0.032751 0.994137 63.4788 
0.994311 0.00911037 -0.106124 -81.9542 -0.00564858 0.999443 0.0328753 2.62953 0.106364 -0.0320888 0.993809 64.291 
0.993876 0.0121014 -0.10984 -82.0512 -0.00834894 0.999368 0.0345591 2.64808 0.110189 -0.0334304 0.993348 65.0991 
0.993383 0.0144233 -0.113936 -82.152 -0.00987587 0.999136 0.0403759 2.66196 0.11442 -0.0389835 0.992667 65.9038 
0.99291 0.014493 -0.117983 -82.2591 -0.00906741 0.998882 0.0463938 2.67287 0.118524 -0.0449951 0.991931 66.7036 
0.992304 0.0143381 -0.12299 -82.3619 -0.00828575 0.998736 0.0495809 2.69747 0.123546 -0.0481803 0.991169 67.5001 
0.991477 0.0127021 -0.129662 -82.47 -0.00616069 0.998694 0.050727 2.71528 0.130137 -0.0494958 0.99026 68.2919 
0.990689 0.00987409 -0.135783 -82.5789 -0.00247833 0.998509 0.0545291 2.73783 0.136119 -0.0536849 0.989237 69.0836 
0.989783 0.0104094 -0.142201 -82.6956 -0.00278875 0.998554 0.0536855 2.76417 0.142554 -0.0527404 0.988381 69.8581 
0.988831 0.0147503 -0.148308 -82.8245 -0.00698452 0.998583 0.0527477 2.7891 0.148876 -0.0511228 0.987534 70.6297 
0.987867 0.016108 -0.154462 -82.9556 -0.00854013 0.998736 0.049534 2.80778 0.155064 -0.0476139 0.986756 71.3997 
0.98692 0.0148558 -0.160523 -83.0806 -0.00749878 0.998898 0.0463405 2.83417 0.161035 -0.0445306 0.985944 72.1613 
0.986001 0.0159085 -0.165978 -83.2147 -0.00850486 0.998941 0.045222 2.85175 0.166521 -0.0431773 0.985092 72.9318 
0.985208 0.0174244 -0.170477 -83.3605 -0.00891317 0.998681 0.0505646 2.87821 0.171133 -0.0482972 0.984063 73.7039 
0.984095 0.0177575 -0.176753 -83.5046 -0.00815978 0.99846 0.0548797 2.90077 0.177455 -0.0525646 0.982724 74.4714 
0.982945 0.0168365 -0.183126 -83.6483 -0.00638787 0.998325 0.057498 2.916 0.183787 -0.0553476 0.981407 75.2204 
0.981654 0.0140989 -0.190147 -83.8006 -0.0040025 0.998566 0.0533778 2.94628 0.190627 -0.0516375 0.980304 75.9638 
0.979957 0.0114286 -0.19888 -83.9456 -0.00231497 0.998939 0.0459973 2.97711 0.199194 -0.044615 0.978944 76.7037 
0.97809 0.00784713 -0.208037 -84.1097 0.0013874 0.999021 0.0442059 2.99748 0.20818 -0.043526 0.977122 77.4429 
0.975713 0.00734218 -0.21893 -84.2806 0.00297479 0.998902 0.0467576 3.021 0.219033 -0.0462733 0.97462 78.1789 
0.973141 0.006902 -0.230108 -84.4623 0.00540105 0.998591 0.0527938 3.04187 0.230148 -0.0526186 0.971732 78.9234 
0.97019 0.00821345 -0.242205 -84.6535 0.0066333 0.998151 0.0604191 3.06934 0.242254 -0.0602247 0.968342 79.6556 
0.967298 0.00910953 -0.253479 -84.854 0.0073006 0.997941 0.0637238 3.09298 0.253537 -0.0634905 0.96524 80.3907 
0.964268 0.0121487 -0.264652 -85.0694 0.00358364 0.998259 0.0588816 3.12111 0.264906 -0.057726 0.962545 81.1031 
0.960926 0.0107085 -0.276599 -85.2861 0.00303553 0.998784 0.0492133 3.14823 0.27679 -0.04813 0.959724 81.8077 
0.957351 0.0075459 -0.288829 -85.5108 0.0053794 0.99902 0.0439308 3.17529 0.288877 -0.0436109 0.956372 82.5159 
0.953331 0.00595978 -0.301867 -85.7262 0.0089873 0.998802 0.0481023 3.21365 0.301792 -0.0485704 0.952136 83.2291 
0.949555 0.00710453 -0.313521 -85.9701 0.0108414 0.998402 0.0554592 3.23642 0.313414 -0.0560606 0.94796 83.9391 
0.945621 0.00810302 -0.325171 -86.2284 0.012368 0.998071 0.0608383 3.25937 0.325037 -0.0615517 0.943696 84.6476 
0.94116 0.00535486 -0.337918 -86.4837 0.0154072 0.998155 0.0587292 3.28924 0.337609 -0.06048 0.939341 85.3505 
0.936981 0.00333443 -0.349364 -86.7457 0.0165506 0.998408 0.0539171 3.31631 0.348988 -0.0563014 0.935434 86.0463 
0.933692 -0.00069883 -0.358075 -87.0187 0.0186932 0.99873 0.046794 3.34302 0.357588 -0.0503848 0.932519 86.7313 
0.930721 -0.00554831 -0.365687 -87.2996 0.0218425 0.998943 0.0404357 3.37268 0.365076 -0.0456219 0.929859 87.4191 
0.927912 -0.00582588 -0.372753 -87.5907 0.0217364 0.999022 0.0384954 3.39068 0.372164 -0.0438227 0.927132 88.123 
0.92481 -0.00100991 -0.380429 -87.8908 0.0169552 0.999112 0.0385652 3.40442 0.380052 -0.0421157 0.924006 88.8143 
0.921519 -0.000856953 -0.388332 -88.1903 0.0180271 0.999014 0.0405741 3.42385 0.387914 -0.0443903 0.920626 89.505 
0.918123 -8.40341e-05 -0.396296 -88.4979 0.020344 0.998691 0.0469204 3.44831 0.395774 -0.051141 0.916923 90.2089 
0.915238 0.00187131 -0.402909 -88.8144 0.0221309 0.998246 0.0549084 3.47193 0.402305 -0.059171 0.913591 90.9099 
0.912667 0.0126663 -0.408507 -89.1481 0.0136397 0.998019 0.0614182 3.49631 0.408476 -0.0616263 0.910686 91.5975 
0.910106 0.0191338 -0.413933 -89.4889 0.00550823 0.998286 0.058256 3.52489 0.414339 -0.0552992 0.908441 92.2847 
0.907627 0.0154771 -0.419492 -89.8166 0.00620226 0.998717 0.050267 3.55365 0.419731 -0.0482255 0.906366 92.9688 
0.905437 0.00764907 -0.424413 -90.1407 0.0116654 0.999012 0.0428918 3.57981 0.424321 -0.0437868 0.904452 93.6643 
0.903732 0.00846613 -0.428015 -90.476 0.0105936 0.999056 0.0421292 3.60887 0.427968 -0.0426077 0.902789 94.3493 
0.901555 0.0148122 -0.432412 -90.8227 0.00622712 0.998866 0.0471991 3.63001 0.432621 -0.0452453 0.90044 95.035 
0.899009 0.0170873 -0.437598 -91.1764 0.0060029 0.998664 0.0513282 3.65283 0.43789 -0.0487713 0.897705 95.7402 
0.896631 0.0134709 -0.442574 -91.5224 0.00926499 0.998747 0.0491699 3.67355 0.442682 -0.0481877 0.895383 96.4316 
0.894192 0.0117091 -0.44753 -91.8676 0.0083207 0.999051 0.0427644 3.6936 0.447606 -0.0419634 0.893246 97.1067 
0.891918 0.00938524 -0.452099 -92.2232 0.00777058 0.999319 0.0360753 3.71746 0.452129 -0.0356893 0.891238 97.7855 
0.889459 0.00957983 -0.456914 -92.5758 0.00705865 0.999373 0.0346941 3.73592 0.45696 -0.0340841 0.888834 98.4613 
0.887324 0.0125366 -0.460976 -92.9447 0.00617693 0.999218 0.0390644 3.7488 0.461105 -0.0375102 0.886553 99.1464 
0.885164 0.0146664 -0.465048 -93.3093 0.00520399 0.999128 0.041415 3.75892 0.465251 -0.0390792 0.884316 99.8232 
0.882785 0.015421 -0.469524 -93.6793 0.00488172 0.999106 0.0419931 3.77248 0.469752 -0.0393629 0.88192 100.499 
0.880389 0.0132727 -0.474067 -94.0489 0.00702059 0.999134 0.0410112 3.79164 0.474201 -0.0394341 0.879533 101.171 
0.878314 0.0117284 -0.47794 -94.421 0.00871588 0.99914 0.0405356 3.80587 0.478004 -0.0397686 0.877457 101.84 
0.876092 0.0113204 -0.482011 -94.7986 0.00948971 0.999126 0.0407136 3.82756 0.48205 -0.040243 0.875219 102.509 
0.873832 0.012917 -0.486056 -95.1785 0.00828542 0.999106 0.0414469 3.84069 0.486157 -0.0402448 0.872944 103.162 
0.871483 0.0129767 -0.490255 -95.5568 0.00849291 0.999101 0.0415427 3.85678 0.490353 -0.0403674 0.870589 103.82 
0.869026 0.00991247 -0.494666 -95.9281 0.0100174 0.999242 0.0376221 3.86675 0.494664 -0.0376499 0.868268 104.469 
0.86649 0.00635342 -0.499154 -96.2976 0.0118446 0.999376 0.0332817 3.87836 0.499054 -0.0347505 0.865874 105.104 
0.864741 0.0054093 -0.502188 -96.6882 0.0113958 0.999473 0.0303888 3.89274 0.502088 -0.0320013 0.864224 105.731 
0.86271 0.00720959 -0.505648 -97.0651 0.0116442 0.99935 0.0341156 3.9091 0.505565 -0.0353197 0.862065 106.365 
0.86055 0.0106681 -0.509253 -97.4434 0.0127907 0.999013 0.0425419 3.92893 0.509205 -0.0431232 0.859564 107.001 
0.858813 0.013011 -0.512125 -97.8165 0.0156497 0.998545 0.0516129 3.94779 0.512051 -0.0523404 0.857359 107.634 
0.857112 0.0123483 -0.514983 -98.1832 0.0192965 0.998241 0.0560521 3.96877 0.514769 -0.0579802 0.855366 108.247 
0.855617 0.00900978 -0.517531 -98.5531 0.0228491 0.998216 0.0551538 3.9936 0.517104 -0.0590156 0.853885 108.833 
0.853753 0.00664134 -0.520637 -98.9183 0.0237328 0.998383 0.0516533 4.01234 0.520138 -0.0564553 0.852214 109.423 
0.852132 0.00440385 -0.523308 -99.2682 0.0248854 0.998492 0.0489249 4.02734 0.522735 -0.0547132 0.850738 109.987 
0.850387 0.00239684 -0.526152 -99.6092 0.0267565 0.998499 0.0477935 4.04573 0.525477 -0.0547209 0.849046 110.54 
0.849117 0.000655 -0.528205 -99.9502 0.0286393 0.998471 0.0472773 4.06295 0.527428 -0.0552714 0.8478 111.077 
0.847604 0.00114954 -0.530628 -100.279 0.0287728 0.998427 0.0481235 4.07791 0.529849 -0.0560573 0.846237 111.595 
0.846394 0.00128828 -0.532555 -100.603 0.0295753 0.99834 0.0494193 4.09333 0.531735 -0.0575787 0.844951 112.1 
0.844909 -0.000118927 -0.53491 -100.907 0.0317387 0.998249 0.0499104 4.10397 0.533968 -0.0591471 0.843433 112.575 
0.84355 -0.00148737 -0.537049 -101.203 0.0337627 0.998165 0.050267 4.11683 0.535989 -0.060535 0.842052 113.039 
0.842404 -0.00270756 -0.53884 -101.482 0.0348245 0.99817 0.0494279 4.12476 0.53772 -0.060403 0.840957 113.468 
0.841096 -0.00267944 -0.54088 -101.756 0.0328046 0.9984 0.046067 4.13254 0.539891 -0.0564901 0.839837 113.887 
0.839343 -0.00538249 -0.543576 -102.015 0.0337382 0.998539 0.042208 4.13853 0.542555 -0.0537663 0.838298 114.291 
0.836787 -0.00956635 -0.547446 -102.263 0.0376746 0.998484 0.0401386 4.14759 0.546232 -0.0542123 0.835878 114.675 
0.834132 -0.0133017 -0.551404 -102.502 0.0425116 0.998286 0.040227 4.15765 0.549924 -0.0569957 0.833268 115.037 
0.830621 -0.0120212 -0.556709 -102.734 0.0422556 0.998245 0.0414907 4.1673 0.555233 -0.0579872 0.829671 115.375 
0.826732 -0.00838014 -0.562534 -102.962 0.0393248 0.998304 0.0429222 4.17812 0.56122 -0.0576066 0.82566 115.697 
0.822953 -0.00296499 -0.568102 -103.185 0.0361643 0.998232 0.0471778 4.18477 0.566957 -0.0593702 0.821605 116.004 
0.819106 0.0026617 -0.573637 -103.407 0.0347152 0.997926 0.0542009 4.186 0.572591 -0.0643102 0.817315 116.299 
0.81418 0.00429472 -0.580596 -103.605 0.0361012 0.997663 0.0580051 4.19146 0.579489 -0.0681868 0.812123 116.574 
0.808613 0.00114741 -0.58834 -103.795 0.0411352 0.997441 0.0584814 4.2023 0.586901 -0.0714903 0.806496 116.83 
0.801501 -0.000815226 -0.597993 -103.975 0.0450852 0.997235 0.059069 4.20931 0.596291 -0.0743044 0.799322 117.069 
0.792495 -0.00258511 -0.609872 -104.148 0.0492386 0.996998 0.0597568 4.21644 0.607887 -0.0773862 0.790244 117.291 
0.781959 -0.00241572 -0.623325 -104.326 0.0508044 0.996912 0.0598705 4.22393 0.621255 -0.0784839 0.779668 117.499 
0.769588 -0.00109159 -0.63854 -104.502 0.0498208 0.997053 0.058341 4.23283 0.636595 -0.0767111 0.767374 117.684 
0.755384 -0.00226597 -0.655279 -104.666 0.0506923 0.997199 0.0549881 4.23371 0.653319 -0.0747548 0.753383 117.852 
0.74058 -0.00497538 -0.67195 -104.83 0.0512116 0.997482 0.0490564 4.23362 0.670014 -0.0707418 0.73897 118.003 
0.725634 -0.00888396 -0.688023 -104.991 0.0526079 0.997706 0.042601 4.23711 0.686067 -0.0671082 0.724437 118.144 
0.710329 -0.00866271 -0.703816 -105.157 0.0496935 0.998046 0.0378692 4.23881 0.702113 -0.0618747 0.709372 118.278 
0.694597 -0.00527416 -0.719379 -105.329 0.0432089 0.998474 0.0344 4.24509 0.7181 -0.0549777 0.693765 118.404 
0.677214 -0.00327637 -0.735779 -105.501 0.0417392 0.998551 0.0339705 4.2443 0.734601 -0.0537162 0.67637 118.533 
0.658375 -0.00484071 -0.752675 -105.669 0.0456671 0.998394 0.0335246 4.25345 0.751304 -0.0564442 0.657538 118.66 
0.637626 -0.00561461 -0.770326 -105.833 0.0498538 0.998178 0.0339904 4.25566 0.768731 -0.0600768 0.636744 118.788 
0.615016 -0.00430703 -0.788503 -106.011 0.0514211 0.998076 0.0346556 4.26121 0.786836 -0.0618594 0.614054 118.904 
0.590948 0.000290885 -0.806709 -106.196 0.0488277 0.998154 0.0361283 4.26325 0.80523 -0.0607397 0.589843 119.005 
0.56623 0.00454006 -0.824235 -106.387 0.0474902 0.998144 0.0381227 4.26613 0.822878 -0.0607293 0.564963 119.105 
0.540608 0.00802998 -0.841236 -106.578 0.0463072 0.998154 0.0392865 4.26603 0.839999 -0.0601939 0.539239 119.199 
0.514682 0.0118193 -0.8573 -106.772 0.0439581 0.998226 0.0401525 4.25993 0.856254 -0.058351 0.513249 119.279 
0.487821 0.0162464 -0.872793 -106.969 0.0412559 0.998281 0.041641 4.2553 0.871968 -0.0563212 0.486312 119.354 
0.459954 0.0199338 -0.887719 -107.164 0.039466 0.998301 0.0428654 4.25022 0.887065 -0.0547508 0.458386 119.422 
0.430239 0.0192818 -0.902509 -107.363 0.0418067 0.998274 0.0412576 4.24968 0.901746 -0.0554816 0.428691 119.487 
0.398149 0.0160636 -0.91718 -107.579 0.0423775 0.998457 0.0358832 4.25184 0.916342 -0.0531546 0.396854 119.547 
0.36329 0.0119317 -0.9316 -107.809 0.0433977 0.998616 0.0297135 4.25519 0.930665 -0.0512239 0.362269 119.607 
0.324102 0.0097925 -0.945971 -108.058 0.0447069 0.998671 0.0256552 4.25649 0.944965 -0.0506063 0.323234 119.66 
0.282371 0.00851947 -0.959267 -108.33 0.0460242 0.998689 0.0224173 4.2635 0.958201 -0.0504795 0.281608 119.709 
0.238616 0.00671598 -0.971091 -108.619 0.0472018 0.998714 0.0185054 4.26756 0.969966 -0.050253 0.237992 119.747 
0.191263 0.00457181 -0.981528 -108.926 0.0491959 0.998688 0.0142382 4.26601 0.980305 -0.0510104 0.190787 119.775 
0.141842 0.00245959 -0.989886 -109.249 0.050271 0.998689 0.00968484 4.27075 0.988612 -0.0511363 0.141532 119.789 
0.0910816 0.00190704 -0.995842 -109.581 0.0512512 0.998664 0.00659998 4.27705 0.994524 -0.0516392 0.0908622 119.786 
0.0390782 0.00416807 -0.999227 -109.919 0.0516638 0.998645 0.00618613 4.26816 0.9979 -0.0518657 0.0388099 119.762 
-0.0143086 0.00660847 -0.999876 -110.272 0.0544953 0.998497 0.00581951 4.26693 0.998411 -0.0544053 -0.0146472 119.725 
-0.0681197 0.00906296 -0.997636 -110.64 0.0582735 0.998288 0.00508991 4.26153 0.995974 -0.057789 -0.0685312 119.667 
-0.121998 0.0109223 -0.99247 -111.024 0.0617225 0.998088 0.003397 4.25587 0.990609 -0.0608433 -0.122439 119.59 
-0.174832 0.0127514 -0.984516 -111.414 0.0639047 0.997955 0.00157712 4.25156 0.982522 -0.0626395 -0.17529 119.487 
-0.226004 0.0149327 -0.974012 -111.818 0.0653183 0.997864 0.000142262 4.24146 0.971934 -0.0635886 -0.226497 119.358 
-0.275082 0.0162932 -0.961283 -112.224 0.0671999 0.997737 -0.002319 4.23805 0.959069 -0.065236 -0.275555 119.207 
-0.322842 0.0176146 -0.946289 -112.634 0.0701897 0.997519 -0.00537813 4.23361 0.943847 -0.068156 -0.323278 119.031 
-0.369477 0.019956 -0.929026 -113.06 0.0738723 0.997236 -0.00795815 4.21864 0.926299 -0.0715696 -0.36993 118.837 
-0.41356 0.0221153 -0.910208 -113.498 0.0768007 0.996989 -0.0106711 4.21005 0.907232 -0.0743177 -0.414014 118.61 
-0.454967 0.0244903 -0.890172 -113.936 0.0792372 0.99677 -0.0130752 4.19557 0.886976 -0.0764835 -0.455438 118.359 
-0.49323 0.0255332 -0.869524 -114.377 0.0799066 0.996673 -0.0160595 4.1832 0.866221 -0.0774017 -0.49363 118.083 
-0.526667 0.0257367 -0.849682 -114.826 0.0791278 0.996686 -0.0188572 4.17148 0.846381 -0.077165 -0.526958 117.774 
-0.554419 0.0253063 -0.831853 -115.28 0.0771226 0.996799 -0.021077 4.15356 0.828657 -0.0758402 -0.554596 117.442 
-0.576805 0.0240311 -0.816528 -115.746 0.0743667 0.996961 -0.0231921 4.13177 0.81349 -0.0740998 -0.576839 117.088 
-0.594376 0.0223045 -0.803878 -116.229 0.0715306 0.997119 -0.0252225 4.10835 0.801 -0.0724935 -0.594259 116.713 
