1 0 0 0 0 1 0 0 0 0 1 0 
0.999991 -0.0028216 -0.00323715 -0.00140725 0.00281543 0.999994 -0.00190769 -0.00259935 0.00324251 0.00189856 0.999993 0.67489 
0.99997 -0.00237253 -0.00737623 -0.0105604 0.00234812 0.999992 -0.00331587 -0.00599634 0.00738403 0.00329845 0.999967 1.37709 
0.999933 -0.0022019 -0.0113475 -0.0244845 0.00214758 0.999986 -0.00479648 -0.0079179 0.0113579 0.00477179 0.999924 2.09161 
0.999864 -0.00145139 -0.0164435 -0.0390799 0.00136574 0.999985 -0.00521887 -0.0163386 0.0164508 0.00519571 0.999851 2.83107 
0.999775 -0.00227525 -0.0210693 -0.0551025 0.00216126 0.999983 -0.00543167 -0.0242561 0.0210813 0.00538492 0.999763 3.5782 
0.999671 -0.000158421 -0.0256498 -0.083639 -2.0106e-05 0.999976 -0.00695977 -0.0277993 0.0256503 0.006958 0.999647 4.33379 
0.999531 0.00236051 -0.0305465 -0.115779 -0.00258644 0.99997 -0.00735896 -0.0376339 0.0305282 0.00743451 0.999506 5.1138 
0.999394 0.0026955 -0.0347073 -0.152823 -0.00288846 0.999981 -0.0055106 -0.0504114 0.0346917 0.00560751 0.999382 5.90334 
0.999229 0.00176753 -0.0392153 -0.189065 -0.00187667 0.999994 -0.00274649 -0.0618928 0.0392102 0.00281797 0.999227 6.69202 
0.999092 0.00157156 -0.0425834 -0.22955 -0.00158514 0.999999 -0.000285232 -0.0683946 0.0425829 0.000352473 0.999093 7.51012 
0.998977 0.00330349 -0.0451083 -0.272754 -0.00335408 0.999994 -0.00104589 -0.0768318 0.0451046 0.00119612 0.998982 8.33457 
0.998867 0.00271416 -0.0475196 -0.314647 -0.00277328 0.999995 -0.00117817 -0.0852286 0.0475162 0.00130862 0.99887 9.15798 
0.99879 -9.65525e-06 -0.0491771 -0.355604 -8.79989e-05 0.999998 -0.0019836 -0.0897916 0.0491771 0.00198553 0.998788 9.9947 
0.998683 0.000154558 -0.051301 -0.403068 -0.000223406 0.999999 -0.00133631 -0.0973194 0.0513008 0.00134601 0.998682 10.8299 
0.998604 -0.0014481 -0.0527968 -0.446934 0.00137444 0.999998 -0.00143146 -0.10849 0.0527988 0.00135689 0.998604 11.6895 
0.998485 0.0002767 -0.0550217 -0.492975 -0.000486799 0.999993 -0.00380511 -0.117607 0.0550203 0.00382613 0.998478 12.5541 
0.998418 0.00103237 -0.0562162 -0.553046 -0.00138475 0.99998 -0.00622973 -0.131212 0.0562087 0.00629772 0.998399 13.4168 
0.998287 0.00469198 -0.0583172 -0.608604 -0.00517441 0.999954 -0.0081243 -0.138579 0.0582764 0.00841214 0.998265 14.2919 
0.998216 0.00546384 -0.0594573 -0.665093 -0.00593663 0.999952 -0.00777804 -0.151722 0.059412 0.00811713 0.998201 15.1825 
0.998128 0.00414863 -0.0610215 -0.719735 -0.00452742 0.999971 -0.00607059 -0.170958 0.0609946 0.00633549 0.998118 16.0745 
0.998052 0.00490329 -0.062188 -0.782364 -0.00517943 0.999977 -0.00427999 -0.187652 0.0621656 0.00459376 0.998055 16.9705 
0.997992 0.00451145 -0.0631845 -0.845081 -0.0047778 0.99998 -0.00406509 -0.203323 0.0631649 0.00435881 0.997994 17.8718 
0.99789 0.00423531 -0.0647923 -0.907013 -0.00454611 0.999979 -0.00465025 -0.216609 0.0647713 0.00493499 0.997888 18.7769 
0.997793 0.00227881 -0.0663569 -0.963122 -0.00261712 0.999984 -0.00501188 -0.232693 0.0663444 0.00517448 0.997783 19.6945 
0.997733 0.00194811 -0.0672635 -1.01982 -0.00216919 0.999992 -0.00321386 -0.247819 0.0672568 0.00335248 0.99773 20.6229 
0.997718 0.0032758 -0.0674359 -1.08774 -0.00326855 0.999995 0.000217904 -0.262578 0.0674362 3.01061e-06 0.997724 21.5473 
0.997746 0.00339875 -0.0670131 -1.15276 -0.0031192 0.999986 0.00427575 -0.271403 0.0670267 -0.00405709 0.997743 22.4874 
0.99785 0.00231969 -0.0655051 -1.21633 -0.00184938 0.999972 0.00723953 -0.278026 0.0655201 -0.00710282 0.997826 23.4181 
0.997943 0.00242221 -0.0640635 -1.2772 -0.00193024 0.999968 0.00774012 -0.277333 0.0640802 -0.00760054 0.997916 24.3482 
0.998029 0.00257057 -0.0627035 -1.34032 -0.00227561 0.999986 0.00477501 -0.279929 0.0627149 -0.00462291 0.998021 25.297 
0.998075 0.00291472 -0.0619439 -1.40447 -0.00292434 0.999996 -6.4744e-05 -0.283177 0.0619434 0.000245765 0.99808 26.2492 
0.998136 0.00198056 -0.0609974 -1.4646 -0.00215492 0.999994 -0.0027927 -0.29086 0.0609915 0.00291894 0.998134 27.2105 
0.998184 -0.000241833 -0.0602307 -1.52421 0.000118209 0.999998 -0.00205606 -0.297375 0.060231 0.00204521 0.998182 28.1848 
0.998155 -0.00204062 -0.0606769 -1.58204 0.0022112 0.999994 0.00274439 -0.305938 0.0606709 -0.0028735 0.998154 29.1589 
0.998104 -0.0054703 -0.061303 -1.64033 0.00586724 0.999963 0.00629693 -0.319598 0.0612663 -0.00664467 0.998099 30.1298 
0.997964 -0.0129441 -0.0624588 -1.69209 0.0133146 0.999896 0.00551905 -0.323078 0.0623809 -0.00633942 0.998032 31.1096 
0.997835 -0.0149788 -0.0640331 -1.74971 0.0151122 0.999885 0.00159947 -0.330203 0.0640017 -0.00256368 0.997946 32.0933 
0.997765 -0.0146079 -0.0652026 -1.82032 0.0144865 0.999892 -0.00233515 -0.339097 0.0652297 0.00138537 0.997869 33.0707 
0.997593 -0.0135929 -0.0680013 -1.87793 0.0133964 0.999905 -0.00334367 -0.345979 0.0680402 0.00242465 0.99768 34.0667 
0.997512 -0.0137252 -0.0691453 -1.93936 0.0136354 0.999905 -0.00176969 -0.357183 0.069163 0.000822467 0.997605 35.0747 
0.997458 -0.0109039 -0.0704185 -2.0206 0.0109857 0.999939 0.000774035 -0.36388 0.0704058 -0.00154566 0.997517 36.0723 
0.997365 -0.0109838 -0.0717051 -2.09376 0.0111564 0.999936 0.00200774 -0.375128 0.0716784 -0.00280242 0.997424 37.0816 
0.997312 -0.0089324 -0.0727264 -2.17294 0.00930955 0.999945 0.00484858 -0.390512 0.072679 -0.0055126 0.99734 38.0651 
0.997305 -0.00966664 -0.0727262 -2.24355 0.010286 0.999914 0.0081468 -0.400291 0.0726412 -0.00887291 0.997319 39.0642 
0.997279 -0.00426215 -0.0735914 -2.32339 0.00503852 0.999934 0.0103672 -0.4066 0.0735423 -0.0107098 0.997235 40.0532 
0.997258 -0.00469119 -0.0738507 -2.40351 0.0054036 0.999941 0.00944975 -0.403895 0.073802 -0.0098229 0.997225 41.0529 
0.997258 -0.00419674 -0.0738893 -2.47653 0.00480314 0.999956 0.00803106 -0.410606 0.0738524 -0.00836394 0.997234 42.0469 
0.997256 -0.0016399 -0.0740166 -2.55744 0.00205719 0.999982 0.00556193 -0.411636 0.0740061 -0.00569893 0.997242 43.036 
0.997191 -0.00195608 -0.0748803 -2.6359 0.00238394 0.999981 0.00562495 -0.418393 0.0748679 -0.00578765 0.997177 44.0463 
0.997091 -0.00400737 -0.0761126 -2.71341 0.00454412 0.999966 0.0068802 -0.424894 0.0760824 -0.00720605 0.997075 45.0247 
0.996982 -0.00431354 -0.0775166 -2.78314 0.00493963 0.999957 0.0078868 -0.436781 0.0774793 -0.0082459 0.99696 46.0195 
0.996996 -0.00270108 -0.0774118 -2.86944 0.00309923 0.999983 0.00502355 -0.456524 0.0773969 -0.00524837 0.996987 46.9884 
0.996929 -0.00271807 -0.0782659 -2.9496 0.00281063 0.999995 0.00107251 -0.466298 0.0782626 -0.00128919 0.996932 47.9486 
0.996865 -0.00185839 -0.0790998 -3.02695 0.00186518 0.999998 1.19366e-05 -0.477072 0.0790997 -0.000159434 0.996867 48.9175 
0.99683 -0.00337163 -0.079488 -3.10224 0.00363717 0.999988 0.00319597 -0.488564 0.0794763 -0.00347495 0.996831 49.896 
0.996837 -0.005401 -0.0792838 -3.18606 0.00591662 0.999963 0.00627004 -0.499703 0.079247 -0.00671931 0.996832 50.864 
0.996786 -0.00799895 -0.079715 -3.26362 0.00858674 0.999938 0.00703349 -0.510209 0.0796538 -0.00769537 0.996793 51.8261 
0.996746 -0.0107397 -0.0798859 -3.33818 0.0112464 0.999919 0.00589532 -0.52074 0.0798162 -0.00677456 0.996787 52.7855 
0.996682 -0.0137552 -0.0802254 -3.41508 0.0141781 0.999888 0.00470445 -0.531123 0.0801517 -0.00582629 0.996766 53.7442 
0.996533 -0.0161015 -0.0816295 -3.48987 0.0166681 0.999841 0.00626448 -0.541541 0.0815157 -0.00760337 0.996643 54.6938 
0.996365 -0.0195706 -0.0829052 -3.5642 0.0204971 0.999736 0.010339 -0.54546 0.0826811 -0.0120007 0.996504 55.6567 
0.996278 -0.0204071 -0.0837477 -3.64122 0.021772 0.999644 0.0154173 -0.54823 0.0834033 -0.0171832 0.996368 56.6159 
0.996279 -0.0181962 -0.0842386 -3.72614 0.0197845 0.999641 0.0180592 -0.555286 0.0838798 -0.0196586 0.996282 57.557 
0.996163 -0.0176177 -0.0857305 -3.81076 0.0188891 0.999723 0.0140423 -0.555016 0.0854594 -0.0156078 0.996219 58.5053 
0.996066 -0.0167115 -0.087025 -3.89787 0.0173143 0.999831 0.00617551 -0.557193 0.0869071 -0.00765799 0.996187 59.4234 
0.996024 -0.0150952 -0.0877939 -3.9845 0.0152572 0.999883 0.00117417 -0.562996 0.0877659 -0.00250899 0.996138 60.3372 
0.996016 -0.0100738 -0.088609 -4.07807 0.0102507 0.999946 0.00154166 -0.565766 0.0885887 -0.00244382 0.996065 61.2391 
0.99591 -0.00768272 -0.0900198 -4.16499 0.00808469 0.999959 0.00410162 -0.586309 0.0899846 -0.00481263 0.995932 62.1207 
0.995808 -0.00623923 -0.0912551 -4.25243 0.00677844 0.999961 0.0056 -0.594233 0.0912166 -0.00619509 0.995812 63.0332 
0.995691 -0.00593256 -0.0925378 -4.33328 0.00647372 0.999964 0.00554889 -0.6079 0.0925015 -0.00612405 0.995694 63.9043 
0.995537 -0.0045315 -0.094258 -4.41806 0.00518092 0.999964 0.00664628 -0.620067 0.0942245 -0.00710496 0.995526 64.7556 
0.995395 -0.00388952 -0.0957833 -4.50091 0.00460932 0.999963 0.00729471 -0.628261 0.0957513 -0.00770261 0.995375 65.5997 
0.995253 -0.00362369 -0.0972558 -4.5848 0.00439125 0.999961 0.0076793 -0.63649 0.0972241 -0.00806992 0.99523 66.4256 
0.995112 -0.00396212 -0.0986712 -4.66828 0.00486543 0.999948 0.00891582 -0.645605 0.0986308 -0.00935232 0.99508 67.2391 
0.994999 -0.000819636 -0.0998852 -4.75666 0.00199222 0.99993 0.0116402 -0.652536 0.0998687 -0.0117809 0.994931 68.0294 
0.994849 0.000551448 -0.101369 -4.84299 0.00100924 0.999882 0.0153443 -0.651647 0.101365 -0.0153675 0.994731 68.8289 
0.994658 0.00346524 -0.103167 -4.92943 -0.00173177 0.999856 0.0168874 -0.652601 0.10321 -0.0166186 0.994521 69.608 
0.994514 0.00566093 -0.104448 -5.01938 -0.00437407 0.999912 0.0125456 -0.654591 0.104509 -0.0120199 0.994451 70.367 
0.994409 0.00527845 -0.105464 -5.10696 -0.00473391 0.999974 0.00541291 -0.663529 0.10549 -0.00488339 0.994408 71.0915 
0.994267 0.00449748 -0.106832 -5.19192 -0.00456368 0.99999 -0.000375204 -0.673254 0.10683 0.000860602 0.994277 71.8067 
0.994253 0.00511295 -0.106936 -5.27609 -0.00533319 0.999984 -0.00177375 -0.67523 0.106925 0.00233386 0.994264 72.496 
0.994153 0.00775657 -0.107698 -5.36094 -0.00755842 0.999969 0.00224795 -0.693206 0.107712 -0.00142077 0.994181 73.1723 
0.99401 0.00785787 -0.109007 -5.44252 -0.00740661 0.999962 0.00454404 -0.707784 0.109039 -0.00370944 0.994031 73.8365 
0.993956 0.0045147 -0.109682 -5.52014 -0.004368 0.999989 0.00157775 -0.72174 0.109688 -0.00108913 0.993965 74.4906 
0.99394 -0.00421567 -0.109844 -5.57887 0.0038293 0.999986 -0.00372817 -0.729135 0.109858 0.00328495 0.993942 75.1208 
0.994019 -0.00854353 -0.108868 -5.63647 0.00766071 0.999934 -0.00852476 -0.73897 0.108934 0.00763977 0.99402 75.7182 
0.994365 -0.00620851 -0.105833 -5.70204 0.00532833 0.999949 -0.00859748 -0.750864 0.105881 0.00798511 0.994347 76.3063 
0.994825 -0.00111345 -0.101592 -5.77105 0.000524654 0.999983 -0.00582224 -0.75455 0.101597 0.00573881 0.994809 76.8777 
0.995289 -0.00258715 -0.0969224 -5.8228 0.00232676 0.999993 -0.00279948 -0.762805 0.096929 0.00256077 0.995288 77.4373 
0.99582 -0.0060895 -0.0911301 -5.86389 0.00624726 0.999979 0.00144606 -0.773703 0.0911194 -0.00200933 0.995838 77.9873 
0.996488 -0.0104121 -0.0830877 -5.89824 0.0108539 0.999929 0.00486701 -0.784776 0.0830312 -0.00575174 0.99653 78.5167 
0.997359 -0.00658495 -0.0723343 -5.9373 0.00693924 0.999965 0.00464765 -0.788554 0.0723012 -0.00513732 0.99737 79.03 
0.998355 -0.00129896 -0.05732 -5.96732 0.00153271 0.999991 0.00403426 -0.792449 0.0573142 -0.00411548 0.998348 79.5293 
0.999223 0.00344797 -0.0392676 -5.9848 -0.00326235 0.999983 0.0047901 -0.797341 0.0392834 -0.00465827 0.999217 80.0221 
0.99985 0.00124124 -0.0172834 -5.97861 -0.00113888 0.999982 0.00593115 -0.806128 0.0172905 -0.00591057 0.999833 80.5028 
0.999958 -0.00263057 0.00877575 -5.95213 0.00256871 0.999972 0.00705305 -0.811222 -0.00879406 -0.00703021 0.999937 80.9749 
0.999255 -0.00400059 0.0383893 -5.91522 0.00366812 0.999955 0.00872697 -0.813673 -0.0384225 -0.00857965 0.999225 81.4392 
0.997413 -0.00413899 0.0717622 -5.86703 0.00339215 0.999939 0.0105258 -0.817856 -0.0718014 -0.0102551 0.997366 81.8891 
0.994018 -0.00456898 0.109122 -5.79364 0.00333242 0.999928 0.0115116 -0.821549 -0.109166 -0.0110791 0.993962 82.3299 
0.988575 -0.00472328 0.150655 -5.70111 0.00293435 0.999923 0.0120945 -0.826308 -0.1507 -0.0115142 0.988512 82.7617 
0.980659 -0.00542167 0.195648 -5.58681 0.00301472 0.999916 0.0125982 -0.829727 -0.1957 -0.0117647 0.980593 83.182 
0.969655 -0.00350888 0.244451 -5.45253 0.00071594 0.999933 0.0115133 -0.840621 -0.244475 -0.0109889 0.969593 83.5863 
0.954769 -0.00179745 0.297345 -5.29467 -0.000910886 0.999959 0.00896961 -0.840139 -0.297349 -0.00883475 0.954728 83.9767 
0.935603 -0.00107279 0.353051 -5.11423 -0.00152241 0.999974 0.00707301 -0.838772 -0.353049 -0.00715502 0.935577 84.351 
0.912016 -0.000741493 0.410153 -4.91422 -0.00194789 0.999979 0.00613914 -0.843319 -0.410149 -0.00639793 0.911996 84.7027 
0.883516 -0.000422804 0.468401 -4.6942 -0.00188648 0.999988 0.00446099 -0.840321 -0.468398 -0.00482498 0.883505 85.0393 
0.850723 -0.00155486 0.525612 -4.45258 0.000122451 0.999996 0.00275999 -0.841139 -0.525614 -0.00228363 0.85072 85.3462 
0.814481 -0.00191197 0.580187 -4.19709 0.000812017 0.999997 0.0021555 -0.849604 -0.58019 -0.00128449 0.81448 85.6296 
0.774956 -0.00318443 0.632008 -3.92479 0.00155009 0.999994 0.00313788 -0.85024 -0.632014 -0.00145205 0.774956 85.9031 
0.732942 -0.00410981 0.680279 -3.63684 0.000166845 0.999983 0.0058615 -0.855404 -0.680291 -0.00418264 0.73293 86.1532 
0.688389 -0.00557267 0.72532 -3.33229 0.000526508 0.999974 0.00718315 -0.863592 -0.725342 -0.00456291 0.688374 86.3814 
0.642124 -0.00707732 0.766568 -3.0192 0.00368982 0.999974 0.00614141 -0.864855 -0.766592 -0.00111505 0.642133 86.5882 
0.595465 -0.0103409 0.803314 -2.68945 0.00844593 0.999942 0.00661146 -0.874174 -0.803337 0.00284784 0.595519 86.777 
0.549421 -0.00840199 0.835504 -2.35966 0.00621004 0.999963 0.00597215 -0.879217 -0.835523 0.00190729 0.549452 86.9449 
0.502361 -0.00560262 0.86464 -2.02503 0.00179094 0.999984 0.00543907 -0.883034 -0.864656 -0.00118386 0.502363 87.1068 
0.457099 -0.00342419 0.889409 -1.68635 0.000574024 0.999994 0.00355492 -0.885881 -0.889416 -0.00111441 0.457098 87.2444 
0.41483 -0.00635722 0.909877 -1.33315 0.00764877 0.999965 0.00349944 -0.887274 -0.909867 0.00550776 0.414864 87.3624 
0.375339 -0.0142955 0.926777 -0.968143 0.0220586 0.999736 0.00648725 -0.88749 -0.926625 0.0180085 0.375556 87.4525 
0.340392 -0.0180331 0.940111 -0.605953 0.0257422 0.99962 0.00985392 -0.886401 -0.939931 0.0208464 0.340727 87.5409 
0.307439 -0.0137434 0.951469 -0.239999 0.0223718 0.999724 0.0072116 -0.886663 -0.951305 0.019069 0.307661 87.641 
0.276805 -0.0060964 0.960907 0.126682 0.0117619 0.999926 0.00295576 -0.89553 -0.960854 0.0104839 0.276856 87.7422 
0.248693 -0.00182823 0.968581 0.5063 0.00660041 0.999978 0.000192772 -0.908624 -0.96856 0.00634509 0.248699 87.831 
0.223172 -0.000455898 0.974779 0.897711 0.0078152 0.999969 -0.00132158 -0.919513 -0.974748 0.00791303 0.223169 87.9006 
0.199786 0.000763879 0.979839 1.30535 0.0146441 0.999886 -0.00376539 -0.922385 -0.97973 0.0151011 0.199752 87.9592 
0.179565 0.00728015 0.983719 1.7187 0.0210728 0.999715 -0.0112451 -0.914153 -0.98352 0.0227489 0.17936 88.0105 
0.159876 0.0139107 0.987039 2.13644 0.0231793 0.999572 -0.0178418 -0.908241 -0.986865 0.0257314 0.159486 88.0639 
0.142424 0.0148578 0.989694 2.57846 0.0213228 0.999609 -0.0180752 -0.910419 -0.989576 0.0236774 0.142052 88.1229 
0.12694 0.0105251 0.991854 3.02928 0.0192844 0.999729 -0.0130767 -0.925025 -0.991723 0.0207873 0.126703 88.1757 
0.112379 0.00709728 0.99364 3.50025 0.0196347 0.999763 -0.00936166 -0.941366 -0.993471 0.0205618 0.112213 88.2223 
0.0992524 0.00442432 0.995052 3.98144 0.0214179 0.999749 -0.00658155 -0.952843 -0.994832 0.0219652 0.0991327 88.259 
0.0875531 0.00356484 0.996153 4.47912 0.0247762 0.999676 -0.00575506 -0.961921 -0.995852 0.0251848 0.0874364 88.2931 
0.0775701 0.00402814 0.996979 4.99568 0.0274038 0.999605 -0.0061709 -0.969167 -0.99661 0.0277996 0.0774291 88.3191 
0.0695706 0.00442647 0.997567 5.52739 0.0295443 0.999542 -0.00649566 -0.977223 -0.997139 0.0299243 0.0694079 88.3511 
0.0639481 0.00480911 0.997942 6.07289 0.0310464 0.999495 -0.00680604 -0.985028 -0.99747 0.0314177 0.0637665 88.3822 
0.0582762 0.00575807 0.998284 6.63719 0.0328725 0.99943 -0.00768366 -0.995222 -0.997759 0.0332639 0.0580537 88.4112 
0.0523664 0.00649266 0.998607 7.22122 0.0332623 0.999413 -0.00824216 -0.999411 -0.998074 0.0336476 0.0521197 88.4401 
0.0482059 0.00635435 0.998817 7.82422 0.0368005 0.99929 -0.00813345 -1.01016 -0.998159 0.037149 0.0479378 88.4634 
0.0451493 0.00634225 0.99896 8.44314 0.037793 0.999253 -0.00805221 -1.01797 -0.998265 0.0381172 0.0448759 88.4887 
0.0421836 0.00575369 0.999093 9.0851 0.0386791 0.999224 -0.00738755 -1.02956 -0.998361 0.0389557 0.0419283 88.5143 
0.0398062 0.00538435 0.999193 9.74708 0.0407629 0.999144 -0.00700801 -1.034 -0.998376 0.0410089 0.0395526 88.5394 
0.0394231 0.00479902 0.999211 10.4326 0.0456902 0.998934 -0.00660036 -1.04155 -0.998177 0.0459143 0.0391618 88.5539 
0.0403742 0.00440414 0.999175 11.1177 0.048961 0.99878 -0.0063808 -1.04964 -0.997984 0.0491783 0.0401093 88.5796 
0.0428443 0.00386258 0.999074 11.8298 0.0517937 0.998639 -0.00608202 -1.06285 -0.997738 0.0520063 0.042586 88.6073 
0.0467809 0.00346393 0.998899 12.549 0.0551878 0.998458 -0.00604698 -1.07571 -0.997379 0.05541 0.0465176 88.6397 
0.0510406 0.00317206 0.998692 13.2794 0.0561996 0.998401 -0.00604336 -1.08199 -0.997114 0.0564345 0.0507807 88.6794 
0.0553897 0.00124944 0.998464 14.0475 0.0582485 0.998292 -0.00448055 -1.09026 -0.996764 0.0584072 0.0552223 88.7166 
0.0595546 -0.000255886 0.998225 14.8163 0.0584549 0.998285 -0.00323154 -1.09946 -0.996512 0.0585436 0.0594674 88.7662 
0.0637091 -0.00244818 0.997966 15.6003 0.0552869 0.99847 -0.00108004 -1.10775 -0.996436 0.0552432 0.063747 88.826 
0.0681324 -0.00354073 0.99767 16.3943 0.0550285 0.998485 -0.000214359 -1.11035 -0.996158 0.0549149 0.068224 88.8801 
0.072302 -0.00256641 0.997379 17.1928 0.0526209 0.998614 -0.00124501 -1.1181 -0.995994 0.052573 0.0723369 88.9473 
0.0756499 0.00148502 0.997133 17.9991 0.0510017 0.998684 -0.0053567 -1.12695 -0.995829 0.0512608 0.0754746 89.0129 
0.0772893 0.00651558 0.996987 18.8058 0.046236 0.998879 -0.0101123 -1.14202 -0.995936 0.0468783 0.0769014 89.0864 
0.0772235 0.00972917 0.996966 19.6215 0.0439324 0.998948 -0.0131514 -1.15658 -0.996045 0.0448147 0.0767148 89.1553 
0.0778796 0.009032 0.996922 20.4383 0.0425991 0.999016 -0.0123788 -1.17391 -0.996052 0.043432 0.0774182 89.2216 
0.0778292 0.00718638 0.996941 21.2509 0.0399591 0.999148 -0.0103218 -1.19441 -0.996166 0.0406402 0.0774757 89.2988 
0.0776319 0.0063934 0.996962 22.0797 0.0413855 0.999097 -0.00962971 -1.20298 -0.996123 0.0420073 0.0772972 89.3683 
0.0783208 0.0058262 0.996911 22.9018 0.0393385 0.999186 -0.00893006 -1.21966 -0.996152 0.0399164 0.0780279 89.4347 
0.0780543 0.00602665 0.996931 23.7196 0.0368782 0.99928 -0.00892821 -1.24304 -0.996267 0.0374619 0.0777759 89.512 
0.0782517 0.00622384 0.996914 24.5307 0.0343827 0.999369 -0.00893799 -1.26495 -0.996341 0.034976 0.0779883 89.588 
0.0768495 0.00741549 0.997015 25.3427 0.0318875 0.999443 -0.00989142 -1.2839 -0.996533 0.0325525 0.0765702 89.664 
0.073851 0.00709725 0.997244 26.1549 0.0289346 0.999538 -0.00925634 -1.29989 -0.996849 0.0295384 0.0736116 89.7381 
0.0697461 0.00569579 0.997549 26.9642 0.0256962 0.999642 -0.00750436 -1.32111 -0.997234 0.0261566 0.0695747 89.8072 
0.0649799 0.00350278 0.99788 27.7768 0.0232216 0.999718 -0.00502138 -1.3382 -0.997616 0.0234987 0.0648802 89.8653 
0.0589178 0.00166923 0.998261 28.5891 0.0210769 0.999774 -0.00291573 -1.34972 -0.99804 0.021212 0.0588693 89.9195 
0.0515742 0.00184178 0.998667 29.3952 0.0201324 0.999793 -0.00288355 -1.36922 -0.998466 0.0202543 0.0515265 89.9624 
0.0429109 0.00251463 0.999076 30.1917 0.0198113 0.999798 -0.00336735 -1.38728 -0.998882 0.0199375 0.0428524 89.9968 
0.0329343 0.00256282 0.999454 30.9935 0.019605 0.999803 -0.00320974 -1.40515 -0.999265 0.0197 0.0328776 90.0242 
0.0227031 0.00154952 0.999741 31.7961 0.0208528 0.999781 -0.00202312 -1.41825 -0.999525 0.0208934 0.0226658 90.0422 
0.0118873 0.000574791 0.999929 32.5932 0.0200375 0.999799 -0.000812926 -1.43155 -0.999729 0.0200458 0.0118734 90.0566 
0.000974235 -0.000371059 0.999999 33.3802 0.0216308 0.999766 0.000349899 -1.44788 -0.999766 0.0216304 0.000982033 90.0506 
-0.00990117 -7.14802e-05 0.999951 34.1599 0.0214505 0.99977 0.000283862 -1.45951 -0.999721 0.0214522 -0.00989736 90.041 
-0.020855 0.000291442 0.999782 34.9578 0.0229417 0.999737 0.000187123 -1.47019 -0.999519 0.0229406 -0.0208562 90.0227 
-0.0314835 0.00173235 0.999503 35.7397 0.0234673 0.999724 -0.000993529 -1.47446 -0.999229 0.0234243 -0.0315155 90.0023 
-0.041443 0.0027639 0.999137 36.5071 0.0245305 0.999698 -0.00174796 -1.48397 -0.99884 0.0244369 -0.0414983 89.9643 
-0.051404 0.00365126 0.998671 37.283 0.0253487 0.999676 -0.00235017 -1.48645 -0.998356 0.0251942 -0.0514799 89.9346 
-0.0611058 0.00433273 0.998122 38.0439 0.026351 0.999649 -0.00272613 -1.49596 -0.997783 0.026135 -0.0611985 89.8875 
-0.070387 0.00434394 0.99751 38.7956 0.0272482 0.999626 -0.00243045 -1.5123 -0.997148 0.0270093 -0.070479 89.8294 
-0.078783 0.00406895 0.996883 39.5355 0.0284533 0.999593 -0.00183137 -1.52162 -0.996486 0.0282203 -0.0788667 89.7668 
-0.086224 0.00280844 0.996272 40.2636 0.0298238 0.999555 -0.000236545 -1.53386 -0.995829 0.0296922 -0.0862694 89.7009 
-0.091432 0.000946803 0.995811 40.9877 0.0328776 0.999457 0.00206845 -1.54882 -0.995268 0.032929 -0.0914136 89.6304 
-0.0949063 -0.000472977 0.995486 41.7035 0.0361221 0.99934 0.00391857 -1.5579 -0.994831 0.0363309 -0.0948266 89.5539 
-0.0978377 -0.00179058 0.995201 42.4112 0.0379631 0.999264 0.00553002 -1.56879 -0.994478 0.0383219 -0.0976977 89.4864 
-0.0995972 -0.00286681 0.995024 43.099 0.0376422 0.999269 0.00664685 -1.58115 -0.994316 0.0381169 -0.0994165 89.4195 
-0.100675 -0.00202781 0.994917 43.7647 0.0383325 0.999248 0.00591546 -1.58635 -0.994181 0.0387332 -0.100521 89.3586 
-0.0997229 -0.000767012 0.995015 44.4241 0.039676 0.999201 0.00474666 -1.59394 -0.994224 0.0399515 -0.0996128 89.2946 
-0.0968705 0.000387167 0.995297 45.0611 0.0406435 0.999167 0.00356708 -1.61162 -0.994467 0.0407979 -0.0968056 89.2374 
-0.0913928 0.000511828 0.995815 45.6756 0.0410001 0.999154 0.00324932 -1.62534 -0.994971 0.0411255 -0.0913365 89.1823 
-0.083488 0.00109118 0.996508 46.2768 0.0404401 0.999179 0.00229399 -1.63577 -0.995688 0.0404904 -0.0834636 89.141 
-0.0720739 0.00115881 0.997399 46.8589 0.039887 0.999203 0.0017214 -1.64471 -0.996601 0.0399073 -0.0720627 89.1061 
-0.058332 0.00108498 0.998297 47.4234 0.0398426 0.999205 0.0012421 -1.65879 -0.997502 0.0398472 -0.0583289 89.0842 
-0.0410907 0.00231922 0.999153 47.9639 0.0390339 0.999238 -0.000714127 -1.66844 -0.998393 0.0389715 -0.0411499 89.0756 
-0.0198716 0.00493555 0.99979 48.4918 0.0377084 0.99928 -0.00418354 -1.67965 -0.999091 0.0376173 -0.0200434 89.079 
0.0043129 0.0078532 0.99996 49.0136 0.0363147 0.999308 -0.00800471 -1.69354 -0.999331 0.0363478 0.00402474 89.1057 
0.0325645 0.00983786 0.999421 49.5263 0.0351912 0.99932 -0.0109835 -1.70465 -0.99885 0.0355285 0.0321962 89.1442 
0.0659778 0.00901208 0.99778 50.0451 0.0337074 0.999368 -0.0112553 -1.72078 -0.997252 0.0343752 0.0656324 89.197 
0.104206 0.00674096 0.994533 50.5539 0.0328417 0.999408 -0.0102151 -1.73256 -0.994013 0.0337266 0.103923 89.2701 
0.146729 0.00253889 0.989173 51.0637 0.0318523 0.999466 -0.00729012 -1.74865 -0.988664 0.0325771 0.14657 89.3672 
0.191705 -0.00181461 0.981451 51.559 0.0298245 0.999547 -0.00397749 -1.76422 -0.980999 0.0300338 0.191672 89.4933 
0.240017 -0.0051114 0.970755 52.0447 0.0255078 0.999674 -0.00104306 -1.78016 -0.970434 0.0250122 0.240069 89.6455 
0.291455 -0.00717043 0.956558 52.5041 0.0228454 0.999739 0.000533322 -1.7966 -0.956312 0.0216975 0.291543 89.8184 
0.346792 -0.00801207 0.937908 52.9529 0.0236566 0.99972 -0.000206946 -1.80915 -0.937644 0.0222595 0.346884 90.0103 
0.404684 -0.00778287 0.914423 53.3842 0.0265339 0.999643 -0.00323457 -1.8216 -0.914071 0.0255722 0.404746 90.2296 
0.464075 -0.00489512 0.885783 53.7901 0.028554 0.999548 -0.00943605 -1.83585 -0.885336 0.0296717 0.464005 90.4784 
0.522781 -0.000856197 0.852466 54.1797 0.0297987 0.999407 -0.0172705 -1.8414 -0.851946 0.0344311 0.522497 90.7591 
0.580445 0.00350627 0.814292 54.5306 0.0261901 0.999393 -0.0229722 -1.85426 -0.813878 0.0346605 0.58 91.0585 
0.635333 0.00664992 0.77221 54.8658 0.0227861 0.999366 -0.0273533 -1.86411 -0.771902 0.0349741 0.634779 91.393 
0.68702 0.00858356 0.726588 55.1721 0.0207088 0.999293 -0.0313862 -1.8709 -0.726344 0.0366097 0.686356 91.7425 
0.735333 0.00642589 0.677675 55.4648 0.0206077 0.999281 -0.0318365 -1.88803 -0.677392 0.0373757 0.734672 92.1117 
0.779833 0.00313417 0.625979 55.7276 0.0187066 0.999424 -0.0283082 -1.90159 -0.625708 0.0337856 0.779326 92.4978 
0.820274 -0.00147559 0.57197 55.9674 0.0180097 0.999567 -0.0232494 -1.91482 -0.571688 0.0293718 0.819945 92.9121 
0.855955 -0.00400847 0.517034 56.1827 0.015794 0.999706 -0.0183965 -1.93013 -0.516809 0.0239126 0.855767 93.3427 
0.886303 -0.00764674 0.463043 56.3667 0.0151112 0.999809 -0.0124131 -1.94483 -0.462859 0.0179989 0.886249 93.7813 
0.911187 -0.00781481 0.411919 56.5206 0.0120247 0.999899 -0.00762953 -1.96923 -0.411817 0.0119051 0.911189 94.2258 
0.93069 -0.00621772 0.365757 56.6586 0.00874653 0.999948 -0.00525732 -1.9823 -0.365705 0.00809204 0.930696 94.6817 
0.94554 -0.00124526 0.325504 56.7763 0.00242498 0.999992 -0.00321861 -1.99663 -0.325498 0.00383266 0.945535 95.1472 
0.956938 0.00254122 0.290281 56.8819 -0.00123749 0.999988 -0.00467475 -2.00748 -0.290289 0.00411423 0.95693 95.6207 
0.965735 0.00377609 0.259501 56.9797 -0.00264073 0.999985 -0.00472362 -2.01983 -0.259515 0.00387649 0.965731 96.0951 
0.971301 -0.00186728 0.237845 57.0836 0.00313785 0.999983 -0.00496352 -2.02689 -0.237831 0.0055674 0.971291 96.5819 
0.974986 -0.00522291 0.222204 57.1865 0.00643477 0.999968 -0.00473019 -2.03583 -0.222172 0.0060417 0.974989 97.0748 
0.977839 -0.00128859 0.209356 57.2766 0.00247914 0.999982 -0.00542441 -2.04159 -0.209346 0.00582322 0.977824 97.5739 
0.979836 0.00344651 0.199772 57.3573 -0.00242331 0.999983 -0.00536609 -2.04159 -0.199787 0.00477378 0.979828 98.0797 
0.98099 0.0111964 0.193735 57.4396 -0.0100851 0.999927 -0.00672116 -2.0505 -0.193796 0.00463955 0.981031 98.5945 
0.981479 0.0166282 0.190845 57.5237 -0.0149482 0.999836 -0.0102395 -2.05826 -0.190984 0.00719708 0.981567 99.1206 
0.981701 0.0174083 0.189633 57.6312 -0.0152392 0.999801 -0.0128907 -2.07159 -0.18982 0.00976494 0.98177 99.6505 
0.981275 0.0153581 0.192001 57.7434 -0.0123897 0.999785 -0.0166517 -2.08292 -0.192215 0.0139611 0.981254 100.196 
0.980485 0.0132087 0.19615 57.8563 -0.00882813 0.999692 -0.0231902 -2.09066 -0.196396 0.021006 0.9803 100.753 
0.979666 0.0133209 0.200193 57.9784 -0.0079398 0.999586 -0.0276585 -2.106 -0.200478 0.0255066 0.979366 101.314 
0.978737 0.0179874 0.204328 58.095 -0.0128052 0.999563 -0.0266564 -2.1277 -0.204719 0.0234731 0.978539 101.894 
0.977485 0.0206859 0.209987 58.2134 -0.0163329 0.999615 -0.0224429 -2.14613 -0.21037 0.0185079 0.977447 102.497 
0.976524 0.0176657 0.214683 58.3487 -0.014374 0.999754 -0.0168842 -2.17007 -0.214929 0.013402 0.976538 103.103 
0.975822 0.0134789 0.218151 58.5 -0.0112707 0.999872 -0.0113636 -2.18736 -0.218276 0.00863016 0.975849 103.721 
0.975086 0.0105239 0.221579 58.6493 -0.00927984 0.999935 -0.00665461 -2.19788 -0.221635 0.0044326 0.97512 104.347 
0.974502 0.00529082 0.224318 58.8047 -0.00411226 0.999975 -0.00572086 -2.21126 -0.224342 0.00465254 0.974499 104.976 
0.974469 0.00119909 0.22452 58.9591 0.000854261 0.999959 -0.00904816 -2.22031 -0.224522 0.00900895 0.974427 105.616 
0.974473 0.00013662 0.224503 59.1078 0.00348347 0.99987 -0.0157287 -2.23958 -0.224476 0.0161093 0.974346 106.272 
0.974628 0.00182836 0.223823 59.2523 0.00328501 0.999742 -0.0224711 -2.25862 -0.223806 0.0226363 0.974371 106.932 
0.975211 0.00481763 0.221223 59.3986 0.00105717 0.99965 -0.0264299 -2.27155 -0.221273 0.0260086 0.974865 107.618 
0.975814 0.00272501 0.218587 59.5611 0.0021376 0.999756 -0.022006 -2.29067 -0.218594 0.021941 0.975569 108.331 
0.976186 -0.00162554 0.216931 59.7211 0.00491788 0.999881 -0.0146379 -2.30707 -0.216882 0.0153561 0.976077 109.041 
0.976761 -0.00137106 0.214325 59.8699 0.00338227 0.999954 -0.00901748 -2.32684 -0.214303 0.00953283 0.976721 109.764 
0.977172 0.00177165 0.212444 60.0212 0.000373989 0.999949 -0.0100591 -2.33958 -0.212451 0.00990896 0.977121 110.494 
0.977639 0.00700072 0.210174 60.1636 -0.00405299 0.999887 -0.0144526 -2.3595 -0.210252 0.0132776 0.977557 111.23 
0.978497 0.00694672 0.206144 60.3202 -0.002898 0.999797 -0.0199357 -2.37307 -0.20624 0.0189096 0.978319 111.978 
0.979328 0.00549993 0.202205 60.4751 -0.000876601 0.999736 -0.022947 -2.38832 -0.202278 0.0222954 0.979074 112.74 
0.980122 0.00306149 0.198372 60.623 0.00122796 0.999768 -0.0214967 -2.41058 -0.198392 0.0213129 0.979891 113.501 
0.980876 -0.00102338 0.194631 60.7816 0.00488384 0.999801 -0.0193559 -2.43441 -0.194572 0.0199363 0.980686 114.283 
0.981244 -0.00180666 0.192763 60.9338 0.005114 0.999848 -0.0166614 -2.45745 -0.192703 0.0173347 0.981104 115.08 
0.981508 -0.00568438 0.191338 61.0919 0.00855826 0.999863 -0.0141969 -2.48191 -0.191231 0.0155719 0.981421 115.884 
0.981571 -0.0113885 0.19076 61.2576 0.0140585 0.999821 -0.0126491 -2.50526 -0.190582 0.0150977 0.981555 116.697 
0.981738 -0.0110105 0.189919 61.4098 0.0132626 0.999856 -0.010591 -2.52973 -0.189775 0.0129164 0.981743 117.508 
0.981711 -0.00608809 0.190278 61.5617 0.00864718 0.999883 -0.0126219 -2.54945 -0.190178 0.0140364 0.981649 118.33 
0.981629 -0.000301021 0.1908 61.7102 0.00337804 0.999869 -0.0158019 -2.57133 -0.190771 0.0161561 0.981502 119.157 
0.981399 0.00766184 0.191828 61.8537 -0.00437365 0.999836 -0.017559 -2.58266 -0.191931 0.0163934 0.981272 120 
0.980761 0.0129986 0.194781 62.0042 -0.00981088 0.999802 -0.0173213 -2.59788 -0.194967 0.0150771 0.980694 120.841 
0.980187 0.0151209 0.197497 62.1651 -0.0123816 0.999809 -0.0150974 -2.62054 -0.197688 0.012353 0.980187 121.685 
0.979629 0.0155754 0.200212 62.328 -0.0126483 0.999794 -0.0158911 -2.64508 -0.200418 0.013035 0.979624 122.529 
0.979249 0.0136145 0.202205 62.496 -0.0101026 0.99978 -0.0183901 -2.66507 -0.202411 0.0159657 0.979171 123.369 
0.978978 0.00724676 0.203838 62.6709 -0.0039009 0.999851 -0.0168113 -2.69158 -0.20393 0.0156628 0.97886 124.226 
0.978997 0.000489745 0.203874 62.8537 0.00332259 0.999826 -0.0183568 -2.72098 -0.203848 0.0186486 0.978825 125.055 
0.978772 -0.000584352 0.204952 63.0313 0.00443907 0.999822 -0.0183487 -2.74437 -0.204904 0.018869 0.9786 125.899 
0.978474 0.00150879 0.206363 63.2121 0.0017094 0.99988 -0.0154156 -2.76761 -0.206362 0.0154365 0.978354 126.746 
0.978253 0.00398697 0.207375 63.3831 -0.00201141 0.999951 -0.00973646 -2.78672 -0.207404 0.0091076 0.978213 127.598 
0.978048 0.00766629 0.208239 63.5496 -0.0065781 0.999961 -0.00591771 -2.80171 -0.208277 0.00441798 0.97806 128.431 
0.977816 0.00613077 0.209377 63.7249 -0.00374943 0.999924 -0.0117685 -2.83521 -0.209433 0.0107224 0.977764 129.262 
0.977826 0.000924956 0.209415 63.9083 0.00466258 0.999646 -0.0261864 -2.85898 -0.209365 0.0265821 0.977476 130.071 
0.977897 -0.00219712 0.209076 64.09 0.00979201 0.999329 -0.0352979 -2.88288 -0.208858 0.0365649 0.977262 130.876 
0.978111 -0.005274 0.208019 64.2606 0.0109588 0.999597 -0.0261852 -2.91053 -0.207797 0.0278916 0.977774 131.694 
0.978418 -0.0115313 0.206316 64.4348 0.0129598 0.9999 -0.00557363 -2.93228 -0.206231 0.00812714 0.97847 132.535 
0.978711 -0.0154168 0.204664 64.6114 0.0136548 0.999857 0.0100187 -2.96383 -0.204789 -0.00701079 0.978781 133.376 
0.978888 -0.0117381 0.20406 64.7741 0.0110468 0.999929 0.00452662 -2.97784 -0.204098 -0.00217685 0.978948 134.194 
0.979276 -0.00411574 0.20249 64.9286 0.00656074 0.999913 -0.011405 -2.98678 -0.202426 0.0124971 0.979218 134.997 
0.979479 -0.00480366 0.201491 65.0929 0.00889911 0.999772 -0.0194249 -3.00081 -0.201351 0.0208194 0.979298 135.823 
0.979841 -0.00949109 0.199555 65.2579 0.0137351 0.999708 -0.0198937 -3.03151 -0.199308 0.0222336 0.979685 136.639 
0.980448 -0.0103003 0.196511 65.4188 0.0141791 0.999731 -0.0183417 -3.06012 -0.196269 0.0207694 0.98033 137.464 
0.981157 -0.011326 0.192881 65.5705 0.0154152 0.999687 -0.0197129 -3.08285 -0.192598 0.0223147 0.981024 138.275 
0.982159 -0.0104562 0.187762 65.7226 0.0147318 0.999663 -0.0213902 -3.1127 -0.187475 0.0237747 0.981982 139.068 
0.982735 -0.0054558 0.184937 65.8617 0.0095756 0.999725 -0.0213909 -3.14438 -0.18477 0.0227925 0.982518 139.888 
0.983161 -0.000443998 0.182741 65.9981 0.00448669 0.999754 -0.0217097 -3.17194 -0.182687 0.022164 0.982921 140.707 
0.983553 0.000398057 0.180617 66.1398 0.0031282 0.99981 -0.0192382 -3.21056 -0.18059 0.0194868 0.983365 141.512 
0.983796 -0.00220847 0.179276 66.2824 0.00481447 0.999889 -0.0141024 -3.24352 -0.179225 0.014737 0.983698 142.316 
0.984131 -0.0038396 0.177402 66.4227 0.00644964 0.999879 -0.0141383 -3.2684 -0.177326 0.0150581 0.984037 143.113 
0.984554 -0.00598796 0.17498 66.5629 0.00905315 0.999819 -0.0167244 -3.29886 -0.174848 0.0180502 0.98443 143.914 
0.985383 -0.011003 0.169998 66.7093 0.0147322 0.999677 -0.0206905 -3.3257 -0.169715 0.0228925 0.985227 144.705 
0.986423 -0.0142368 0.163603 66.8404 0.0180125 0.999604 -0.0216179 -3.35359 -0.163231 0.0242713 0.986289 145.503 
0.987456 -0.0163712 0.157045 66.962 0.0191741 0.999682 -0.0163492 -3.38237 -0.156727 0.0191553 0.987456 146.306 
0.988431 -0.019839 0.150367 67.0786 0.0213137 0.999739 -0.00820153 -3.40426 -0.150165 0.0113115 0.988596 147.1 
0.988925 -0.0225792 0.14669 67.1935 0.0227314 0.999741 0.000638869 -3.41003 -0.146667 0.00270269 0.989182 147.928 
0.989711 -0.0159979 0.142186 67.2939 0.0156916 0.999872 0.00327534 -3.42284 -0.14222 -0.00101052 0.989835 148.724 
0.990346 -0.0137254 0.137938 67.3926 0.0140248 0.999901 -0.00119877 -3.4413 -0.137908 0.00312174 0.99044 149.519 
0.991299 -0.0136589 0.130917 67.4899 0.0153255 0.999814 -0.0117313 -3.4556 -0.130732 0.0136356 0.991324 150.301 
0.992035 -0.0166672 0.124856 67.5873 0.0190417 0.999659 -0.0178485 -3.46279 -0.124516 0.0200838 0.992014 151.1 
0.992836 -0.0172984 0.118222 67.6817 0.0194809 0.99966 -0.0173309 -3.47872 -0.117882 0.0195099 0.992836 151.918 
0.993818 -0.0107383 0.110498 67.7572 0.0124183 0.999817 -0.0145264 -3.49617 -0.110322 0.0158088 0.99377 152.74 
0.994711 -0.00566684 0.102553 67.8242 0.00737996 0.999839 -0.016333 -3.52198 -0.102444 0.0170034 0.994593 153.562 
0.995685 -0.0037004 0.0927281 67.886 0.00579973 0.999733 -0.0223804 -3.54734 -0.0926205 0.0228216 0.99544 154.364 
0.996416 -0.00512667 0.0844376 67.9493 0.00728409 0.999654 -0.0252623 -3.5705 -0.0842789 0.0257868 0.996108 155.182 
0.997075 -0.0055153 0.0762344 68.0051 0.00728654 0.999709 -0.0229756 -3.59074 -0.0760856 0.0234638 0.996825 156.002 
0.997682 -0.00356811 0.067952 68.054 0.00466305 0.999862 -0.0159616 -3.6202 -0.0678856 0.0162415 0.997561 156.829 
0.998223 0.000175588 0.0595867 68.0898 0.000449306 0.999945 -0.0104736 -3.64171 -0.0595853 0.0104817 0.998168 157.651 
0.998648 -0.00121903 0.0519634 68.1236 0.00160023 0.999972 -0.00729506 -3.6628 -0.0519531 0.00736835 0.998622 158.477 
0.998951 -0.000276645 0.0457959 68.1496 0.000522307 0.999986 -0.00535239 -3.68399 -0.0457937 0.00537069 0.998936 159.304 
0.99913 -0.00124309 0.0416793 68.1782 0.00154689 0.999972 -0.00725752 -3.70528 -0.0416692 0.00731568 0.999105 160.128 
0.999292 0.00317449 0.0374872 68.1954 -0.00269178 0.999913 -0.0129201 -3.72493 -0.0375249 0.01281 0.999214 160.941 
0.999383 0.00963579 0.0337896 68.2048 -0.00896735 0.999762 -0.0198786 -3.74476 -0.0339731 0.0195633 0.999231 161.753 
0.999457 0.0112744 0.0309721 68.2152 -0.0105912 0.999699 -0.0221355 -3.76496 -0.0312123 0.0217954 0.999275 162.576 
0.999533 0.0130086 0.0276477 68.2301 -0.0125662 0.999791 -0.0161178 -3.78941 -0.0278515 0.0157629 0.999488 163.401 
0.999564 0.0152973 0.0252361 68.2392 -0.0151578 0.999869 -0.00571315 -3.81079 -0.0253202 0.00532813 0.999665 164.236 
0.999622 0.0167986 0.0217572 68.248 -0.0168373 0.999857 0.00159472 -3.83525 -0.0217273 -0.00196045 0.999762 165.079 
0.999779 0.0129231 0.0166078 68.26 -0.0128977 0.999915 -0.00163474 -3.85382 -0.0166275 0.00142017 0.999861 165.89 
0.999938 -5.05946e-05 0.0111405 68.2791 0.000180139 0.999932 -0.0116276 -3.86922 -0.0111392 0.0116288 0.99987 166.7 
0.999988 -0.00359342 0.00344537 68.2956 0.00364917 0.99986 -0.0163123 -3.88257 -0.00338627 0.0163246 0.999861 167.5 
0.999994 -0.000331359 -0.00347248 68.2781 0.000278102 0.999883 -0.0153261 -3.90288 0.00347715 0.015325 0.999877 168.335 
0.999935 -0.00257909 -0.0111196 68.262 0.00247302 0.999951 -0.00954203 -3.92572 0.0111437 0.00951391 0.999893 169.175 
0.999791 -0.00788339 -0.0188587 68.2524 0.0077622 0.999949 -0.00649072 -3.94134 0.0189089 0.00634298 0.999801 170.001 
0.999529 -0.0177709 -0.0250337 68.2359 0.01771 0.99984 -0.00265113 -3.95332 0.0250768 0.00220653 0.999683 170.835 
0.999285 -0.0216125 -0.0310178 68.2059 0.0215302 0.999764 -0.00298435 -3.97067 0.031075 0.0023144 0.999514 171.672 
0.998991 -0.0254821 -0.0369936 68.1745 0.0251252 0.999633 -0.0100808 -3.98712 0.037237 0.00914112 0.999265 172.49 
0.998428 -0.0348262 -0.0439159 68.1355 0.0339481 0.999212 -0.0205841 -4.00642 0.0445981 0.0190609 0.998823 173.325 
0.997719 -0.0453059 -0.0500338 68.1045 0.044102 0.998716 -0.02491 -4.02562 0.0510981 0.0226466 0.998437 174.169 
0.997495 -0.0416321 -0.0571816 68.0551 0.0406943 0.999019 -0.0174698 -4.05131 0.0578528 0.0150991 0.998211 174.991 
0.997534 -0.0309447 -0.0629947 67.9853 0.0307155 0.999518 -0.00460396 -4.07126 0.0631068 0.00265769 0.998003 175.839 
0.997326 -0.026287 -0.0681909 67.9185 0.0265384 0.999644 0.00278278 -4.09173 0.0680934 -0.00458502 0.997668 176.681 
0.99703 -0.0272106 -0.0720409 67.8553 0.0272701 0.999628 -0.000158385 -4.11115 0.0720184 -0.00180665 0.997402 177.516 
0.996977 -0.0255948 -0.0733616 67.7816 0.0248721 0.999633 -0.0107485 -4.12835 0.0736098 0.00889134 0.997247 178.354 
0.997004 -0.0154609 -0.0757946 67.6955 0.0140224 0.999712 -0.0194756 -4.15335 0.0760739 0.0183544 0.996933 179.181 
0.996784 -0.017697 -0.0781567 67.6259 0.0159202 0.999602 -0.0232979 -4.17274 0.0785379 0.0219787 0.996669 180.026 
0.996437 -0.0232289 -0.0810787 67.5673 0.0217917 0.99959 -0.018566 -4.19799 0.0814767 0.016733 0.996535 180.891 
0.996434 -0.0231642 -0.081133 67.4928 0.0224421 0.9997 -0.0098012 -4.21839 0.0813357 0.00794546 0.996655 181.759 
0.996447 -0.0216596 -0.0813891 67.4196 0.021413 0.999763 -0.00390099 -4.24234 0.0814543 0.00214434 0.996675 182.6 
0.996304 -0.0217416 -0.0830989 67.3451 0.0214206 0.999759 -0.0047535 -4.26006 0.0831822 0.00295591 0.99653 183.456 
0.996032 -0.0258829 -0.0851447 67.2751 0.024729 0.999588 -0.0145792 -4.26865 0.085487 0.0124158 0.996262 184.308 
0.995477 -0.0376291 -0.0872382 67.2155 0.0354555 0.999024 -0.0263333 -4.29071 0.088144 0.0231211 0.995839 185.157 
0.99479 -0.049236 -0.0892682 67.1543 0.0466785 0.998444 -0.0305153 -4.31261 0.0906317 0.0261894 0.99554 186.016 
0.994746 -0.046887 -0.0910021 67.0779 0.0447618 0.998678 -0.0252569 -4.35109 0.0920661 0.0210508 0.99553 186.875 
0.994832 -0.0411811 -0.092806 66.988 0.0400211 0.999096 -0.0143262 -4.38613 0.0933121 0.010538 0.995581 187.726 
0.994718 -0.039951 -0.0945528 66.903 0.0391257 0.999178 -0.0105674 -4.41816 0.0948973 0.00681209 0.995464 188.571 
0.994543 -0.0421227 -0.0954422 66.824 0.0409429 0.999059 -0.0142877 -4.44306 0.0959543 0.0103021 0.995332 189.412 
0.994601 -0.0422097 -0.0948048 66.7373 0.0404698 0.998977 -0.0202022 -4.46839 0.0955605 0.0162564 0.995291 190.249 
0.994817 -0.0358057 -0.0951707 66.6424 0.0339855 0.999208 -0.0206785 -4.49158 0.0958357 0.0173369 0.995246 191.084 
0.994856 -0.0330539 -0.0957558 66.5537 0.0314913 0.999346 -0.0177844 -4.51672 0.096281 0.0146775 0.995246 191.921 
0.994871 -0.0293457 -0.0967999 66.466 0.0280427 0.999497 -0.0147934 -4.54289 0.0971854 0.012003 0.995194 192.753 
