1 0 0 0 0 1 0 0 0 0 1 0 
0.999991 -0.00267932 -0.00341915 -0.000232531 0.00267233 0.999994 -0.00204791 -0.00368012 0.00342462 0.00203876 0.999992 0.678222 
0.999972 -0.00127047 -0.00735922 -0.0102856 0.00124592 0.999994 -0.00333953 -0.00893574 0.00736342 0.00333027 0.999967 1.37666 
0.999934 -0.00160177 -0.0113947 -0.0221744 0.00154846 0.999988 -0.00468604 -0.0131624 0.0114021 0.00466809 0.999924 2.09251 
0.999865 -0.000398573 -0.0164557 -0.035574 0.000313358 0.999987 -0.0051807 -0.019894 0.0164576 0.00517485 0.999851 2.82606 
0.999783 -0.00157307 -0.0207783 -0.0554882 0.00146522 0.999985 -0.00520452 -0.0298513 0.0207861 0.00517294 0.999771 3.57175 
0.999675 0.000148255 -0.0254766 -0.0784194 -0.00031157 0.999979 -0.00640654 -0.0365497 0.0254752 0.00641239 0.999655 4.334 
0.999538 0.00284256 -0.0302742 -0.111364 -0.00305376 0.999971 -0.00693243 -0.0466597 0.0302536 0.00702167 0.999518 5.11154 
0.999397 0.00348534 -0.0345494 -0.146759 -0.00367203 0.999979 -0.00534155 -0.0544184 0.0345301 0.00546519 0.999389 5.89993 
0.999228 0.0022687 -0.0392275 -0.176717 -0.0023719 0.999994 -0.00258431 -0.0616463 0.0392214 0.00267536 0.999227 6.71216 
0.999088 0.00215685 -0.0426484 -0.214915 -0.00215648 0.999998 5.47709e-05 -0.0689369 0.0426484 3.72493e-05 0.99909 7.52602 
0.99896 0.00336245 -0.0454675 -0.255449 -0.00338641 0.999994 -0.000449756 -0.0771231 0.0454657 0.00060326 0.998966 8.34529 
0.998855 0.00288262 -0.0477461 -0.297627 -0.00291812 0.999996 -0.000673899 -0.0826033 0.047744 0.000812456 0.998859 9.16815 
0.998776 -0.000397918 -0.0494535 -0.337534 0.000344658 0.999999 -0.00108551 -0.0888931 0.0494539 0.00106714 0.998776 10.0059 
0.998666 -0.000617855 -0.0516311 -0.381776 0.000613392 1 -0.000102285 -0.0969882 0.0516312 7.04789e-05 0.998666 10.8428 
0.998592 -0.00247632 -0.052997 -0.430564 0.00246885 0.999997 -0.000206503 -0.106634 0.0529973 7.53704e-05 0.998595 11.6933 
0.998495 -0.000196404 -0.0548413 -0.484403 5.79563e-05 0.999997 -0.0025261 -0.114333 0.0548416 0.00251912 0.998492 12.5562 
0.998419 0.000376039 -0.0562093 -0.540566 -0.000668231 0.999986 -0.00517958 -0.122737 0.0562066 0.00520895 0.998406 13.4186 
0.998309 0.00455662 -0.0579544 -0.601953 -0.00495831 0.999965 -0.00678923 -0.132773 0.0579214 0.0070651 0.998296 14.2953 
0.998246 0.00535458 -0.0589536 -0.657974 -0.00573584 0.999964 -0.00629969 -0.146193 0.0589178 0.00662679 0.998241 15.1855 
0.998169 0.00427108 -0.0603319 -0.717591 -0.00455777 0.999979 -0.00461519 -0.16145 0.0603109 0.00488172 0.998168 16.0726 
0.998079 0.00483282 -0.0617597 -0.77819 -0.00502578 0.999983 -0.00296939 -0.172835 0.0617443 0.00327407 0.998087 16.9762 
0.998025 0.00432583 -0.0626619 -0.83884 -0.00450142 0.999986 -0.00266135 -0.185458 0.0626495 0.00293817 0.998031 17.8794 
0.997918 0.00409128 -0.0643614 -0.900097 -0.00431981 0.999985 -0.00341194 -0.197377 0.0643464 0.00368287 0.997921 18.7839 
0.997859 0.00292282 -0.0653356 -0.966214 -0.00319404 0.999987 -0.00404718 -0.209013 0.0653229 0.0042472 0.997855 19.6897 
0.997831 0.00321748 -0.0657542 -1.0289 -0.003365 0.999992 -0.00213291 -0.222179 0.0657469 0.00234955 0.997834 20.611 
0.997823 0.00454564 -0.0657883 -1.09365 -0.00445873 0.999989 0.00146774 -0.235387 0.0657943 -0.00117121 0.997833 21.5312 
0.997867 0.00533786 -0.0650555 -1.15776 -0.00499744 0.999973 0.00539442 -0.246271 0.0650825 -0.00505781 0.997867 22.4592 
0.997964 0.00362378 -0.0636756 -1.216 -0.00308968 0.999959 0.00848431 -0.25181 0.0637037 -0.0082703 0.997935 23.3997 
0.998061 0.00375031 -0.0621277 -1.28034 -0.00317294 0.999951 0.00938924 -0.255336 0.0621599 -0.0091739 0.998024 24.3432 
0.998147 0.00368783 -0.0607396 -1.34088 -0.00328329 0.999972 0.00675875 -0.258543 0.0607628 -0.0065468 0.998131 25.2909 
0.998192 0.00459016 -0.0599353 -1.39759 -0.00446958 0.999988 0.00214571 -0.26379 0.0599444 -0.00187394 0.9982 26.2323 
0.998267 0.00310962 -0.0587623 -1.458 -0.00315496 0.999995 -0.00067877 -0.26816 0.0587599 0.000862987 0.998272 27.1899 
0.998323 0.00101573 -0.0578845 -1.51582 -0.000983794 0.999999 0.000580182 -0.279432 0.057885 -0.000522262 0.998323 28.1395 
0.99831 -0.000739413 -0.0581049 -1.57593 0.00107108 0.999983 0.00567712 -0.285902 0.0580997 -0.00572976 0.998294 29.1103 
0.998257 -0.00458822 -0.0588456 -1.63613 0.00514043 0.999944 0.00923615 -0.291975 0.0587999 -0.00952254 0.998224 30.0919 
0.998118 -0.0125016 -0.0600379 -1.68702 0.0130514 0.999876 0.00877375 -0.29577 0.0599208 -0.00954081 0.998158 31.0607 
0.99799 -0.0148759 -0.0616083 -1.74354 0.0152093 0.999872 0.0049474 -0.296188 0.0615268 -0.00587447 0.998088 32.0464 
0.997911 -0.0148096 -0.0628843 -1.81154 0.0149021 0.999888 0.00100168 -0.301884 0.0628625 -0.0019367 0.99802 33.0277 
0.997782 -0.0137946 -0.0651243 -1.88084 0.0138494 0.999904 0.000390192 -0.310127 0.0651126 -0.00129126 0.997877 34.0032 
0.99774 -0.0139338 -0.0657307 -1.95151 0.0140863 0.999899 0.00185732 -0.317603 0.0656982 -0.00277903 0.997836 35.002 
0.997685 -0.0112435 -0.0670674 -2.02726 0.0115893 0.999921 0.00476958 -0.326389 0.0670085 -0.0055358 0.997737 35.9873 
0.997603 -0.0114075 -0.0682521 -2.09914 0.0118505 0.999911 0.00608942 -0.332124 0.0681766 -0.00688365 0.99765 37.0085 
0.997526 -0.0106321 -0.0694909 -2.16787 0.0112631 0.999899 0.00869566 -0.335869 0.0693914 -0.00945683 0.997545 38.0052 
0.997531 -0.0114078 -0.0692913 -2.24206 0.0122529 0.999855 0.0117837 -0.340866 0.0691468 -0.0126036 0.997527 39.0075 
0.997523 -0.00602535 -0.0700808 -2.32129 0.00703297 0.999875 0.0141402 -0.344624 0.0699868 -0.0145981 0.997441 39.9946 
0.997509 -0.0067704 -0.0702115 -2.398 0.00774314 0.999878 0.0135915 -0.343276 0.0701109 -0.0141013 0.99744 40.9883 
0.997524 -0.00646989 -0.0700328 -2.47128 0.00731919 0.999903 0.0118773 -0.342736 0.0699491 -0.0123604 0.997474 41.9807 
0.997524 -0.00428403 -0.0701893 -2.5461 0.00497248 0.999941 0.00963667 -0.343727 0.0701439 -0.00996183 0.997487 42.9719 
0.997463 -0.00493295 -0.0710133 -2.61886 0.00563962 0.999937 0.00975415 -0.348096 0.0709606 -0.0101299 0.997428 43.9747 
0.997343 -0.00740436 -0.0724683 -2.68859 0.00822256 0.999906 0.0109985 -0.350024 0.0723801 -0.0115652 0.99731 44.9629 
0.997291 -0.00694377 -0.073233 -2.76715 0.00785338 0.999895 0.0121401 -0.35451 0.073141 -0.0126824 0.997241 45.9542 
0.997294 -0.00453091 -0.0733806 -2.84585 0.00517983 0.999949 0.00865525 -0.361186 0.0733377 -0.00901192 0.997266 46.9274 
0.997228 -0.00421255 -0.0742846 -2.92268 0.00456812 0.999979 0.00461736 -0.367266 0.0742636 -0.00494391 0.997226 47.8921 
0.997179 -0.00357256 -0.0749731 -2.99861 0.00384011 0.999987 0.00342484 -0.373519 0.0749599 -0.00370308 0.99718 48.862 
0.997164 -0.00495427 -0.075101 -3.0764 0.00549186 0.999961 0.00695332 -0.382771 0.0750636 -0.00734604 0.997152 49.8355 
0.997155 -0.00653708 -0.0750892 -3.15264 0.00731318 0.999923 0.0100655 -0.390782 0.0750175 -0.010586 0.997126 50.8046 
0.997115 -0.00845979 -0.0754309 -3.2249 0.00930338 0.999898 0.0108393 -0.399183 0.0753315 -0.0115097 0.997092 51.7678 
0.997074 -0.0116248 -0.0755518 -3.29932 0.0124024 0.999875 0.00983164 -0.405106 0.0754281 -0.0107399 0.997093 52.7237 
0.997023 -0.0141071 -0.0758086 -3.37228 0.0148093 0.999852 0.00870941 -0.410155 0.0756745 -0.00980615 0.997084 53.6825 
0.996909 -0.0155851 -0.0769975 -3.4421 0.0164024 0.999816 0.0099942 -0.413475 0.0768275 -0.0112263 0.996981 54.6433 
0.996773 -0.0185584 -0.078101 -3.51561 0.019721 0.999706 0.0141411 -0.414145 0.0778155 -0.0156357 0.996845 55.5987 
0.996693 -0.0196206 -0.0788545 -3.58974 0.0211931 0.999592 0.0191546 -0.411212 0.0784465 -0.0207625 0.996702 56.5481 
0.996684 -0.0179258 -0.0793686 -3.67214 0.0196878 0.999576 0.0214731 -0.408448 0.0789499 -0.0229645 0.996614 57.495 
0.996587 -0.0169884 -0.0807783 -3.75099 0.0184629 0.999676 0.0175409 -0.406219 0.0804541 -0.0189724 0.996578 58.4336 
0.996494 -0.0156141 -0.0821969 -3.82672 0.0164753 0.999816 0.00980955 -0.403557 0.0820286 -0.0111294 0.996568 59.3557 
0.99645 -0.0139742 -0.0830157 -3.90824 0.0144371 0.999883 0.00497869 -0.404058 0.0829365 -0.00615952 0.996536 60.2656 
0.996435 -0.00877414 -0.0839049 -3.99281 0.00929726 0.99994 0.00584599 -0.411268 0.0838485 -0.00660524 0.996457 61.171 
0.996339 -0.00612408 -0.0852651 -4.07449 0.00684619 0.999943 0.00817916 -0.420212 0.0852101 -0.00873296 0.996325 62.0509 
0.996248 -0.00445355 -0.0864257 -4.15452 0.00531879 0.999938 0.00978369 -0.423759 0.0863768 -0.0102067 0.99621 62.9529 
0.996149 -0.00390567 -0.0875931 -4.22865 0.00476573 0.999942 0.00961181 -0.42882 0.0875506 -0.00999224 0.99611 63.8179 
0.996004 -0.00246555 -0.0892746 -4.3093 0.00341166 0.99994 0.0104467 -0.434367 0.0892435 -0.0107095 0.995952 64.6737 
0.995864 -0.0022183 -0.0908315 -4.38727 0.00323616 0.999934 0.0110603 -0.440066 0.0908009 -0.0113084 0.995805 65.5122 
0.995736 -0.0024823 -0.0922162 -4.46677 0.00356292 0.999927 0.0115555 -0.445606 0.0921808 -0.0118348 0.995672 66.3364 
0.995619 -0.00275948 -0.0934664 -4.54643 0.00396598 0.999911 0.0127251 -0.450221 0.093423 -0.01304 0.995541 67.1442 
0.995477 -0.000441919 -0.0950005 -4.62776 0.00192022 0.999878 0.0154701 -0.451098 0.0949821 -0.0155825 0.995357 67.9466 
0.995345 0.000823348 -0.0963767 -4.71115 0.00107907 0.999806 0.0196856 -0.453542 0.0963742 -0.019698 0.99515 68.7384 
0.995173 0.00350644 -0.0980781 -4.79615 -0.00141143 0.99977 0.0214218 -0.453708 0.0981306 -0.02118 0.994948 69.5105 
0.995019 0.00577397 -0.0995201 -4.87812 -0.00406181 0.99984 0.0173982 -0.45826 0.0996047 -0.0169073 0.994883 70.2616 
0.994903 0.0055623 -0.100678 -4.95982 -0.00455785 0.999938 0.0102041 -0.464407 0.100729 -0.0096932 0.994867 70.986 
0.994753 0.004313 -0.102211 -5.0331 -0.00387398 0.999982 0.00449328 -0.468232 0.102229 -0.00407374 0.994753 71.691 
0.99473 0.00492043 -0.102413 -5.11468 -0.00459606 0.999984 0.00340295 -0.470777 0.102428 -0.00291432 0.994736 72.3881 
0.994629 0.00729209 -0.103244 -5.1957 -0.00659903 0.999953 0.00705281 -0.479981 0.103291 -0.00633362 0.994631 73.0615 
0.994481 0.00728719 -0.104667 -5.26855 -0.00632282 0.999934 0.00954254 -0.496386 0.10473 -0.00882809 0.994462 73.715 
0.994408 0.0037601 -0.105544 -5.33751 -0.00310574 0.999975 0.00636349 -0.504931 0.105565 -0.00600011 0.994394 74.3505 
0.994401 -0.00472984 -0.105568 -5.39279 0.00490045 0.999987 0.00135679 -0.514733 0.105561 -0.00186653 0.994411 74.9645 
0.994488 -0.00903428 -0.10446 -5.4515 0.00873843 0.999956 -0.00328956 -0.524036 0.104485 0.00235861 0.994524 75.5572 
0.994815 -0.00694389 -0.101467 -5.51327 0.00663849 0.999972 -0.00334723 -0.531527 0.101487 0.00265628 0.994833 76.1465 
0.995245 -0.00230821 -0.0973751 -5.5788 0.00229797 0.999997 -0.000217323 -0.540887 0.0973753 -7.47489e-06 0.995248 76.7196 
0.995665 -0.00424958 -0.0929139 -5.6258 0.00455037 0.999985 0.00302577 -0.549965 0.0928997 -0.00343544 0.99567 77.2799 
0.996159 -0.00814576 -0.0871791 -5.66731 0.00882597 0.999934 0.00741978 -0.558267 0.0871128 -0.00816072 0.996165 77.8228 
0.996788 -0.0128224 -0.0790527 -5.70182 0.0137468 0.999843 0.0111612 -0.569611 0.0788972 -0.0122121 0.996808 78.3466 
0.997613 -0.00945357 -0.0684043 -5.73507 0.0102476 0.999884 0.0112657 -0.575426 0.0682899 -0.0119398 0.997594 78.8652 
0.998573 -0.00435711 -0.0532348 -5.76489 0.0049518 0.999927 0.0110443 -0.577518 0.0531828 -0.0112921 0.998521 79.3734 
0.999378 0.000293609 -0.0352751 -5.78185 0.000123855 0.99993 0.0118318 -0.579124 0.0352761 -0.0118288 0.999308 79.8659 
0.99991 -0.00159225 -0.0133464 -5.77098 0.00176145 0.999918 0.0126751 -0.579749 0.0133252 -0.0126974 0.999831 80.3549 
0.999905 -0.00536661 0.0126984 -5.74276 0.00518733 0.999887 0.0141092 -0.583058 -0.0127727 -0.014042 0.99982 80.8276 
0.999089 -0.00678293 0.0421306 -5.70352 0.00610282 0.999849 0.0162505 -0.588008 -0.0422344 -0.0159786 0.99898 81.2847 
0.997154 -0.00759706 0.075002 -5.64896 0.00624404 0.999814 0.0182579 -0.59042 -0.0751268 -0.0177376 0.997016 81.7363 
0.993615 -0.00783308 0.112556 -5.57784 0.00568006 0.999795 0.0194364 -0.590563 -0.112685 -0.018673 0.993455 82.1771 
0.987965 -0.00803161 0.15447 -5.48964 0.00500797 0.999788 0.0199534 -0.588949 -0.154598 -0.0189397 0.987796 82.6088 
0.979843 -0.00855346 0.199585 -5.3774 0.00451775 0.999776 0.0206672 -0.589605 -0.199717 -0.019349 0.979663 83.0286 
0.968622 -0.00675159 0.248446 -5.24491 0.00198225 0.999809 0.0194419 -0.593748 -0.248529 -0.0183394 0.968451 83.4311 
0.953359 -0.00583331 0.301783 -5.09266 0.000588718 0.999847 0.0174667 -0.598156 -0.301838 -0.0164744 0.953217 83.8172 
0.933866 -0.00556023 0.357579 -4.91425 -0.000238226 0.999869 0.0161698 -0.59897 -0.357622 -0.0151856 0.933743 84.1853 
0.909987 -0.00503468 0.414606 -4.71295 -0.00139676 0.999883 0.0152075 -0.59933 -0.414634 -0.0144177 0.909874 84.534 
0.881381 -0.00458571 0.472384 -4.49082 -0.00223223 0.999901 0.0138716 -0.597016 -0.472401 -0.0132806 0.881284 84.8643 
0.84822 -0.0061008 0.529609 -4.24717 -0.000559195 0.999923 0.0124142 -0.598014 -0.529644 -0.0108261 0.848151 85.1725 
0.811675 -0.00650312 0.584073 -3.9909 -0.000764999 0.999925 0.0121964 -0.604999 -0.584108 -0.0103463 0.81161 85.4581 
0.772096 -0.00796075 0.635456 -3.71556 -0.00116673 0.999902 0.013944 -0.610843 -0.635505 -0.0115075 0.772011 85.7265 
0.729842 -0.00867064 0.68356 -3.42693 -0.00368254 0.999855 0.0166146 -0.613162 -0.683606 -0.0146433 0.729705 85.9745 
0.685055 -0.00985262 0.728425 -3.12071 -0.00402413 0.999842 0.0173083 -0.613043 -0.72848 -0.0147884 0.684907 86.2016 
0.63897 -0.0113603 0.769148 -2.80208 -0.00188224 0.999865 0.0163317 -0.614117 -0.76923 -0.0118832 0.638862 86.4033 
0.59235 -0.0139955 0.805559 -2.4714 0.00248132 0.999876 0.0155469 -0.613571 -0.805677 -0.00721035 0.592311 86.5865 
0.545713 -0.0121299 0.837884 -2.14099 -0.000519011 0.99989 0.0148133 -0.616732 -0.837972 -0.00851869 0.545647 86.7588 
0.498439 -0.00945515 0.866873 -1.80632 -0.00558632 0.999885 0.014118 -0.621092 -0.866907 -0.0118796 0.498329 86.9199 
0.453235 -0.00750641 0.891359 -1.46297 -0.00770905 0.999894 0.0123403 -0.625397 -0.891358 -0.0124646 0.453129 87.0573 
0.410903 -0.0103253 0.911621 -1.10979 -0.00138195 0.999928 0.0119484 -0.625432 -0.911678 -0.00616943 0.410859 87.1707 
0.371108 -0.0181832 0.928412 -0.742578 0.0129949 0.999812 0.0143872 -0.621048 -0.928499 0.00672538 0.371275 87.2633 
0.335908 -0.02199 0.941638 -0.373389 0.0166402 0.99971 0.0174101 -0.616661 -0.941748 0.00982086 0.336177 87.3561 
0.302665 -0.0179707 0.952928 -0.00836031 0.0134452 0.999803 0.0145843 -0.61538 -0.953002 0.00839811 0.302847 87.4553 
0.271942 -0.0103442 0.962258 0.362248 0.00163168 0.999946 0.0102882 -0.621729 -0.962312 -0.00122771 0.271944 87.5577 
0.243839 -0.00606081 0.969797 0.742902 -0.00339296 0.999969 0.00710247 -0.63039 -0.96981 -0.00502234 0.243811 87.643 
0.218292 -0.00447794 0.975873 1.13643 -0.00242639 0.999984 0.00513133 -0.637167 -0.975881 -0.00348797 0.218277 87.7102 
0.19488 -0.00335836 0.980821 1.5405 0.00491015 0.999985 0.00244838 -0.639526 -0.980815 0.00433883 0.194894 87.7639 
0.174745 0.0027609 0.98461 1.95051 0.0116285 0.999921 -0.00486762 -0.631982 -0.984545 0.0123001 0.174699 87.8091 
0.1552 0.00933453 0.987839 2.37062 0.0140426 0.999833 -0.0116541 -0.623543 -0.987783 0.0156806 0.155043 87.8579 
0.137614 0.0100468 0.990435 2.80696 0.0110065 0.999871 -0.0116717 -0.628584 -0.990425 0.0125074 0.137486 87.9147 
0.12234 0.00539722 0.992474 3.25991 0.00919351 0.999936 -0.00657107 -0.643165 -0.992446 0.00992822 0.122283 87.965 
0.107803 0.001923 0.99417 3.73153 0.00942453 0.999951 -0.00295614 -0.654499 -0.994128 0.00968827 0.107779 88.0096 
0.0945226 -0.000771057 0.995522 4.21099 0.0117194 0.999931 -0.000338259 -0.662872 -0.995454 0.0116989 0.0945251 88.0453 
0.0829515 -0.00175356 0.996552 4.70937 0.0156077 0.999878 0.000460255 -0.666288 -0.996431 0.0155157 0.0829687 88.0733 
0.072742 -0.00125648 0.99735 5.22426 0.0184452 0.99983 -8.56986e-05 -0.668894 -0.99718 0.0184025 0.0727528 88.1011 
0.0648581 -0.000914673 0.997894 5.74926 0.0201655 0.999797 -0.000394242 -0.67425 -0.997691 0.0201486 0.0648634 88.1306 
0.059311 -0.000728444 0.998239 6.29973 0.0218604 0.999761 -0.000569291 -0.676766 -0.998 0.0218556 0.0593127 88.1578 
0.0537611 0.000222534 0.998554 6.86569 0.0227945 0.999739 -0.00145003 -0.680292 -0.998294 0.0228394 0.053742 88.1834 
0.0478334 0.000780108 0.998855 7.44811 0.023078 0.999732 -0.00188596 -0.683711 -0.998589 0.0231417 0.0478025 88.2094 
0.0434951 0.000669717 0.999053 8.04968 0.025442 0.999675 -0.00177778 -0.688242 -0.99873 0.0254952 0.0434639 88.2299 
0.0406751 0.000457687 0.999172 8.67295 0.0270813 0.999632 -0.00156034 -0.693049 -0.998805 0.0271223 0.0406477 88.2496 
0.0376091 -0.000194678 0.999293 9.31382 0.0282264 0.999601 -0.000867585 -0.698221 -0.998894 0.0282391 0.0375996 88.272 
0.0352645 -0.00102409 0.999377 9.97002 0.0310407 0.999518 -7.10817e-05 -0.703503 -0.998896 0.0310238 0.0352793 88.2922 
0.0346955 -0.00163931 0.999397 10.644 0.0358806 0.999356 0.000393592 -0.707742 -0.998754 0.0358453 0.034732 88.3063 
0.0356757 -0.00229893 0.999361 11.3349 0.0399722 0.9992 0.000871611 -0.71326 -0.998564 0.0399156 0.0357391 88.3263 
0.0381239 -0.00251603 0.99927 12.0461 0.0418199 0.999125 0.000920167 -0.715735 -0.998398 0.0417542 0.0381958 88.3517 
0.0420138 -0.00279644 0.999113 12.7677 0.0445425 0.999007 0.000923089 -0.720257 -0.998124 0.0444642 0.0420966 88.3817 
0.0463896 -0.00348112 0.998917 13.5086 0.045183 0.998978 0.00138304 -0.724837 -0.997901 0.0450699 0.0464995 88.4164 
0.0505238 -0.0053017 0.998709 14.2693 0.0470333 0.998889 0.00292328 -0.726606 -0.997615 0.0468248 0.050717 88.4516 
0.054659 -0.00702741 0.99848 15.0364 0.0474141 0.998865 0.00443457 -0.727199 -0.997379 0.0470997 0.0549302 88.4935 
0.0590142 -0.00930132 0.998214 15.8153 0.0448028 0.998974 0.00665967 -0.730446 -0.997251 0.0443298 0.0593704 88.5454 
0.0632628 -0.0104893 0.997942 16.6108 0.0446323 0.998974 0.0076708 -0.729929 -0.996998 0.0440552 0.0636661 88.5959 
0.0675651 -0.00971006 0.997668 17.4109 0.0424804 0.999074 0.00684685 -0.733847 -0.99681 0.0419187 0.067915 88.6562 
0.070698 -0.00575222 0.997481 18.2153 0.0409941 0.999155 0.00285635 -0.737851 -0.996655 0.0406889 0.070874 88.7208 
0.0724173 -0.000527977 0.997374 19.0135 0.0355538 0.999366 -0.00205246 -0.744119 -0.996741 0.0356091 0.0723901 88.7884 
0.072309 0.0025316 0.997379 19.8301 0.0332838 0.999434 -0.00494986 -0.751736 -0.996827 0.0335545 0.0721838 88.8554 
0.0726487 0.00197261 0.997356 20.6433 0.0312799 0.999502 -0.00425532 -0.763947 -0.996867 0.0315063 0.0725508 88.9194 
0.0728692 0.000143024 0.997341 21.4694 0.0291187 0.999573 -0.00227085 -0.777497 -0.996916 0.0292067 0.0728339 88.9889 
0.0727446 -0.00128727 0.99735 22.2891 0.0301707 0.999544 -0.000910482 -0.792562 -0.996894 0.0301569 0.0727503 89.0504 
0.0733555 -0.00203857 0.997304 23.108 0.0280369 0.999607 -1.89411e-05 -0.805864 -0.996912 0.0279627 0.0733838 89.1161 
0.0734826 -0.00187072 0.997295 23.924 0.0266972 0.999644 -9.19795e-05 -0.820007 -0.996939 0.0266318 0.0735064 89.1843 
0.073773 -0.00144136 0.997274 24.7398 0.0239033 0.999714 -0.000323344 -0.834339 -0.996989 0.0238619 0.0737864 89.2492 
0.0726716 -0.000204948 0.997356 25.5592 0.021302 0.999772 -0.00134671 -0.846625 -0.997128 0.0213436 0.0726594 89.3162 
0.0697421 -0.000732782 0.997565 26.3717 0.0183934 0.999831 -0.000551482 -0.857872 -0.997395 0.0183871 0.0697438 89.3871 
0.0659151 -0.0021664 0.997823 27.1839 0.0161351 0.999869 0.00110497 -0.869582 -0.997695 0.0160271 0.0659415 89.4487 
0.0612579 -0.00479747 0.99811 27.9987 0.0142445 0.999891 0.00393179 -0.881706 -0.99802 0.0139767 0.0613196 89.502 
0.0551037 -0.00699642 0.998456 28.8134 0.0121833 0.999906 0.00633419 -0.892206 -0.998406 0.0118155 0.0551838 89.5509 
0.0478208 -0.00693552 0.998832 29.6219 0.0117844 0.99991 0.00637881 -0.901319 -0.998786 0.0114656 0.0478982 89.5914 
0.0391062 -0.00605013 0.999217 30.4291 0.0115242 0.999918 0.00560335 -0.906397 -0.999169 0.0112961 0.0391727 89.6267 
0.0293199 -0.0058423 0.999553 31.2326 0.0118315 0.999915 0.00549737 -0.912477 -0.9995 0.011665 0.0293865 89.6454 
0.0190595 -0.00706349 0.999793 32.0328 0.0128923 0.999894 0.00681843 -0.920183 -0.999735 0.0127597 0.0191486 89.6588 
0.00849283 -0.00825306 0.99993 32.8296 0.0116436 0.999899 0.00815391 -0.92948 -0.999896 0.0115736 0.00858807 89.6646 
-0.00245997 -0.00912619 0.999955 33.6322 0.0128778 0.999875 0.00915713 -0.931947 -0.999914 0.0128998 -0.00234213 89.6549 
-0.0132541 -0.0088467 0.999873 34.4184 0.0133699 0.99987 0.0090239 -0.937285 -0.999823 0.0134878 -0.0131341 89.6416 
-0.0242354 -0.00833564 0.999672 35.2005 0.0138121 0.999867 0.00867212 -0.941522 -0.999611 0.0140178 -0.0241171 89.6216 
-0.0347891 -0.0073479 0.999368 35.9791 0.0135601 0.999877 0.00782369 -0.945333 -0.999303 0.0138237 -0.0346852 89.5927 
-0.0450426 -0.00632446 0.998965 36.7511 0.014852 0.999865 0.00699983 -0.948531 -0.998875 0.0151519 -0.0449426 89.5585 
-0.0546628 -0.00571788 0.998489 37.5253 0.0161854 0.999847 0.00661173 -0.955076 -0.998374 0.0165223 -0.0545619 89.5184 
-0.0644037 -0.00532707 0.99791 38.2841 0.0169318 0.999836 0.00643011 -0.960927 -0.99778 0.0173106 -0.0643029 89.47 
-0.0737394 -0.00493307 0.997265 39.0315 0.0178911 0.99982 0.0062686 -0.965155 -0.997117 0.0183044 -0.0736379 89.4172 
-0.0824529 -0.00547066 0.99658 39.7672 0.0190231 0.999794 0.0070622 -0.970167 -0.996413 0.0195403 -0.0823318 89.3602 
-0.0898966 -0.00669869 0.995929 40.4995 0.0208932 0.999745 0.00861026 -0.974728 -0.995732 0.0215822 -0.0897337 89.2932 
-0.0949874 -0.00844295 0.995443 41.2251 0.0236274 0.999663 0.0107333 -0.979485 -0.995198 0.0245393 -0.094756 89.2194 
-0.0988525 -0.010202 0.99505 41.9342 0.026482 0.999566 0.0128792 -0.983529 -0.99475 0.027624 -0.0985395 89.1481 
-0.101509 -0.0114071 0.994769 42.639 0.0281421 0.999501 0.014333 -0.985711 -0.994437 0.0294498 -0.101137 89.0747 
-0.103154 -0.0124094 0.994588 43.3277 0.0289586 0.999461 0.0154737 -0.990082 -0.994244 0.030398 -0.102739 89.0032 
-0.103851 -0.0122015 0.994518 43.9936 0.0297643 0.999439 0.01537 -0.995456 -0.994147 0.0311974 -0.10343 88.9337 
-0.103084 -0.0112951 0.994608 44.6467 0.030933 0.999415 0.0145557 -1.00009 -0.994192 0.0322667 -0.102675 88.869 
-0.100266 -0.00981919 0.994912 45.2837 0.0323412 0.999391 0.0131227 -1.00537 -0.994435 0.0334924 -0.0998873 88.81 
-0.0951818 -0.00948587 0.995415 45.8933 0.0327513 0.999383 0.0126554 -1.01138 -0.994921 0.0338057 -0.0948124 88.7601 
-0.0873521 -0.00895958 0.996137 46.4912 0.0323738 0.999406 0.0118279 -1.01796 -0.995651 0.033282 -0.0870102 88.7183 
-0.0761523 -0.00915059 0.997054 47.0726 0.0316932 0.99943 0.011593 -1.0247 -0.996592 0.0324827 -0.0758189 88.6834 
-0.0624599 -0.00904083 0.998007 47.6374 0.0313023 0.999449 0.0110129 -1.0321 -0.997556 0.0319277 -0.0621425 88.6586 
-0.045133 -0.00787343 0.99895 48.1747 0.0308552 0.999481 0.00927166 -1.04049 -0.998504 0.0312412 -0.0448666 88.6473 
-0.0237193 -0.00550447 0.999704 48.7037 0.0301219 0.999527 0.00621818 -1.04866 -0.999265 0.0302605 -0.0235423 88.6489 
0.000848265 -0.00275645 0.999996 49.23 0.0289596 0.999577 0.00273073 -1.05787 -0.99958 0.0289572 0.000927732 88.6675 
0.029149 -0.00132995 0.999574 49.7514 0.0279973 0.999608 0.000513558 -1.06743 -0.999183 0.0279704 0.0291748 88.7048 
0.0623605 -0.00199797 0.998052 50.2698 0.0270212 0.999635 0.000312798 -1.07399 -0.997688 0.026949 0.0623917 88.7577 
0.100486 -0.00470083 0.994927 50.7857 0.0271824 0.999629 0.00197768 -1.08111 -0.994567 0.0268458 0.100576 88.8307 
0.142517 -0.00886938 0.989753 51.298 0.0259072 0.999651 0.00522763 -1.09137 -0.989453 0.0248966 0.142697 88.9308 
0.187621 -0.0134344 0.98215 51.7952 0.0243879 0.999662 0.00901514 -1.10048 -0.981939 0.0222611 0.187885 89.0535 
0.23615 -0.0169238 0.971569 52.2775 0.0216151 0.999692 0.0121599 -1.10741 -0.971476 0.018129 0.236443 89.199 
0.287499 -0.0186055 0.9576 52.7451 0.0197082 0.999715 0.0135068 -1.11115 -0.957578 0.0149894 0.287784 89.3735 
0.342252 -0.0191578 0.939413 53.1976 0.020433 0.999707 0.0129432 -1.1151 -0.939386 0.0147652 0.342543 89.5712 
0.40006 -0.0188182 0.916296 53.6373 0.0244171 0.999653 0.00986945 -1.11679 -0.916163 0.0184249 0.400381 89.7921 
0.459977 -0.0157399 0.887791 54.0569 0.0270493 0.999627 0.0037081 -1.12147 -0.887518 0.0223084 0.460232 90.0386 
0.518865 -0.0130158 0.854757 54.4391 0.0300641 0.999543 -0.00302931 -1.13106 -0.854327 0.0272693 0.519019 90.31 
0.576776 -0.00883442 0.816855 54.7991 0.0276533 0.99958 -0.00871517 -1.13492 -0.816435 0.0276154 0.576777 90.6109 
0.632055 -0.00578497 0.774902 55.129 0.0252887 0.999594 -0.0131645 -1.13808 -0.774511 0.0279169 0.631945 90.9371 
0.684569 -0.0047286 0.728933 55.4363 0.0247806 0.999552 -0.0167883 -1.14576 -0.728527 0.0295561 0.68438 91.2779 
0.733328 -0.00634993 0.679846 55.7353 0.0252911 0.999519 -0.0179449 -1.15269 -0.679405 0.0303535 0.733136 91.6447 
0.778183 -0.00947415 0.627966 55.9998 0.0239918 0.999605 -0.0146498 -1.16169 -0.627579 0.0264663 0.778103 92.0311 
0.818933 -0.0148049 0.573698 56.2416 0.0247005 0.99965 -0.00946204 -1.17216 -0.573357 0.0219194 0.819012 92.4405 
0.854725 -0.0172914 0.518793 56.4444 0.0232111 0.999718 -0.0049203 -1.18255 -0.518562 0.0162473 0.854886 92.8571 
0.884999 -0.0206833 0.465134 56.6193 0.023 0.999735 0.000694135 -1.19419 -0.465025 0.0100838 0.88524 93.2804 
0.909941 -0.0201859 0.414247 56.7678 0.0200216 0.999788 0.00473907 -1.20947 -0.414255 0.00398163 0.910152 93.7077 
0.929562 -0.0179099 0.368231 56.9035 0.016556 0.99984 0.00683581 -1.22057 -0.368294 -0.000257883 0.929709 94.1549 
0.94453 -0.0120088 0.328206 57.0168 0.00978873 0.999917 0.00841569 -1.22908 -0.32828 -0.00473615 0.944569 94.6121 
0.956039 -0.0076178 0.293141 57.1202 0.00600781 0.999962 0.00639218 -1.23193 -0.293179 -0.00435004 0.956048 95.0726 
0.964967 -0.00594554 0.262305 57.2215 0.00462131 0.999973 0.00566504 -1.23476 -0.262332 -0.00425438 0.964968 95.539 
0.970648 -0.0116871 0.240219 57.333 0.0107612 0.999929 0.00516603 -1.23839 -0.240263 -0.00242935 0.970705 96.0118 
0.974334 -0.0148531 0.224617 57.437 0.0139805 0.999887 0.0054746 -1.24606 -0.224673 -0.00219382 0.974432 96.4965 
0.977226 -0.0107368 0.211929 57.5287 0.00992655 0.999939 0.00488682 -1.25086 -0.211968 -0.00267181 0.977273 96.9895 
0.979337 -0.00554667 0.202159 57.6152 0.00460815 0.999976 0.00511283 -1.25054 -0.202182 -0.0040756 0.979339 97.4937 
0.980562 0.00202412 0.1962 57.6988 -0.00280338 0.999989 0.00369412 -1.25134 -0.19619 -0.00417234 0.980557 98.0062 
0.981055 0.00771139 0.193577 57.7845 -0.00788525 0.999969 0.000127684 -1.25805 -0.19357 -0.00165167 0.981085 98.5293 
0.981211 0.00858113 0.192745 57.8844 -0.00830254 0.999963 -0.00225302 -1.26949 -0.192757 0.000610418 0.981246 99.0569 
0.980705 0.00692116 0.195371 57.9945 -0.00594358 0.999967 -0.00558951 -1.27914 -0.195403 0.00432046 0.980713 99.5971 
0.979877 0.00508734 0.199536 58.1088 -0.0027793 0.999926 -0.0118455 -1.28398 -0.199581 0.0110526 0.979819 100.146 
0.979023 0.00480596 0.203694 58.2284 -0.0015223 0.999866 -0.0162741 -1.29146 -0.203745 0.0156227 0.978899 100.706 
0.978065 0.00930492 0.20809 58.3436 -0.00621527 0.999861 -0.0154966 -1.30444 -0.208206 0.0138633 0.977987 101.287 
0.976838 0.0121805 0.213633 58.4649 -0.010031 0.999888 -0.011143 -1.31558 -0.213744 0.00874199 0.976851 101.883 
0.97592 0.00887497 0.217946 58.6041 -0.00770869 0.999951 -0.00620095 -1.32899 -0.21799 0.00437156 0.975941 102.487 
0.975154 0.00434346 0.221484 58.7535 -0.00438433 0.99999 -0.000307097 -1.33952 -0.221483 -0.000671593 0.975164 103.107 
0.974367 0.00157739 0.224957 58.8996 -0.00267771 0.999986 0.00458624 -1.3475 -0.224947 -0.00507105 0.974358 103.735 
0.973685 -0.00336497 0.227874 59.0495 0.00217049 0.999983 0.00549224 -1.35196 -0.227888 -0.00485311 0.973675 104.372 
0.973602 -0.00732109 0.228136 59.208 0.00690043 0.999973 0.00264151 -1.36095 -0.228149 -0.000997546 0.973626 105.017 
0.973628 -0.00846819 0.227983 59.3628 0.00966491 0.999945 -0.00413324 -1.36932 -0.227935 0.00622767 0.973656 105.673 
0.973781 -0.00666707 0.22739 59.5114 0.00931485 0.999901 -0.0105731 -1.3777 -0.227297 0.012414 0.973746 106.337 
0.974382 -0.00382277 0.224868 59.6563 0.0072041 0.999873 -0.0142184 -1.3853 -0.224785 0.0154741 0.974286 107.011 
0.974962 -0.00598091 0.222292 59.8111 0.00837739 0.999916 -0.00983942 -1.39592 -0.222214 0.0114553 0.974931 107.708 
0.975303 -0.0106127 0.220615 59.9735 0.0113641 0.999933 -0.00213696 -1.40906 -0.220578 0.00459127 0.975359 108.421 
0.975925 -0.0107857 0.21784 60.1293 0.0102207 0.999941 0.00372044 -1.42355 -0.217868 -0.00140439 0.975977 109.14 
0.97634 -0.00814403 0.216085 60.2826 0.00765043 0.999966 0.00312064 -1.43451 -0.216103 -0.00139366 0.976369 109.874 
0.976804 -0.00307007 0.214111 60.4268 0.00345807 0.999993 -0.00143757 -1.44175 -0.214106 0.00214464 0.976808 110.606 
0.977606 -0.00279441 0.210426 60.5795 0.00431195 0.999968 -0.00675328 -1.44871 -0.210401 0.00750939 0.977586 111.35 
0.97841 -0.00450164 0.206622 60.7357 0.00660418 0.999933 -0.00948715 -1.45937 -0.206566 0.0106469 0.978375 112.106 
0.979205 -0.00712287 0.20275 60.8895 0.00890871 0.999929 -0.00789689 -1.47224 -0.202679 0.00953891 0.979199 112.872 
0.979874 -0.011605 0.19928 61.0489 0.0130086 0.999899 -0.00573573 -1.48734 -0.199193 0.00821265 0.979926 113.651 
0.980218 -0.0131752 0.197481 61.2018 0.0140201 0.999898 -0.00288109 -1.50081 -0.197423 0.00559281 0.980302 114.444 
0.980469 -0.016997 0.195937 61.3673 0.0174249 0.999848 -0.000460096 -1.5096 -0.1959 0.00386531 0.980616 115.238 
0.980463 -0.022447 0.195416 61.5339 0.0227191 0.999742 0.000849391 -1.5162 -0.195385 0.00360688 0.98072 116.044 
0.980643 -0.0221222 0.19455 61.6919 0.0220336 0.999754 0.00261984 -1.5269 -0.19456 0.00171751 0.980889 116.848 
0.98065 -0.01715 0.195019 61.8415 0.0173262 0.99985 0.000802622 -1.53632 -0.195003 0.00259185 0.980799 117.663 
0.980602 -0.0119262 0.195649 61.9948 0.0126453 0.999917 -0.00242698 -1.54517 -0.195603 0.00485394 0.980671 118.487 
0.980476 -0.00347052 0.196607 62.1454 0.00432397 0.999983 -0.00391182 -1.55461 -0.19659 0.00468557 0.980475 119.317 
0.979886 0.00219472 0.199545 62.3007 -0.00160887 0.999994 -0.00309805 -1.56563 -0.19955 0.0027147 0.979884 120.157 
0.979293 0.00444926 0.202398 62.4594 -0.0043644 0.99999 -0.000865567 -1.57993 -0.2024 -3.57037e-05 0.979303 120.995 
0.978767 0.00497963 0.204917 62.6324 -0.0047759 0.999987 -0.00148877 -1.5926 -0.204922 0.00047849 0.978778 121.84 
0.978401 0.00331073 0.20669 62.8118 -0.00253951 0.999989 -0.00399647 -1.60485 -0.206701 0.00338525 0.978398 122.676 
0.978127 -0.00312134 0.207987 62.9974 0.00370039 0.99999 -0.00239506 -1.61737 -0.207977 0.0031123 0.978129 123.522 
0.978032 -0.0101059 0.208212 63.1824 0.0111262 0.999931 -0.00372992 -1.63034 -0.20816 0.00596458 0.978077 124.357 
0.977779 -0.0111317 0.209345 63.363 0.0121578 0.99992 -0.00361524 -1.64557 -0.209288 0.00608007 0.977835 125.197 
0.977417 -0.00902216 0.211128 63.5395 0.00934738 0.999956 -0.000542425 -1.65827 -0.211114 0.00250367 0.977458 126.051 
0.977201 -0.0074163 0.212185 63.7121 0.00645478 0.999966 0.00522386 -1.66738 -0.212216 -0.00373516 0.977216 126.892 
0.977107 -0.00459733 0.212701 63.8845 0.00261701 0.999951 0.00959096 -1.67885 -0.212734 -0.00881475 0.97707 127.724 
0.976808 -0.00588284 0.214038 64.0645 0.00529051 0.99998 0.00334016 -1.69055 -0.214054 -0.00213032 0.97682 128.558 
0.976685 -0.0106051 0.214414 64.2494 0.0132222 0.999855 -0.0107754 -1.70401 -0.214268 0.0133592 0.976683 129.374 
0.976694 -0.0131584 0.214232 64.4341 0.0177718 0.999649 -0.019623 -1.71773 -0.213899 0.022973 0.976586 130.188 
0.976934 -0.016389 0.212914 64.6129 0.0190761 0.999762 -0.0105721 -1.72639 -0.21269 0.0143898 0.977014 130.996 
0.977221 -0.0231104 0.21096 64.7909 0.0214521 0.999718 0.0101462 -1.73859 -0.211135 -0.00538957 0.977442 131.832 
0.97753 -0.0267487 0.209092 64.972 0.0219297 0.999439 0.0253319 -1.75017 -0.209652 -0.0201774 0.977568 132.667 
0.977692 -0.022351 0.208851 65.137 0.0186345 0.999631 0.0197458 -1.75286 -0.209216 -0.0154135 0.977748 133.482 
0.978154 -0.0148358 0.207354 65.2967 0.0143625 0.99989 0.00378799 -1.75151 -0.207387 -0.00072711 0.978259 134.275 
0.97831 -0.0151915 0.206587 65.4629 0.0163677 0.999858 -0.00398555 -1.75145 -0.206497 0.00728046 0.97842 135.087 
0.978681 -0.0194001 0.204466 65.6372 0.0207936 0.999773 -0.00466883 -1.76439 -0.204329 0.00882088 0.978863 135.899 
0.979283 -0.0199669 0.201508 65.8042 0.0209783 0.999776 -0.00288474 -1.78638 -0.201405 0.00705227 0.979483 136.714 
0.979952 -0.0206345 0.198161 65.9616 0.0219076 0.999751 -0.00423409 -1.79701 -0.198024 0.00849043 0.98016 137.53 
0.980956 -0.02004 0.193195 66.1173 0.0215922 0.999749 -0.00593207 -1.81068 -0.193028 0.00999061 0.981142 138.334 
0.981594 -0.0152512 0.190369 66.2624 0.0166931 0.999843 -0.00597283 -1.82861 -0.190248 0.00904074 0.981695 139.147 
0.982047 -0.0095351 0.188393 66.3998 0.010922 0.99992 -0.00632499 -1.84128 -0.188318 0.00826908 0.982073 139.953 
0.982448 -0.00875086 0.186332 66.5453 0.00972272 0.999943 -0.00430254 -1.85652 -0.186284 0.00603868 0.982477 140.756 
0.982692 -0.0111239 0.184912 66.6979 0.0112029 0.999937 0.000617842 -1.87057 -0.184907 0.0014644 0.982755 141.568 
0.982991 -0.0129876 0.183196 66.8433 0.0130923 0.999914 0.000637782 -1.88231 -0.183188 0.00177153 0.983076 142.366 
0.98341 -0.0152036 0.180756 66.9891 0.0158767 0.999871 -0.00227757 -1.89934 -0.180698 0.0051096 0.983525 143.165 
0.98414 -0.0204093 0.176213 67.1334 0.0218407 0.999742 -0.00618708 -1.91032 -0.176041 0.00993758 0.984333 143.959 
0.985196 -0.0237788 0.169773 67.2682 0.0253977 0.99965 -0.00737041 -1.92223 -0.169538 0.0115732 0.985456 144.746 
0.986268 -0.0260116 0.163091 67.3971 0.0267258 0.99964 -0.00218581 -1.93473 -0.162976 0.00651453 0.986609 145.544 
0.98727 -0.0289189 0.156401 67.524 0.0283015 0.99958 0.00617323 -1.94851 -0.156514 -0.00166825 0.987674 146.344 
0.987797 -0.0323539 0.152347 67.6503 0.0303416 0.999419 0.0155156 -1.95422 -0.152761 -0.0107038 0.988205 147.163 
0.988637 -0.0262914 0.148005 67.754 0.0238663 0.999551 0.018138 -1.95909 -0.148415 -0.0143996 0.98882 147.956 
0.98934 -0.0239591 0.143638 67.8579 0.0222727 0.999663 0.0133374 -1.96182 -0.14391 -0.00999598 0.98954 148.75 
0.990338 -0.0239045 0.1366 67.9622 0.0237475 0.999714 0.00277963 -1.96472 -0.136627 0.000491124 0.990622 149.533 
0.991063 -0.0276081 0.130507 68.0668 0.0282251 0.999597 -0.00287952 -1.96664 -0.130375 0.00653737 0.991443 150.333 
0.991892 -0.0287867 0.123784 68.161 0.0292623 0.99957 -0.00202529 -1.97484 -0.123672 0.00563106 0.992307 151.139 
0.993005 -0.022743 0.11586 68.2433 0.0227539 0.99974 0.0012293 -1.99013 -0.115858 0.00141556 0.993265 151.955 
0.993987 -0.0176127 0.108072 68.3136 0.0177748 0.999842 -0.000537164 -2.00322 -0.108045 0.00245489 0.994143 152.771 
0.995052 -0.0154601 0.0981423 68.3831 0.0162057 0.999846 -0.00680476 -2.01382 -0.0980219 0.00836156 0.995149 153.574 
0.995811 -0.0173554 0.0897683 68.4528 0.018279 0.999788 -0.00947696 -2.02616 -0.0895848 0.0110781 0.995918 154.393 
0.996507 -0.0176316 0.081625 68.5122 0.018259 0.999809 -0.00694602 -2.04017 -0.0814869 0.00841214 0.996639 155.214 
0.997184 -0.0151263 0.0734522 68.5633 0.015173 0.999885 -7.7566e-05 -2.05653 -0.0734426 0.00119184 0.997299 156.042 
0.99781 -0.0118158 0.0650779 68.5991 0.0114954 0.99992 0.00529545 -2.06725 -0.0651352 -0.00453576 0.997866 156.865 
0.998269 -0.0135082 0.0572441 68.6422 0.0130508 0.99988 0.0083571 -2.07631 -0.0573501 -0.00759555 0.998325 157.693 
0.998633 -0.0129242 0.0506501 68.6812 0.0124209 0.99987 0.0102377 -2.08217 -0.0507759 -0.00959459 0.998664 158.519 
0.998819 -0.0139797 0.0465391 68.7159 0.0136029 0.999872 0.00840423 -2.09022 -0.0466507 -0.00776123 0.998881 159.347 
0.999063 -0.00961007 0.0421945 68.7403 0.00949808 0.999951 0.00285384 -2.09819 -0.0422199 -0.0024504 0.999105 160.168 
0.999245 -0.00403784 0.0386287 68.7564 0.00418978 0.999984 -0.00385315 -2.10875 -0.0386125 0.00401209 0.999246 160.981 
0.999359 -0.00314912 0.03565 68.7769 0.00337311 0.999975 -0.00622475 -2.1173 -0.0356295 0.00634102 0.999345 161.802 
0.999479 -0.00167914 0.0322288 68.7961 0.0016863 0.999999 -0.000194953 -2.12769 -0.0322285 0.000249199 0.99948 162.629 
0.999554 0.00104239 0.0298576 68.8088 -0.00134491 0.999948 0.0101138 -2.13499 -0.0298455 -0.0101494 0.999503 163.462 
0.999652 0.00222535 0.0263039 68.823 -0.00268168 0.999846 0.0173258 -2.14249 -0.0262613 -0.0173903 0.999504 164.297 
0.99977 -0.00137054 0.0214217 68.8353 0.00107292 0.999903 0.0138988 -2.14635 -0.0214387 -0.0138726 0.999674 165.109 
0.999772 -0.0138987 0.0162373 68.8571 0.0138378 0.999897 0.00385955 -2.15014 -0.0162893 -0.00363398 0.999861 165.929 
0.999824 -0.0164368 0.00907393 68.8711 0.0164467 0.999864 -0.00101744 -2.14917 -0.00905597 0.0011665 0.999958 166.737 
0.999914 -0.012925 0.00230952 68.8589 0.0129248 0.999916 0.000131948 -2.15579 -0.00231103 -0.000102087 0.999997 167.568 
0.999872 -0.0151255 -0.00525068 68.846 0.0151568 0.999867 0.00597218 -2.16497 0.00515965 -0.006051 0.999968 168.416 
0.999709 -0.0204579 -0.0127823 68.8329 0.0205747 0.999747 0.0090738 -2.1685 0.0125934 -0.00933415 0.999877 169.254 
0.999387 -0.0295668 -0.0187392 68.8206 0.0298142 0.99947 0.0130616 -2.16742 0.018343 -0.0136123 0.999739 170.086 
0.999111 -0.0338687 -0.0250939 68.803 0.0342001 0.999332 0.0129 -2.17366 0.0246402 -0.0137467 0.999602 170.915 
0.998817 -0.0374694 -0.0309926 68.7743 0.0376718 0.999272 0.00597244 -2.18268 0.0307463 -0.00713293 0.999502 171.744 
0.998184 -0.0468332 -0.037886 68.7495 0.0466978 0.998899 -0.00445097 -2.18775 0.0380527 0.00267369 0.999272 172.567 
0.997376 -0.0574345 -0.0440758 68.7247 0.0571029 0.99833 -0.00874791 -2.1943 0.0445047 0.0062081 0.99899 173.401 
0.997241 -0.0538986 -0.051051 68.6762 0.0538871 0.998546 -0.00160387 -2.20341 0.0510632 -0.00115155 0.998695 174.236 
0.997437 -0.0433922 -0.0568907 68.6081 0.0441 0.998964 0.0112441 -2.21151 0.0563438 -0.0137242 0.998317 175.078 
0.997333 -0.0385677 -0.0619614 68.5423 0.0398017 0.999031 0.0188072 -2.22034 0.061176 -0.0212232 0.997901 175.924 
0.997074 -0.0394451 -0.0654837 68.4807 0.0405613 0.999052 0.0158046 -2.22363 0.0647982 -0.0184145 0.997728 176.761 
0.997035 -0.038274 -0.0667539 68.4135 0.0387012 0.999238 0.00511785 -2.22553 0.0665071 -0.00768613 0.997756 177.592 
0.997208 -0.0282591 -0.0691212 68.3337 0.0280382 0.999598 -0.00416356 -2.23117 0.069211 0.0022139 0.9976 178.423 
0.997 -0.0303165 -0.0712194 68.2677 0.0298378 0.999525 -0.00777613 -2.2414 0.0714213 0.00562777 0.99743 179.263 
0.996601 -0.0360521 -0.0740736 68.2139 0.0359365 0.99935 -0.00289391 -2.25312 0.0741298 0.000222129 0.997249 180.115 
0.996598 -0.0359812 -0.0741486 68.1447 0.0365303 0.999314 0.00606248 -2.26326 0.0738796 -0.00875053 0.997229 180.981 
0.996642 -0.0343355 -0.0743306 68.0732 0.0352989 0.999308 0.0116866 -2.27055 0.073878 -0.0142711 0.997165 181.832 
0.996503 -0.0346959 -0.0760107 68.0047 0.035626 0.999306 0.0109139 -2.27727 0.0755792 -0.0135837 0.997047 182.685 
0.996243 -0.0383471 -0.0776548 67.9372 0.0385995 0.999253 0.00175211 -2.2866 0.0775296 -0.00474296 0.996979 183.529 
0.995609 -0.0496764 -0.0793433 67.8821 0.0490579 0.998749 -0.00972696 -2.29666 0.0797272 0.00579183 0.9968 184.368 
0.99488 -0.060422 -0.081015 67.826 0.0595074 0.998134 -0.0136586 -2.30745 0.0816892 0.00876765 0.996619 185.219 
0.994921 -0.0579481 -0.0823072 67.7507 0.0574045 0.998311 -0.00895684 -2.3228 0.0826872 0.00418654 0.996567 186.07 
0.995095 -0.0519297 -0.0842023 67.6709 0.0522621 0.998632 0.00174711 -2.34037 0.0839964 -0.00613914 0.996447 186.921 
0.994973 -0.051113 -0.0861226 67.5952 0.0517607 0.998645 0.005303 -2.35792 0.0857349 -0.0097341 0.99627 187.764 
0.994848 -0.0524531 -0.0867586 67.521 0.052784 0.998605 0.00152223 -2.36897 0.0865577 -0.00609385 0.996228 188.608 
0.994905 -0.0524593 -0.0860967 67.4442 0.05226 0.998623 -0.00456916 -2.37732 0.0862179 4.64642e-05 0.996276 189.445 
0.995217 -0.0456834 -0.0863499 67.3586 0.0454302 0.998956 -0.0048957 -2.38922 0.0864834 0.000949382 0.996253 190.282 
0.995273 -0.0431699 -0.0869917 67.2784 0.0431834 0.999066 -0.00172772 -2.40492 0.086985 -0.00203704 0.996208 191.116 
