1 0 0 0 0 1 0 0 0 0 1 0 
0.999979 0.000248069 -0.00647738 -0.00720655 -0.000244206 1 0.000597271 -0.00350237 0.00647752 -0.000595677 0.999979 0.0939916 
0.999906 0.000448862 -0.0136754 -0.0143648 -0.000437032 1 0.000868009 -0.00802617 0.0136758 -0.000861951 0.999906 0.189764 
0.999775 0.000431879 -0.0211875 -0.0247696 -0.00042279 1 0.000433456 -0.010738 0.0211877 -0.000424401 0.999775 0.286521 
0.999535 0.000681989 -0.0304864 -0.0365396 -0.000701576 1 -0.000631779 -0.013769 0.030486 0.000652874 0.999535 0.390907 
0.999124 0.00065811 -0.0418479 -0.0535558 -0.000740271 0.999998 -0.00194785 -0.0161523 0.0418465 0.00197712 0.999122 0.50359 
0.998459 0.00029978 -0.0554981 -0.07421 -0.000446299 0.999996 -0.00262771 -0.0181591 0.0554971 0.00264842 0.998455 0.630302 
0.997422 0.00012473 -0.0717561 -0.100766 -0.000303407 0.999997 -0.00247918 -0.0189544 0.0717555 0.00249456 0.997419 0.77064 
0.995899 -0.00171773 -0.0904536 -0.128419 0.00151671 0.999996 -0.0022911 -0.0220047 0.0904572 0.00214451 0.995898 0.922608 
0.993881 -0.00317852 -0.11041 -0.166642 0.00294353 0.999993 -0.00229127 -0.0244613 0.110416 0.00195226 0.993884 1.08263 
0.991164 -0.0035806 -0.132597 -0.213333 0.00327774 0.999991 -0.00250225 -0.0281186 0.132605 0.00204552 0.991167 1.24896 
0.987657 -0.000146271 -0.156632 -0.270228 -0.000451775 0.999993 -0.00378254 -0.03366 0.156632 0.00380662 0.98765 1.41831 
0.983293 0.00383902 -0.18199 -0.335599 -0.00485883 0.999975 -0.00515813 -0.0394904 0.181966 0.00595622 0.983287 1.59304 
0.977941 0.00656442 -0.20878 -0.407399 -0.00799885 0.99995 -0.00602695 -0.0452194 0.20873 0.007564 0.977944 1.76722 
0.971182 0.00693664 -0.238238 -0.478739 -0.00864876 0.999944 -0.00614209 -0.0486542 0.238182 0.00802555 0.971187 1.95174 
0.963118 0.00848574 -0.268944 -0.561519 -0.0103803 0.99993 -0.0056231 -0.051219 0.268878 0.00820743 0.963139 2.13905 
0.953637 0.0100984 -0.300791 -0.65486 -0.0120096 0.999918 -0.00450554 -0.0567036 0.300721 0.00790902 0.953679 2.32449 
0.942389 0.0116272 -0.334316 -0.761041 -0.0136091 0.999901 -0.00358641 -0.0561152 0.334241 0.00792952 0.942454 2.52086 
0.929939 0.0137571 -0.367457 -0.87361 -0.0160419 0.999866 -0.00316419 -0.0595737 0.367365 0.0088372 0.930035 2.70679 
0.916121 0.0162455 -0.400573 -0.997743 -0.0188505 0.999819 -0.00256311 -0.0616018 0.400459 0.00989911 0.916261 2.89386 
0.900123 0.0163629 -0.435329 -1.12684 -0.0191586 0.999814 -0.00203338 -0.0610477 0.435215 0.0101706 0.900269 3.0828 
0.8817 0.0117626 -0.471664 -1.25734 -0.0148243 0.999886 -0.00277594 -0.0630692 0.471578 0.00943961 0.881774 3.26991 
0.860389 0.00693527 -0.509591 -1.39671 -0.0099461 0.999945 -0.00318416 -0.0682063 0.509541 0.00780806 0.860411 3.45542 
0.835421 0.00860297 -0.549544 -1.55887 -0.0102573 0.999947 6.06741e-05 -0.0751346 0.549515 0.00558616 0.835465 3.63502 
0.806336 0.0147055 -0.591275 -1.74292 -0.0151646 0.999876 0.00418751 -0.0851617 0.591263 0.00558989 0.806459 3.80621 
0.773579 0.0180578 -0.633443 -1.93919 -0.018187 0.999815 0.0062915 -0.0933701 0.633439 0.00665348 0.773764 3.97459 
0.737125 0.01742 -0.675532 -2.14439 -0.0172411 0.999827 0.00696949 -0.0962005 0.675537 0.00650956 0.737297 4.14478 
0.696782 0.0131312 -0.717163 -2.36284 -0.0106943 0.999911 0.00791793 -0.0972022 0.717203 0.00215249 0.696861 4.32071 
0.653426 0.00953635 -0.75693 -2.59914 -0.00503707 0.999953 0.00824984 -0.0970861 0.756974 -0.00157795 0.653443 4.48934 
0.608185 0.00884444 -0.793746 -2.86048 -0.00197247 0.999952 0.00963078 -0.0956686 0.793793 -0.00429166 0.608173 4.64573 
0.559654 0.00934713 -0.828674 -3.14156 0.000495002 0.999932 0.0116132 -0.0901576 0.828726 -0.00690955 0.559612 4.79171 
0.50859 0.00987384 -0.860952 -3.43609 0.00187683 0.999919 0.0125763 -0.0824796 0.861007 -0.00801203 0.50853 4.91211 
0.455771 0.0111926 -0.890027 -3.75122 0.00243627 0.999902 0.0138219 -0.0736683 0.890094 -0.00846796 0.455699 5.02391 
0.40093 0.0129906 -0.916017 -4.08201 0.00368469 0.999869 0.0157925 -0.0649829 0.916101 -0.00970692 0.40083 5.12593 
0.345514 0.0150536 -0.938293 -4.4176 0.00440759 0.999834 0.017664 -0.064765 0.938403 -0.0102388 0.345391 5.2048 
0.290569 0.0181255 -0.956682 -4.78692 0.00715128 0.999752 0.0211135 -0.064078 0.956827 -0.0129764 0.290367 5.27292 
0.236882 0.0201886 -0.971329 -5.17204 0.0115892 0.999654 0.0236036 -0.0642824 0.971469 -0.0168482 0.236566 5.33325 
0.18606 0.020692 -0.982321 -5.57377 0.014314 0.999615 0.0237675 -0.0630136 0.982434 -0.0184831 0.185692 5.37219 
0.138576 0.0220053 -0.990107 -5.99478 0.0123349 0.999637 0.0239435 -0.0595828 0.990275 -0.0155309 0.138254 5.39032 
0.0962276 0.0224528 -0.995106 -6.43038 0.0107784 0.999663 0.0235979 -0.0550521 0.995301 -0.0129964 0.0959532 5.39047 
0.0582831 0.0211842 -0.998075 -6.88094 0.00984515 0.999714 0.0217939 -0.047705 0.998252 -0.0110964 0.0580578 5.38488 
0.0238146 0.0188218 -0.999539 -7.34222 0.0113413 0.999753 0.0190961 -0.0452603 0.999652 -0.0117908 0.0235953 5.36992 
-0.00764391 0.0164958 -0.999835 -7.81836 0.0121774 0.999791 0.016402 -0.0480194 0.999897 -0.01205 -0.00784319 5.3462 
-0.034164 0.0149773 -0.999304 -8.30585 0.0122101 0.999819 0.0145676 -0.0487817 0.999342 -0.0117039 -0.0343407 5.30595 
-0.0549625 0.0129102 -0.998405 -8.80843 0.0121806 0.999851 0.0122583 -0.0458827 0.998414 -0.0114874 -0.0551116 5.26084 
-0.0713832 0.0124668 -0.997371 -9.32843 0.0132815 0.999845 0.0115471 -0.0421711 0.997361 -0.0124223 -0.0715377 5.21158 
-0.0845636 0.0133604 -0.996329 -9.86967 0.0149299 0.999815 0.01214 -0.0424051 0.996306 -0.0138485 -0.0847474 5.15676 
-0.0942104 0.0148561 -0.995441 -10.4272 0.0140647 0.999809 0.0135901 -0.0460087 0.995453 -0.0127203 -0.0944014 5.09432 
-0.100968 0.0165048 -0.994753 -10.9999 0.0125719 0.999804 0.0153125 -0.0497015 0.99481 -0.0109599 -0.101156 5.02561 
-0.105469 0.0177659 -0.994264 -11.5895 0.0129216 0.99978 0.0164938 -0.0475221 0.994339 -0.0111079 -0.105676 4.95743 
-0.107016 0.0186853 -0.994082 -12.1964 0.0155055 0.999733 0.0171223 -0.0413294 0.994136 -0.0135814 -0.107277 4.89402 
-0.106171 0.0211846 -0.994122 -12.8165 0.0177391 0.999654 0.019408 -0.0371852 0.99419 -0.0155743 -0.10651 4.82926 
-0.104581 0.0240147 -0.994226 -13.4502 0.0170944 0.999604 0.0223465 -0.0380853 0.994369 -0.0146587 -0.10495 4.75428 
-0.102954 0.0242445 -0.994391 -14.1011 0.0150602 0.999626 0.0228129 -0.0360284 0.994572 -0.012627 -0.10328 4.68068 
-0.101289 0.0218688 -0.994617 -14.7715 0.0134179 0.999697 0.0206141 -0.0285894 0.994767 -0.0112577 -0.101552 4.60548 
-0.100002 0.021976 -0.994745 -15.4538 0.0133323 0.999696 0.0207451 -0.0194132 0.994898 -0.0111877 -0.100264 4.53583 
-0.0983681 0.0248825 -0.994839 -16.1612 0.0140565 0.999622 0.0236123 -0.00638819 0.995051 -0.0116613 -0.0986807 4.46522 
-0.0964354 0.0286745 -0.994926 -16.8795 0.0133848 0.999532 0.0275099 0.000151629 0.995249 -0.010664 -0.096774 4.39007 
-0.0947194 0.0310771 -0.995019 -17.6045 0.0130072 0.999466 0.0299778 0.00469043 0.995419 -0.0101029 -0.095073 4.31987 
-0.0930019 0.0306894 -0.995193 -18.3506 0.0114903 0.999491 0.0297482 0.0157248 0.9956 -0.0086684 -0.0933072 4.24345 
-0.0914178 0.0276732 -0.995428 -19.1029 0.00975917 0.999591 0.0268927 0.0320723 0.995765 -0.00725609 -0.0916505 4.16809 
-0.0898695 0.0270858 -0.995585 -19.8724 0.00936174 0.999609 0.0263502 0.0474271 0.99591 -0.00695233 -0.0900879 4.09129 
-0.0883666 0.0293162 -0.995657 -20.6587 0.0124457 0.999521 0.0283254 0.0644911 0.99601 -0.00988859 -0.0886892 4.02101 
-0.0872313 0.0314807 -0.995691 -21.4475 0.0148321 0.999431 0.0302996 0.0766826 0.996078 -0.0121251 -0.0876486 3.95 
-0.0860398 0.0332975 -0.995735 -22.2471 0.0165517 0.999351 0.0319882 0.0895459 0.996154 -0.0137289 -0.0865351 3.87782 
-0.0855961 0.0288255 -0.995913 -23.0422 0.0172497 0.999474 0.0274461 0.0981891 0.996181 -0.0148299 -0.0860484 3.81091 
-0.0853708 0.0219843 -0.996107 -23.8485 0.0190183 0.99961 0.0204316 0.105309 0.996168 -0.0172 -0.0857557 3.74326 
-0.0855835 0.0175692 -0.996176 -24.6626 0.022034 0.999633 0.0157372 0.113592 0.996087 -0.0206029 -0.0859392 3.67934 
-0.0860245 0.0185047 -0.996121 -25.4883 0.023451 0.999588 0.0165438 0.12004 0.996017 -0.0219369 -0.086423 3.60436 
-0.0860947 0.0262093 -0.995942 -26.326 0.0235111 0.999429 0.0242686 0.124178 0.99601 -0.0213263 -0.0866617 3.52898 
-0.0864162 0.0334782 -0.995696 -27.1742 0.0224628 0.999247 0.031648 0.135979 0.996006 -0.0196312 -0.0871031 3.4518 
-0.0866701 0.0390474 -0.995472 -28.0147 0.0205822 0.999088 0.0373973 0.144267 0.996024 -0.0172478 -0.0873947 3.36726 
-0.0871389 0.0392949 -0.995421 -28.8524 0.0193566 0.9991 0.0377457 0.159878 0.996008 -0.0159789 -0.0878211 3.28836 
-0.0875298 0.0357833 -0.995519 -29.6903 0.0200314 0.999216 0.0341549 0.178267 0.99596 -0.0169521 -0.0881779 3.21299 
-0.0880024 0.0330754 -0.995571 -30.5247 0.0204224 0.999298 0.031394 0.197757 0.995911 -0.0175692 -0.0886161 3.13656 
-0.0880156 0.0341414 -0.995534 -31.3658 0.019471 0.99928 0.0325484 0.215884 0.995929 -0.0165192 -0.088617 3.04919 
-0.0879164 0.0364744 -0.99546 -32.2008 0.0190856 0.999208 0.0349261 0.228975 0.995945 -0.0159284 -0.0885428 2.96672 
-0.0880296 0.0347708 -0.995511 -33.0333 0.0187719 0.999271 0.0332422 0.240249 0.995941 -0.0157613 -0.0886182 2.89354 
-0.0875479 0.0295083 -0.995723 -33.8678 0.0189186 0.99943 0.0279547 0.254329 0.995981 -0.0163903 -0.0880563 2.81021 
-0.0874113 0.0252847 -0.995851 -34.708 0.0182308 0.999551 0.0237784 0.264935 0.996005 -0.0160767 -0.0878331 2.72844 
-0.0869054 0.0260411 -0.995876 -35.546 0.0193247 0.999514 0.0244499 0.27678 0.996029 -0.0171202 -0.0873664 2.65368 
-0.0864472 0.0287306 -0.995842 -36.38 0.0210699 0.999413 0.0270046 0.282781 0.996034 -0.0186478 -0.0870018 2.57697 
-0.0859749 0.0338836 -0.995721 -37.2241 0.0216284 0.999249 0.0321362 0.290928 0.996063 -0.0187729 -0.0866432 2.50052 
-0.0854542 0.0396885 -0.995551 -38.0583 0.0228714 0.999021 0.0378637 0.304987 0.99608 -0.019534 -0.0862783 2.42734 
-0.0855945 0.0431979 -0.995393 -38.8936 0.0226567 0.998886 0.0414012 0.316725 0.996072 -0.0190086 -0.0864778 2.35204 
-0.0852209 0.0433333 -0.995419 -39.72 0.022863 0.998876 0.0415264 0.332541 0.9961 -0.0192193 -0.0861158 2.27665 
-0.0850675 0.0391935 -0.995604 -40.5365 0.0236083 0.999025 0.037311 0.350889 0.996095 -0.0203306 -0.0859099 2.19811 
-0.0846317 0.0349611 -0.995799 -41.3588 0.0227912 0.999191 0.0331432 0.366506 0.996152 -0.0198905 -0.08536 2.12143 
-0.0845312 0.0324476 -0.995892 -42.1841 0.0191003 0.999339 0.0309386 0.37735 0.996238 -0.0164066 -0.085095 2.04147 
-0.0849314 0.0305349 -0.995919 -43.0211 0.0160231 0.999443 0.0292765 0.393067 0.996258 -0.0134712 -0.0853734 1.95719 
-0.0856185 0.0288698 -0.99591 -43.8476 0.0182922 0.999457 0.0274001 0.399538 0.99616 -0.0158714 -0.0861001 1.88251 
-0.0867974 0.0252149 -0.995907 -44.6729 0.0222296 0.99948 0.0233679 0.410477 0.995978 -0.0201103 -0.0873128 1.81147 
-0.0875351 0.0238082 -0.995877 -45.4999 0.0269383 0.999405 0.0215248 0.422664 0.995797 -0.0249431 -0.0881244 1.74022 
-0.0894397 0.0274512 -0.995614 -46.3218 0.0275925 0.999305 0.0250742 0.430027 0.99561 -0.0252288 -0.0901349 1.65982 
-0.0911527 0.033975 -0.995257 -47.1443 0.0302472 0.999051 0.0313343 0.436122 0.995377 -0.0272476 -0.0920938 1.58477 
-0.092993 0.0376027 -0.994956 -47.9612 0.0323456 0.998873 0.0347276 0.448271 0.995141 -0.028953 -0.0941045 1.50604 
-0.0945361 0.036842 -0.994839 -48.7694 0.0325331 0.998896 0.0339007 0.458909 0.99499 -0.0291603 -0.0956302 1.42671 
-0.0956217 0.033016 -0.99487 -49.5645 0.0293944 0.999108 0.0303313 0.468196 0.994984 -0.0263433 -0.0965069 1.33984 
-0.0969286 0.0294036 -0.994857 -50.3525 0.0251533 0.999317 0.0270847 0.47975 0.994973 -0.0223987 -0.097602 1.25136 
-0.0984509 0.0279215 -0.99475 -51.1419 0.0211996 0.999438 0.025955 0.488041 0.994916 -0.018533 -0.0989876 1.16251 
-0.0994054 0.0289789 -0.994625 -51.9363 0.0200493 0.999431 0.0271152 0.496214 0.994845 -0.0172461 -0.0999299 1.07484 
-0.100436 0.03029 -0.994482 -52.7226 0.0209528 0.999379 0.028323 0.504959 0.994723 -0.0179926 -0.101009 0.9921 
-0.101465 0.0297911 -0.994393 -53.5078 0.0201164 0.999409 0.0278887 0.514036 0.994636 -0.0171739 -0.102004 0.903722 
-0.101919 0.0297945 -0.994346 -54.2929 0.0207921 0.999397 0.0278147 0.521107 0.994575 -0.0178397 -0.102477 0.817107 
-0.102372 0.0316614 -0.994242 -55.0705 0.0235079 0.999291 0.0294016 0.53091 0.994468 -0.0203627 -0.103044 0.729106 
-0.102589 0.0347351 -0.994117 -55.8393 0.0251226 0.999162 0.0323188 0.540003 0.994406 -0.0216592 -0.103376 0.64197 
-0.102737 0.0391374 -0.993938 -56.608 0.0251783 0.999008 0.0367345 0.548651 0.99439 -0.0212517 -0.103621 0.555474 
-0.103367 0.0415464 -0.993775 -57.3686 0.0257949 0.998903 0.0390777 0.554958 0.994309 -0.021595 -0.104325 0.470645 
-0.103995 0.0417856 -0.9937 -58.1212 0.0263461 0.998882 0.0392463 0.565476 0.994229 -0.0220987 -0.10498 0.385709 
-0.104363 0.0401192 -0.99373 -58.8705 0.0269958 0.998932 0.0374941 0.573623 0.994173 -0.0229135 -0.105335 0.302406 
-0.104734 0.0367898 -0.99382 -59.5965 0.0265871 0.999062 0.034182 0.580542 0.994145 -0.0228428 -0.105614 0.227509 
-0.104656 0.0341461 -0.993922 -60.3207 0.0264115 0.999153 0.0315448 0.58791 0.994158 -0.0229496 -0.10547 0.148492 
-0.103392 0.0320908 -0.994123 -61.0288 0.0258272 0.999229 0.0295696 0.591619 0.994305 -0.0226181 -0.104141 0.0703593 
-0.101146 0.0315846 -0.99437 -61.7211 0.0234633 0.999294 0.0293543 0.594952 0.994595 -0.0203621 -0.101816 -0.00399694 
-0.0971123 0.032674 -0.994737 -62.4021 0.0227232 0.999273 0.0306046 0.597499 0.995014 -0.0196315 -0.0977842 -0.0758663 
-0.091368 0.0344347 -0.995222 -63.073 0.0236208 0.999196 0.0324036 0.601922 0.995537 -0.0205473 -0.0921078 -0.139188 
-0.0842878 0.0361619 -0.995785 -63.7228 0.0245129 0.999114 0.0342079 0.606252 0.99614 -0.0215263 -0.0850996 -0.190724 
-0.0755449 0.0376254 -0.996432 -64.3613 0.0238288 0.999071 0.0359185 0.612291 0.996858 -0.0210304 -0.0763712 -0.24282 
-0.0637491 0.0392748 -0.997193 -64.9858 0.0217464 0.999043 0.0379575 0.622024 0.997729 -0.0192656 -0.0645422 -0.286533 
-0.0491439 0.0408387 -0.997956 -65.5976 0.0189507 0.999022 0.039949 0.631324 0.998612 -0.0169488 -0.0498698 -0.315819 
-0.030892 0.0421036 -0.998636 -66.1909 0.0172757 0.998986 0.0415839 0.642707 0.999373 -0.0159676 -0.0315881 -0.333378 
-0.0090101 0.0429535 -0.999036 -66.7637 0.0163169 0.99895 0.0428026 0.652871 0.999826 -0.0159155 -0.0097015 -0.326938 
0.0163652 0.0431011 -0.998937 -67.3092 0.0169951 0.998914 0.0433786 0.669061 0.999722 -0.017687 0.0156149 -0.304726 
0.0453712 0.0426432 -0.99806 -67.8365 0.0186143 0.998879 0.0435244 0.681626 0.998797 -0.0205529 0.0445266 -0.257033 
0.079374 0.0426499 -0.995932 -68.3385 0.01997 0.998816 0.0443649 0.69298 0.996645 -0.0234102 0.0784283 -0.19718 
0.116702 0.0429785 -0.992237 -68.8243 0.0207151 0.998741 0.0456966 0.70404 0.992951 -0.0258872 0.115665 -0.113473 
0.157323 0.0428445 -0.986617 -69.2912 0.0209205 0.99869 0.0467047 0.710356 0.987326 -0.0279883 0.156221 -0.0130352 
0.202333 0.0436114 -0.978345 -69.7594 0.0209516 0.998587 0.0488468 0.729458 0.979093 -0.0303812 0.201133 0.117279 
0.25069 0.0413469 -0.967184 -70.2128 0.0227498 0.99856 0.0485849 0.755194 0.9678 -0.034183 0.249389 0.272873 
0.301056 0.0359114 -0.95293 -70.6213 0.0303949 0.998422 0.0472284 0.766668 0.953122 -0.0431826 0.29949 0.439754 
0.352494 0.0304876 -0.935317 -71.0086 0.0346516 0.998359 0.0456017 0.778653 0.935172 -0.0484846 0.350859 0.634195 
0.405386 0.0255076 -0.91379 -71.4196 0.0390062 0.998218 0.0451688 0.797036 0.913313 -0.0539543 0.403669 0.851172 
0.456141 0.0247415 -0.889564 -71.8034 0.0381646 0.99815 0.0473313 0.816748 0.889089 -0.0555396 0.454352 1.09464 
0.504547 0.023357 -0.863068 -72.1752 0.0385413 0.998028 0.0495405 0.836563 0.862524 -0.0582593 0.502652 1.3551 
0.549559 0.0191264 -0.835236 -72.5228 0.0449121 0.997616 0.0523955 0.854359 0.834247 -0.0663066 0.54739 1.63769 
0.593333 0.0131235 -0.80485 -72.8412 0.0536946 0.996995 0.0558399 0.866414 0.803165 -0.0763477 0.590845 1.94082 
0.636202 0.00800303 -0.771481 -73.1596 0.0538447 0.997047 0.054746 0.882737 0.769641 -0.0763697 0.633893 2.24793 
0.677439 0.00337002 -0.735571 -73.4524 0.0491478 0.997548 0.049834 0.898608 0.733935 -0.0699112 0.675612 2.56162 
0.718203 -0.00326395 -0.695826 -73.7286 0.0438537 0.998213 0.0405816 0.913071 0.69445 -0.0596604 0.717063 2.88874 
0.75774 -0.00603292 -0.652529 -73.9982 0.0373132 0.998722 0.0340958 0.93098 0.651489 -0.0501837 0.756997 3.24602 
0.795067 -0.0072992 -0.606477 -74.2504 0.0341734 0.998878 0.0327781 0.943968 0.605558 -0.0467862 0.794425 3.63362 
0.829412 -0.00908747 -0.558564 -74.4948 0.0326552 0.998947 0.0322375 0.962397 0.557683 -0.0449782 0.828835 4.05344 
0.860514 -0.00805693 -0.509362 -74.7293 0.0277752 0.99913 0.0311194 0.978615 0.508668 -0.0409263 0.859989 4.49587 
0.887015 -0.00657921 -0.461694 -74.9504 0.0249667 0.999119 0.033729 0.988826 0.461065 -0.0414451 0.886398 4.96383 
0.908664 -0.000646719 -0.417528 -75.1563 0.0170936 0.999218 0.0356531 0.999564 0.417178 -0.0395338 0.907965 5.4521 
0.926531 0.00329928 -0.376203 -75.3488 0.010581 0.999337 0.0348236 1.01486 0.376069 -0.0362457 0.925882 5.95908 
0.940385 0.00783924 -0.34002 -75.5311 0.00496155 0.999312 0.0367614 1.03671 0.340074 -0.0362569 0.939699 6.49242 
0.950672 0.00753842 -0.310105 -75.6989 0.00474994 0.999234 0.0388522 1.05598 0.310161 -0.0384087 0.949908 7.05759 
0.958265 0.00627881 -0.285811 -75.8521 0.00554714 0.999162 0.0405484 1.07481 0.285826 -0.0404416 0.957428 7.64447 
0.964289 0.00506405 -0.264804 -76.0122 0.00642995 0.999075 0.0425209 1.10498 0.264774 -0.0427051 0.963364 8.25268 
0.969075 0.00676555 -0.246673 -76.1645 0.00450671 0.998972 0.045104 1.1345 0.246725 -0.0448208 0.968049 8.865 
0.972797 0.0107161 -0.231412 -76.314 0.000120045 0.998906 0.0467612 1.15975 0.23166 -0.045517 0.971731 9.49145 
0.975823 0.0140451 -0.218112 -76.4628 -0.00358757 0.998828 0.048268 1.18249 0.218534 -0.0463185 0.974729 10.1403 
0.978643 0.0124858 -0.205187 -76.5933 -0.00263893 0.998835 0.0481936 1.20681 0.20555 -0.0466228 0.977536 10.8055 
0.981437 0.0120462 -0.191407 -76.7283 -0.00287769 0.998838 0.0481065 1.23072 0.191764 -0.0466626 0.980331 11.487 
0.98416 0.0119398 -0.176883 -76.8502 -0.00334778 0.998803 0.0487938 1.26298 0.177254 -0.0474287 0.983022 12.1847 
0.986579 0.0126013 -0.162797 -76.9708 -0.00458302 0.998762 0.0495353 1.29065 0.16322 -0.0481244 0.985415 12.8987 
0.988543 0.0118975 -0.150472 -77.0764 -0.00490503 0.998894 0.0467561 1.31756 0.150862 -0.0454823 0.987508 13.6244 
0.990137 0.0117552 -0.139607 -77.1782 -0.00599948 0.999117 0.0415772 1.3426 0.139973 -0.0403296 0.989334 14.3551 
0.991448 0.00943091 -0.130165 -77.2726 -0.00483513 0.999355 0.0355784 1.36819 0.130416 -0.0346447 0.990854 15.1005 
0.992463 0.0093341 -0.122186 -77.3607 -0.00501725 0.999354 0.0355902 1.39187 0.122439 -0.034709 0.991869 15.8515 
0.993248 0.010986 -0.115485 -77.4596 -0.00615613 0.999095 0.042096 1.4129 0.115843 -0.0411008 0.992417 16.6139 
0.993766 0.0150668 -0.110462 -77.5595 -0.00953057 0.99868 0.0504767 1.43363 0.111077 -0.0491093 0.992598 17.395 
0.994238 0.0150886 -0.106126 -77.6551 -0.0093474 0.998476 0.0543886 1.45812 0.106785 -0.0530832 0.992864 18.1696 
0.994621 0.0132203 -0.102737 -77.7408 -0.00775433 0.998542 0.0534222 1.48867 0.103293 -0.0523382 0.993273 18.9403 
0.994942 0.0128811 -0.0996181 -77.8203 -0.00764471 0.998577 0.0527688 1.51491 0.100156 -0.0517404 0.993626 19.7054 
0.995257 0.0114596 -0.0965996 -77.9031 -0.00614001 0.998457 0.0551866 1.54188 0.097083 -0.0543317 0.993792 20.4832 
0.995515 0.00923197 -0.09415 -77.9784 -0.00378559 0.998317 0.0578632 1.56911 0.0945258 -0.0572473 0.993875 21.2603 
0.995805 0.00609012 -0.0912975 -78.0533 -0.000649147 0.998228 0.0595077 1.60021 0.0914981 -0.0591988 0.994044 22.0335 
0.996049 0.00493806 -0.0886645 -78.1223 5.59692e-05 0.998418 0.0562343 1.62509 0.0888019 -0.0560171 0.994473 22.7927 
0.996188 0.00759622 -0.086903 -78.1958 -0.00333579 0.99879 0.0490657 1.65249 0.0871705 -0.0485887 0.995008 23.548 
0.99633 0.00735637 -0.0852769 -78.2642 -0.00381286 0.999125 0.0416416 1.67875 0.0855087 -0.0411636 0.995487 24.2947 
0.996429 0.00780997 -0.0840687 -78.3302 -0.00464461 0.999275 0.0377821 1.69881 0.0843028 -0.0372567 0.995743 25.05 
0.996587 0.00932416 -0.0820169 -78.3968 -0.00606664 0.999186 0.0398777 1.7131 0.0823219 -0.039244 0.995833 25.8014 
0.996753 0.0127053 -0.0795129 -78.4671 -0.00919433 0.998973 0.0443676 1.72755 0.0799949 -0.0434925 0.995846 26.5645 
0.996854 0.0160844 -0.0776081 -78.5309 -0.0122355 0.998683 0.0498174 1.74411 0.0783072 -0.0487111 0.995739 27.3169 
0.997072 0.0142357 -0.0751344 -78.5901 -0.0103445 0.998597 0.051928 1.76439 0.0757682 -0.0509987 0.99582 28.0722 
0.997202 0.0108466 -0.0739624 -78.6492 -0.0070125 0.998628 0.0519022 1.7922 0.0744238 -0.0512383 0.995909 28.8147 
0.997319 0.00797996 -0.0727448 -78.7123 -0.00420278 0.998642 0.0519296 1.82283 0.0730604 -0.0514847 0.995998 29.5639 
0.997393 0.00713599 -0.0718041 -78.7685 -0.00352839 0.998731 0.0502442 1.85179 0.0720715 -0.0498599 0.996152 30.3066 
0.997463 0.00489682 -0.0710236 -78.8232 -0.0014 0.998788 0.0492011 1.87719 0.0711785 -0.0489769 0.99626 31.0583 
0.99753 0.00396698 -0.0701353 -78.8875 -0.000483963 0.998769 0.0496088 1.90163 0.0702457 -0.0494523 0.996303 31.8006 
0.997565 0.00706781 -0.0693779 -78.95 -0.00353308 0.998695 0.0509401 1.92678 0.0696474 -0.050571 0.996289 32.5624 
0.997567 0.00635117 -0.0694188 -79.0094 -0.00285102 0.998725 0.0504041 1.94809 0.0696504 -0.0500836 0.996313 33.3308 
0.997454 0.00550446 -0.0711016 -79.0707 -0.00189642 0.998711 0.050713 1.96945 0.0712892 -0.050449 0.996179 34.1131 
0.997331 0.00284853 -0.072963 -79.1371 0.000911101 0.998676 0.0514428 1.99436 0.0730129 -0.051372 0.996007 34.8915 
0.997102 0.00422232 -0.0759546 -79.2111 -0.000288634 0.998661 0.0517265 2.01137 0.0760713 -0.0515547 0.995769 35.6698 
0.996878 0.00710007 -0.0786388 -79.2913 -0.00307104 0.998682 0.0512375 2.03986 0.0788989 -0.050836 0.995586 36.4501 
0.996677 0.00649189 -0.0812003 -79.3687 -0.00271578 0.998913 0.0465279 2.056 0.0814141 -0.0461527 0.995611 37.1776 
0.99643 0.0046509 -0.0842962 -79.4403 -0.00101024 0.999067 0.0431802 2.08577 0.0844184 -0.0429409 0.995505 37.8982 
0.99625 0.0030467 -0.0864709 -79.5118 0.000530848 0.999146 0.0413197 2.11192 0.086523 -0.0412107 0.995397 38.7248 
0.996051 0.00302524 -0.0887303 -79.5945 0.000748226 0.999098 0.0424633 2.14056 0.0887787 -0.042362 0.99515 39.5587 
0.995861 0.00118491 -0.0908786 -79.6755 0.00278697 0.999047 0.043566 2.16059 0.0908436 -0.043639 0.994909 40.3852 
0.995688 -0.000343973 -0.0927655 -79.7542 0.00454142 0.998975 0.0450406 2.19483 0.0926549 -0.0452677 0.994669 41.2225 
0.99557 -0.00104807 -0.094017 -79.8374 0.00565702 0.998794 0.0487694 2.2232 0.0938525 -0.0490852 0.994375 42.0696 
0.995492 -0.0011431 -0.0948345 -79.9262 0.00622833 0.998557 0.0533435 2.25512 0.0946367 -0.0536937 0.994063 42.9296 
0.99556 -0.00146748 -0.0941184 -80.0148 0.0067316 0.998428 0.0556377 2.2878 0.0938889 -0.0560243 0.994005 43.7897 
0.995734 0.000964108 -0.0922678 -80.1001 0.00421669 0.998425 0.0559382 2.32223 0.0921764 -0.0560886 0.994162 44.6532 
0.995907 0.000728867 -0.0903856 -80.1845 0.00425614 0.99848 0.0549476 2.35494 0.0902883 -0.0551074 0.99439 45.513 
0.996045 -0.00234112 -0.0888239 -80.2694 0.00707537 0.998568 0.0530219 2.38676 0.0885726 -0.0534406 0.994635 46.375 
0.996188 -0.00650451 -0.0869837 -80.3476 0.0110448 0.998595 0.0518182 2.41591 0.0865245 -0.0525814 0.994861 47.2492 
0.996312 -0.00857942 -0.0853757 -80.4207 0.0130308 0.998577 0.0517192 2.45001 0.0848104 -0.052641 0.995006 48.1304 
0.996333 -0.0114993 -0.084786 -80.4936 0.0161501 0.99839 0.0543726 2.48104 0.0840243 -0.0555425 0.994915 49.0088 
0.99637 -0.014464 -0.0838877 -80.5711 0.019279 0.998195 0.0568757 2.51635 0.0829137 -0.0582865 0.994851 49.8889 
0.996398 -0.0151962 -0.0834309 -80.6387 0.0200131 0.998162 0.0572059 2.5497 0.0824082 -0.0586695 0.99487 50.7679 
0.996515 -0.0142813 -0.0821828 -80.7213 0.018768 0.99836 0.0540836 2.58214 0.0812756 -0.0554376 0.995149 51.6419 
0.996608 -0.0120143 -0.0814152 -80.7986 0.0160293 0.998678 0.0488427 2.60082 0.0807207 -0.049982 0.995483 52.5052 
0.996728 -0.0108887 -0.0800926 -80.8797 0.014428 0.998938 0.0437459 2.62439 0.0795312 -0.0447584 0.995827 53.364 
0.996835 -0.00667172 -0.0792233 -80.9586 0.00972462 0.999222 0.0382124 2.64446 0.0789068 -0.0388618 0.996124 54.2212 
0.996927 -0.00666392 -0.07805 -81.0316 0.00961966 0.999248 0.0375553 2.66362 0.077741 -0.0381907 0.996242 55.0739 
0.996906 -0.0100022 -0.0779645 -81.1052 0.0134368 0.998956 0.0436537 2.68773 0.0774465 -0.0445662 0.996 55.9163 
0.996833 -0.0107489 -0.0787996 -81.1761 0.0149552 0.998483 0.0529859 2.70833 0.0781106 -0.0539966 0.995481 56.7769 
0.996668 -0.0124282 -0.080611 -81.2387 0.0173766 0.997988 0.0609771 2.72921 0.0796909 -0.0621747 0.994879 57.6286 
0.996479 -0.0138685 -0.0826855 -81.3178 0.0187195 0.99813 0.0581844 2.76975 0.081724 -0.0595274 0.994876 58.4955 
0.99626 -0.0193632 -0.0842065 -81.3894 0.0240251 0.998213 0.0547065 2.80101 0.0829968 -0.0565249 0.994945 59.3271 
0.995981 -0.0217062 -0.0868929 -81.4653 0.0263513 0.998264 0.0526718 2.83748 0.0855988 -0.0547499 0.994824 60.1642 
0.995807 -0.0188356 -0.0895164 -81.5506 0.0233602 0.998487 0.0497697 2.8692 0.0884435 -0.0516521 0.994741 60.9918 
0.99552 -0.0174307 -0.0929291 -81.6379 0.0218561 0.998664 0.0468179 2.88986 0.0919889 -0.0486392 0.994571 61.8144 
0.995198 -0.0164227 -0.096496 -81.7286 0.0206804 0.998849 0.043289 2.91828 0.095674 -0.0450767 0.994392 62.632 
0.994971 -0.0139969 -0.0991781 -81.8246 0.0179787 0.999063 0.0393683 2.93743 0.0985342 -0.0409535 0.994291 63.4374 
0.994697 -0.0102515 -0.102335 -81.924 0.0143413 0.999124 0.0393089 2.95525 0.101843 -0.0405681 0.993973 64.2516 
0.994303 -0.0079882 -0.106287 -82.0196 0.0124106 0.999082 0.041012 2.97512 0.105862 -0.0420974 0.993489 65.0557 
0.99387 -0.00532918 -0.110431 -82.1113 0.0105657 0.998844 0.046888 2.99314 0.110053 -0.0477673 0.992777 65.8384 
0.993381 -0.00487542 -0.114764 -82.2139 0.0109313 0.998577 0.0521981 3.01021 0.114346 -0.0531071 0.99202 66.6173 
0.99282 -0.00394581 -0.119554 -82.3163 0.0106522 0.998401 0.0555075 3.04158 0.119144 -0.0563825 0.991275 67.4142 
0.992 -0.00478341 -0.126144 -82.4196 0.0120031 0.998328 0.0565355 3.06927 0.125663 -0.0575973 0.9904 68.2082 
0.991189 -0.00749411 -0.132245 -82.5257 0.0155785 0.998065 0.0602039 3.09836 0.131538 -0.0617336 0.989387 68.9995 
0.990296 -0.00701557 -0.138797 -82.6373 0.0154611 0.998087 0.0598642 3.12616 0.138111 -0.0614292 0.98851 69.7819 
0.989444 -0.00241421 -0.144897 -82.7616 0.0110744 0.998197 0.058991 3.15534 0.144493 -0.0599729 0.987687 70.5539 
0.988564 -0.000399259 -0.150801 -82.8908 0.00881156 0.998441 0.0551202 3.18517 0.150544 -0.0558186 0.987026 71.3172 
0.98762 -0.00196531 -0.156855 -83.0156 0.0102732 0.998585 0.0521722 3.21341 0.156531 -0.0531377 0.986243 72.0899 
0.986766 -0.000834661 -0.162148 -83.1499 0.00920144 0.998664 0.0508555 3.23941 0.161889 -0.0516745 0.985455 72.8564 
0.985976 0.000833521 -0.166886 -83.2911 0.00860188 0.998405 0.0558073 3.27051 0.166666 -0.0564602 0.984396 73.6292 
0.984919 0.00152643 -0.173011 -83.4374 0.00896691 0.998167 0.0598534 3.3015 0.172785 -0.0605021 0.9831 74.3931 
0.983807 0.000929978 -0.179228 -83.5804 0.0103513 0.998023 0.0619983 3.32693 0.178931 -0.0628496 0.981852 75.1497 
0.98251 -0.00179774 -0.186199 -83.7278 0.012792 0.998243 0.0578612 3.36121 0.185768 -0.0592311 0.980807 75.8861 
0.980922 -0.00315079 -0.194376 -83.8806 0.0132116 0.998637 0.0504849 3.39564 0.193952 -0.0520898 0.979627 76.6193 
0.979099 -0.00543008 -0.203312 -84.0413 0.015591 0.998706 0.0484088 3.42544 0.202786 -0.0505669 0.977917 77.3592 
0.9768 -0.00575966 -0.214078 -84.2114 0.0170937 0.998546 0.0511299 3.44893 0.213473 -0.0536031 0.975477 78.0976 
0.974323 -0.00573493 -0.225082 -84.392 0.0190363 0.998194 0.0569701 3.47927 0.224349 -0.059792 0.972673 78.8323 
0.971479 -0.00408502 -0.237091 -84.581 0.019901 0.997729 0.0643536 3.51059 0.236289 -0.0672365 0.969354 79.5522 
0.9687 -0.00329003 -0.248213 -84.7791 0.0205929 0.997531 0.0671456 3.54838 0.247379 -0.0701553 0.966376 80.2762 
0.965786 -0.000206604 -0.25934 -84.9899 0.0169495 0.997912 0.062325 3.57527 0.258786 -0.0645883 0.963773 80.9798 
0.962569 -0.00114422 -0.271033 -85.2028 0.0160543 0.998476 0.0528014 3.60404 0.270559 -0.0551763 0.961121 81.6803 
0.959027 -0.00394965 -0.283287 -85.4187 0.0180984 0.998715 0.0473454 3.6379 0.282736 -0.0505325 0.957866 82.3778 
0.955344 -0.00548081 -0.295445 -85.6465 0.0216266 0.998443 0.0514092 3.67346 0.294703 -0.0555029 0.953976 83.0903 
0.951995 -0.0042326 -0.306085 -85.9008 0.0232051 0.998025 0.0583722 3.69899 0.305234 -0.0626728 0.950213 83.7981 
0.948214 -0.0040777 -0.317605 -86.1563 0.0255197 0.997663 0.0633806 3.72599 0.316604 -0.0682036 0.946103 84.5063 
0.944066 -0.00669526 -0.329687 -86.4163 0.028344 0.997741 0.0609016 3.75856 0.328535 -0.0668398 0.942124 85.2075 
0.940043 -0.00866173 -0.340946 -86.6784 0.0294835 0.997999 0.0559365 3.78764 0.339779 -0.062635 0.938417 85.9087 
0.936747 -0.0125498 -0.349782 -86.9443 0.031608 0.998307 0.0488309 3.81154 0.348577 -0.0567982 0.935558 86.5997 
0.933867 -0.0164994 -0.357238 -87.219 0.0339943 0.998507 0.0427484 3.83665 0.356 -0.0520654 0.933034 87.2949 
0.931137 -0.0167229 -0.364286 -87.5057 0.033801 0.998605 0.0405557 3.86037 0.363099 -0.0500761 0.930404 88.004 
0.928193 -0.0113939 -0.371925 -87.8029 0.0284159 0.998783 0.0403184 3.87901 0.371013 -0.0479918 0.927387 88.6994 
0.924969 -0.0112641 -0.379877 -88.0987 0.0295904 0.998661 0.042438 3.89638 0.37889 -0.0504945 0.924063 89.3991 
0.921638 -0.010498 -0.387909 -88.4008 0.0319064 0.998299 0.0487897 3.92168 0.386737 -0.0573432 0.920405 90.0977 
0.918675 -0.00910265 -0.394909 -88.7064 0.0343196 0.997793 0.0568385 3.94774 0.39352 -0.0657692 0.91696 90.8071 
0.916105 0.00026553 -0.400937 -89.0305 0.027577 0.99759 0.0636717 3.96991 0.399988 -0.0693867 0.91389 91.507 
0.913726 0.00695346 -0.406272 -89.3635 0.0194075 0.997966 0.060729 3.99528 0.405867 -0.0633744 0.911732 92.1889 
0.911294 0.00302629 -0.411745 -89.6829 0.0206451 0.998379 0.0530309 4.02133 0.411238 -0.0568273 0.909755 92.8754 
0.909044 -0.00527838 -0.416666 -89.9947 0.0266638 0.998607 0.0455222 4.05079 0.415846 -0.0524916 0.907919 93.5633 
0.907353 -0.00387775 -0.420351 -90.3237 0.0250165 0.998683 0.0447867 4.08008 0.419624 -0.051153 0.906255 94.251 
0.905276 0.00231007 -0.424818 -90.6721 0.0208706 0.998536 0.0499047 4.1025 0.424311 -0.0540437 0.903902 94.9415 
0.902786 0.00470188 -0.430063 -91.0188 0.0206023 0.99832 0.0541628 4.12588 0.429595 -0.0577577 0.901172 95.6373 
0.9004 0.000668523 -0.435062 -91.3593 0.0245736 0.998324 0.0523913 4.14291 0.434368 -0.0578642 0.898875 96.328 
0.898088 -0.00111569 -0.439815 -91.7023 0.0237627 0.998659 0.0459893 4.165 0.439174 -0.0517536 0.89691 97.0112 
0.895716 -0.00359642 -0.444612 -92.032 0.0234905 0.998954 0.0392435 4.19288 0.444006 -0.0455952 0.894863 97.6893 
0.893323 -0.00291458 -0.449406 -92.3844 0.0223375 0.999031 0.0379231 4.21211 0.44886 -0.0439161 0.892522 98.3812 
0.891305 -0.000330116 -0.453405 -92.7474 0.021807 0.998874 0.0421409 4.23276 0.45288 -0.0474478 0.890308 99.0673 
0.889276 0.00140189 -0.457369 -93.1071 0.0213287 0.99878 0.0445314 4.24555 0.456873 -0.0493558 0.888162 99.7343 
0.886844 0.00214773 -0.462064 -93.4695 0.0211519 0.998752 0.0452394 4.26046 0.461585 -0.0498938 0.885692 100.418 
0.884391 0.00034555 -0.466747 -93.8207 0.022963 0.998757 0.0442496 4.28334 0.466182 -0.0498518 0.883283 101.096 
0.882077 -0.00171636 -0.471103 -94.1757 0.0252297 0.99873 0.0436006 4.30158 0.47043 -0.0503448 0.881 101.766 
0.879844 -0.00214859 -0.475257 -94.5418 0.0262943 0.998678 0.0441637 4.31838 0.474534 -0.0513537 0.878738 102.435 
0.877407 -0.000977233 -0.479746 -94.9064 0.0254618 0.998683 0.0445327 4.34085 0.479071 -0.0512885 0.876277 103.1 
0.875191 -0.000312558 -0.483778 -95.2848 0.0249694 0.998696 0.0445263 4.3575 0.483133 -0.0510487 0.874057 103.76 
0.872733 -0.00323109 -0.488188 -95.6514 0.0263665 0.998831 0.0405245 4.36795 0.487486 -0.0482389 0.871797 104.411 
0.87031 -0.00659783 -0.49246 -96.0179 0.0280683 0.99895 0.0362207 4.37488 0.491704 -0.0453458 0.869581 105.055 
0.868111 -0.0087675 -0.496293 -96.3892 0.0293922 0.998998 0.0337642 4.38696 0.4955 -0.0438982 0.867498 105.701 
0.866053 -0.00734331 -0.499898 -96.7637 0.0301349 0.998841 0.0375349 4.40125 0.499043 -0.0475716 0.86527 106.343 
0.864115 -0.00335059 -0.503283 -97.1394 0.0308517 0.99845 0.0463238 4.4147 0.502348 -0.0555563 0.862879 106.977 
0.862352 -0.00166011 -0.506306 -97.5077 0.0348121 0.997823 0.0560211 4.42495 0.50511 -0.0659355 0.860532 107.609 
0.860753 -0.00260534 -0.509015 -97.882 0.0391362 0.997366 0.0610751 4.43488 0.507515 -0.0724916 0.858588 108.226 
0.858956 -0.00590814 -0.512015 -98.2354 0.0428835 0.997251 0.060434 4.45893 0.510251 -0.0738672 0.856848 108.82 
0.85704 -0.00791879 -0.515189 -98.5819 0.0435449 0.997418 0.057108 4.47553 0.513406 -0.0713777 0.855172 109.4 
0.855324 -0.0101941 -0.517994 -98.9275 0.0448063 0.997516 0.0543543 4.49659 0.516153 -0.0696999 0.853656 109.964 
0.853868 -0.0118428 -0.520356 -99.2649 0.0465712 0.99747 0.0537186 4.50427 0.518403 -0.0701022 0.852258 110.503 
0.852211 -0.0133986 -0.523027 -99.5874 0.0485931 0.997378 0.0536266 4.51644 0.520937 -0.0711167 0.850627 111.05 
0.850643 -0.0131349 -0.52558 -99.9084 0.0493466 0.997269 0.0549437 4.52584 0.523423 -0.0726731 0.848968 111.567 
0.849315 -0.0143796 -0.52769 -100.226 0.0513306 0.997141 0.0554443 4.56424 0.525385 -0.0741763 0.847625 112.065 
0.847923 -0.0159247 -0.529881 -100.531 0.0538984 0.996959 0.0562872 4.57372 0.527373 -0.0762869 0.846202 112.537 
0.846484 -0.0177229 -0.532118 -100.823 0.0565469 0.996786 0.0567545 4.5853 0.529402 -0.0781315 0.844766 112.996 
0.845468 -0.0187624 -0.533696 -101.104 0.0575765 0.99676 0.0561696 4.59309 0.530913 -0.078218 0.843809 113.423 
0.844146 -0.0189274 -0.535779 -101.374 0.0559268 0.997033 0.0528934 4.60347 0.533188 -0.0746141 0.8427 113.837 
0.842397 -0.021297 -0.538436 -101.628 0.0565505 0.997195 0.0490323 4.61101 0.535882 -0.0717535 0.841238 114.241 
0.840048 -0.0251133 -0.54193 -101.877 0.0600225 0.997098 0.0468352 4.62261 0.539181 -0.0718719 0.839117 114.625 
0.837327 -0.0291423 -0.545925 -102.118 0.0655736 0.996723 0.0473688 4.6302 0.542755 -0.0754614 0.836494 114.991 
0.833809 -0.0281832 -0.551333 -102.351 0.0658781 0.996639 0.0486843 4.63955 0.548108 -0.0769141 0.832864 115.34 
0.830141 -0.0245432 -0.557013 -102.581 0.0631719 0.996738 0.0502294 4.64807 0.553963 -0.076885 0.828983 115.662 
0.826732 -0.0188096 -0.562281 -102.809 0.0596676 0.996736 0.0543874 4.65871 0.559422 -0.0785137 0.825156 115.968 
0.822821 -0.0135401 -0.568139 -103.023 0.0585517 0.996416 0.0610519 4.66787 0.565276 -0.0835003 0.820664 116.261 
0.818256 -0.0117434 -0.574734 -103.228 0.0597506 0.996113 0.0647142 4.6775 0.57174 -0.0872935 0.815777 116.534 
0.812914 -0.0144663 -0.582204 -103.419 0.0644894 0.995779 0.065302 4.68916 0.578802 -0.0906309 0.810416 116.791 
0.805906 -0.01632 -0.591818 -103.597 0.0682895 0.99551 0.0655408 4.69887 0.588092 -0.0932347 0.803402 117.028 
0.797256 -0.0177554 -0.60338 -103.776 0.0720115 0.995227 0.065864 4.70722 0.59933 -0.0959608 0.79473 117.246 
0.787349 -0.017076 -0.616271 -103.957 0.0729797 0.995169 0.0656642 4.71448 0.612173 -0.0966759 0.784792 117.444 
0.77543 -0.0154605 -0.631245 -104.132 0.0721871 0.995316 0.0642983 4.7176 0.627294 -0.0954266 0.772914 117.623 
0.761574 -0.0166506 -0.647864 -104.299 0.0731415 0.995491 0.060394 4.72003 0.643937 -0.0933802 0.759358 117.791 
0.74685 -0.0189169 -0.664724 -104.461 0.0732533 0.995852 0.0539634 4.72164 0.660946 -0.0889958 0.745138 117.945 
0.732083 -0.02239 -0.680848 -104.619 0.0742963 0.996122 0.0471293 4.72601 0.677152 -0.085087 0.730907 118.085 
0.717004 -0.022266 -0.696713 -104.778 0.0715118 0.996566 0.0417457 4.73098 0.693391 -0.079755 0.716134 118.213 
0.701452 -0.0186479 -0.712472 -104.944 0.0652756 0.997137 0.0381674 4.73589 0.709721 -0.0732797 0.700661 118.337 
0.684348 -0.0168281 -0.728962 -105.112 0.0635705 0.997304 0.036657 4.74165 0.726379 -0.0714266 0.683572 118.462 
0.665805 -0.0180305 -0.745908 -105.279 0.0672766 0.997086 0.0359497 4.74848 0.743086 -0.0741176 0.665078 118.59 
0.645825 -0.0190359 -0.763248 -105.448 0.0713173 0.996822 0.035484 4.75427 0.760147 -0.0773492 0.645131 118.712 
0.623769 -0.0173008 -0.781417 -105.624 0.0724601 0.99673 0.0357738 4.75762 0.778242 -0.0789361 0.622983 118.824 
0.599802 -0.0129482 -0.800044 -105.808 0.0700237 0.996882 0.0363636 4.76391 0.797079 -0.077833 0.598838 118.928 
0.575293 -0.00875007 -0.8179 -105.993 0.0687401 0.996923 0.037685 4.76728 0.815054 -0.0779025 0.574124 119.027 
0.550039 -0.00596476 -0.835118 -106.182 0.0680544 0.996969 0.0377023 4.77048 0.832362 -0.0775712 0.548778 119.119 
0.523973 -0.0030685 -0.85173 -106.372 0.0660802 0.997126 0.0370594 4.77315 0.849168 -0.0757006 0.522669 119.204 
0.497257 0.00136571 -0.867602 -106.565 0.0628536 0.997314 0.0375938 4.77136 0.865324 -0.0732257 0.495836 119.281 
0.469951 0.00503902 -0.882678 -106.757 0.0610511 0.997403 0.0381984 4.76296 0.880579 -0.0718399 0.468423 119.345 
0.440438 0.00479556 -0.89777 -106.952 0.0628602 0.997367 0.0361663 4.75738 0.895579 -0.072363 0.438977 119.412 
0.408188 0.00190367 -0.912896 -107.156 0.0635167 0.997515 0.0304807 4.7552 0.910686 -0.070426 0.407053 119.476 
0.373896 -0.00185548 -0.927469 -107.376 0.0645672 0.997624 0.0240336 4.75034 0.92522 -0.0688701 0.373128 119.532 
0.334914 -0.00361943 -0.942242 -107.614 0.0654346 0.997668 0.019426 4.74714 0.939974 -0.0681613 0.334369 119.586 
0.293814 -0.003926 -0.955854 -107.869 0.0661692 0.997676 0.0162416 4.74101 0.953569 -0.0680201 0.293391 119.629 
0.250658 -0.00531439 -0.968061 -108.148 0.0664959 0.997718 0.0117404 4.74004 0.965789 -0.0673149 0.250439 119.662 
0.203848 -0.00744405 -0.978974 -108.442 0.0674961 0.997699 0.00646801 4.73688 0.976673 -0.0673954 0.203881 119.687 
0.154933 -0.00922242 -0.987882 -108.753 0.068292 0.997664 0.00139676 4.73567 0.985562 -0.0676808 0.155201 119.7 
0.104073 -0.00991574 -0.99452 -109.085 0.068502 0.997647 -0.00277842 4.74116 0.992208 -0.0678374 0.104508 119.707 
0.0515035 -0.00872035 -0.998635 -109.43 0.0688025 0.997617 -0.00516305 4.74213 0.9963 -0.0684426 0.0519808 119.694 
-0.00237517 -0.00666653 -0.999975 -109.789 0.0709697 0.997455 -0.0068183 4.74288 0.997476 -0.0709841 -0.001896 119.668 
-0.056541 -0.00501118 -0.998388 -110.157 0.0728466 0.997301 -0.0091312 4.74231 0.995739 -0.0732455 -0.0560234 119.62 
-0.110067 -0.00398205 -0.993916 -110.523 0.0744931 0.997146 -0.0122444 4.74307 0.991129 -0.0753876 -0.109456 119.546 
-0.16333 -0.00278419 -0.986568 -110.906 0.0747625 0.997086 -0.0151911 4.74118 0.983735 -0.0762394 -0.162646 119.452 
-0.215677 -0.000727805 -0.976464 -111.325 0.075413 0.997001 -0.0174 4.72579 0.973548 -0.0773909 -0.214976 119.341 
-0.265642 0.000325416 -0.964072 -111.746 0.0762104 0.996878 -0.0206627 4.71919 0.961055 -0.0789612 -0.264838 119.201 
-0.31418 0.00187037 -0.949362 -112.173 0.0787318 0.996605 -0.0240919 4.70712 0.946093 -0.0823141 -0.31326 119.035 
-0.361387 0.00335389 -0.93241 -112.619 0.0811035 0.996316 -0.0278507 4.69245 0.928882 -0.0856866 -0.360328 118.846 
-0.405502 0.00530068 -0.914079 -113.047 0.083116 0.996055 -0.0310958 4.67701 0.910307 -0.088584 -0.404343 118.626 
-0.446668 0.00816987 -0.894662 -113.461 0.0857172 0.995749 -0.0337021 4.64991 0.890584 -0.0917417 -0.44547 118.366 
-0.48501 0.0084179 -0.874468 -113.897 0.08418 0.99576 -0.0371037 4.63603 0.870447 -0.0916084 -0.483662 118.086 
-0.518445 0.00909865 -0.855062 -114.336 0.0828011 0.995779 -0.0396083 4.61089 0.851093 -0.0913349 -0.51701 117.784 
-0.546348 0.00912714 -0.837508 -114.791 0.0807145 0.99586 -0.0418012 4.57982 0.83366 -0.0904371 -0.544823 117.455 
-0.569003 0.00815123 -0.822295 -115.26 0.077804 0.995999 -0.0439648 4.55074 0.818647 -0.088994 -0.56736 117.111 
