1 0 0 0 0 1 0 0 0 0 1 0 
0.999979 0.00033433 -0.00654384 -0.00588587 -0.000330596 1 0.000571691 -0.00288046 0.00654403 -0.000569516 0.999978 0.0943009 
0.999907 0.00078764 -0.0136399 -0.0131813 -0.000779338 1 0.000613976 -0.00393283 0.0136404 -0.000603288 0.999907 0.193249 
0.999775 0.0009382 -0.0212062 -0.0227806 -0.000938573 1 -7.62758e-06 -0.00443136 0.0212062 2.75294e-05 0.999775 0.295279 
0.999534 0.00129951 -0.0305005 -0.0348824 -0.00133761 0.999998 -0.00122869 -0.00561036 0.0304989 0.00126892 0.999534 0.402797 
0.999115 0.00126514 -0.0420532 -0.049149 -0.00137768 0.999996 -0.0026471 -0.00635286 0.0420497 0.00270269 0.999112 0.520563 
0.998449 0.00112991 -0.0556635 -0.0690475 -0.00131895 0.999993 -0.00335941 -0.00790968 0.0556593 0.00342761 0.998444 0.648871 
0.99741 0.00107399 -0.071913 -0.0946046 -0.0013075 0.999994 -0.00320012 -0.00886579 0.0719091 0.00328586 0.997406 0.789641 
0.995892 -0.000522945 -0.0905481 -0.123987 0.000246772 0.999995 -0.00306118 -0.0106 0.0905493 0.00302626 0.995887 0.941988 
0.993862 -0.00180622 -0.110611 -0.155671 0.00147713 0.999994 -0.00305704 -0.0128348 0.110615 0.00287489 0.993859 1.10706 
0.991135 -0.00190896 -0.132846 -0.197965 0.00148507 0.999993 -0.00328984 -0.0147762 0.132851 0.00306339 0.991131 1.27691 
0.987612 0.00146814 -0.156907 -0.254409 -0.00221062 0.999987 -0.00455754 -0.018823 0.156899 0.00484794 0.987603 1.44722 
0.98322 0.00553223 -0.18234 -0.316877 -0.00671869 0.99996 -0.00588973 -0.0249002 0.1823 0.00701599 0.983218 1.62167 
0.977812 0.00819437 -0.209323 -0.385933 -0.00981609 0.999929 -0.00670971 -0.0308423 0.209254 0.00861557 0.977823 1.80121 
0.971084 0.00875854 -0.238579 -0.462626 -0.010667 0.999921 -0.0067093 -0.0345134 0.238501 0.00906022 0.9711 1.98604 
0.963074 0.0104982 -0.269033 -0.55363 -0.0126214 0.999901 -0.00616347 -0.0359028 0.268941 0.00933145 0.963111 2.17265 
0.953601 0.0121495 -0.300828 -0.650498 -0.0143361 0.999884 -0.00506208 -0.0388009 0.300732 0.0091399 0.953665 2.36244 
0.942341 0.0138781 -0.334365 -0.756086 -0.0161187 0.999862 -0.00392716 -0.0404146 0.334265 0.00909025 0.942435 2.55439 
0.929812 0.0160705 -0.367684 -0.866054 -0.0186712 0.999819 -0.00351694 -0.0432547 0.367562 0.0101352 0.929944 2.73994 
0.915934 0.0186107 -0.400897 -0.98635 -0.0215486 0.999764 -0.00282067 -0.0443214 0.40075 0.0112223 0.916119 2.92226 
0.899859 0.0191281 -0.435762 -1.11119 -0.0222611 0.99975 -0.00208496 -0.0464766 0.435613 0.0115767 0.90006 3.10572 
0.881361 0.0147173 -0.472214 -1.23896 -0.0181366 0.999832 -0.00268955 -0.0499946 0.472095 0.0109348 0.88148 3.29153 
0.860068 0.00985908 -0.510083 -1.37612 -0.0131352 0.99991 -0.002821 -0.0569202 0.51001 0.00912628 0.86012 3.47182 
0.834972 0.0116195 -0.55017 -1.53571 -0.0134762 0.999909 0.000665638 -0.0648565 0.550128 0.0068584 0.835052 3.65075 
0.805827 0.0172743 -0.591899 -1.72013 -0.0179777 0.999827 0.00470423 -0.0722775 0.591878 0.00685018 0.805998 3.82143 
0.77308 0.0200769 -0.633991 -1.9162 -0.0205412 0.999767 0.00661236 -0.0764874 0.633976 0.00791107 0.773312 3.98973 
0.736873 0.019049 -0.675763 -2.12306 -0.0191175 0.99979 0.00733672 -0.0791902 0.675761 0.00751265 0.737083 4.15643 
0.697061 0.0146301 -0.716862 -2.34415 -0.0124969 0.999888 0.00825452 -0.0793122 0.716903 0.00320464 0.697166 4.32473 
0.654315 0.0109745 -0.756142 -2.58304 -0.00691765 0.99994 0.00852679 -0.0779247 0.75619 -0.000348482 0.654352 4.48716 
0.609565 0.0103355 -0.792669 -2.84655 -0.00366374 0.999941 0.0102207 -0.0775743 0.792728 -0.00332606 0.609567 4.63879 
0.561521 0.0108759 -0.827391 -3.12965 -0.000961444 0.999922 0.0124912 -0.0742298 0.827462 -0.00621861 0.561487 4.78234 
0.510486 0.0115427 -0.859809 -3.43079 0.000817592 0.999903 0.0139088 -0.0702533 0.859886 -0.00780322 0.510427 4.91139 
0.457941 0.0129583 -0.888888 -3.74993 0.0019314 0.999877 0.0155714 -0.0644664 0.88898 -0.00884757 0.45786 5.02095 
0.403526 0.0150028 -0.914845 -4.08694 0.00333195 0.999835 0.0178663 -0.0585818 0.914962 -0.0102577 0.403409 5.11913 
0.348201 0.0167587 -0.93727 -4.44325 0.00426627 0.999801 0.0194617 -0.0527651 0.93741 -0.0107752 0.34806 5.20352 
0.293163 0.019844 -0.955857 -4.82694 0.00673249 0.999717 0.0228194 -0.0493352 0.956039 -0.0131251 0.292946 5.28117 
0.239402 0.0216547 -0.970679 -5.22631 0.0111087 0.999625 0.0250402 -0.044022 0.970857 -0.0167777 0.239071 5.34735 
0.188512 0.0222952 -0.981818 -5.64141 0.0132502 0.999594 0.0252429 -0.0408141 0.981981 -0.0177678 0.18814 5.39445 
0.140766 0.0234277 -0.989766 -6.06705 0.0112893 0.999617 0.0252665 -0.0344426 0.989978 -0.0147305 0.140448 5.41754 
0.0981267 0.0237205 -0.994891 -6.50806 0.00972393 0.999645 0.0247929 -0.0255381 0.995126 -0.0121071 0.0978613 5.42498 
0.0601078 0.0224859 -0.997939 -6.95537 0.00836507 0.9997 0.0230294 -0.016266 0.998157 -0.00973207 0.0599016 5.41998 
0.0256688 0.0200926 -0.999469 -7.42128 0.00952107 0.999748 0.0203427 -0.0120385 0.999625 -0.0100382 0.025471 5.40674 
-0.00577524 0.0177127 -0.999826 -7.89945 0.0102685 0.999791 0.0176528 -0.0126651 0.999931 -0.0101647 -0.00595592 5.38253 
-0.0321968 0.0161627 -0.999351 -8.39392 0.00964356 0.999828 0.0158597 -0.0108684 0.999435 -0.00912666 -0.0323471 5.34485 
-0.0526709 0.0141291 -0.998512 -8.89268 0.00914993 0.999865 0.0136656 -0.00875807 0.99857 -0.00841653 -0.052793 5.29675 
-0.0695385 0.0137121 -0.997485 -9.4309 0.0111971 0.999853 0.0129641 -0.00216041 0.997516 -0.0102674 -0.0696818 5.25432 
-0.0827316 0.0145828 -0.996465 -9.97125 0.0125609 0.999829 0.0135892 -0.00257271 0.996493 -0.0113923 -0.0829006 5.20206 
-0.0927313 0.0162577 -0.995558 -10.5208 0.0123485 0.999809 0.015177 -0.00796266 0.995615 -0.0108863 -0.0929143 5.14458 
-0.100018 0.0179963 -0.994823 -11.0926 0.0116934 0.999789 0.0169105 -0.011324 0.994917 -0.00994149 -0.100208 5.08425 
-0.1046 0.0193249 -0.994327 -11.679 0.0120872 0.999762 0.018159 -0.00879188 0.994441 -0.0101192 -0.104808 5.0189 
-0.106022 0.0202184 -0.994158 -12.2901 0.0145351 0.999718 0.0187814 0.000305651 0.994258 -0.0124589 -0.106286 4.95663 
-0.105255 0.0227367 -0.994185 -12.9102 0.0170662 0.999633 0.0210544 0.00410744 0.994299 -0.0147509 -0.105605 4.89333 
-0.103917 0.0255343 -0.994258 -13.5528 0.0166822 0.999575 0.0239273 0.00711751 0.994446 -0.0141 -0.104299 4.82722 
-0.102341 0.025821 -0.994414 -14.2053 0.0149282 0.99959 0.0244191 0.00985237 0.994637 -0.0123458 -0.102685 4.75634 
-0.100628 0.0234364 -0.994648 -14.8701 0.0130793 0.999667 0.0222315 0.0168054 0.994838 -0.0107722 -0.100901 4.68434 
-0.0993859 0.0235484 -0.99477 -15.5525 0.0131886 0.999663 0.0223466 0.028382 0.994962 -0.0108987 -0.099663 4.61342 
-0.0978322 0.0265346 -0.994849 -16.2558 0.0140546 0.999582 0.0252787 0.0407513 0.995104 -0.0115092 -0.0981642 4.54432 
-0.0960163 0.0303666 -0.994916 -16.9743 0.0134047 0.999483 0.0292123 0.0505569 0.995289 -0.0105317 -0.0963737 4.47268 
-0.0942762 0.032822 -0.995005 -17.703 0.0134764 0.999407 0.0316903 0.0586359 0.995455 -0.0104214 -0.0946626 4.39864 
-0.092253 0.03246 -0.995206 -18.4384 0.0114451 0.999437 0.031537 0.0687337 0.99567 -0.00848085 -0.0925726 4.32452 
-0.0905648 0.0292818 -0.99546 -19.1993 0.00959924 0.999547 0.0285287 0.087862 0.995844 -0.00697197 -0.0908048 4.24809 
-0.089183 0.0288181 -0.995598 -19.9765 0.00915284 0.999563 0.0281129 0.101651 0.995973 -0.00660535 -0.0894078 4.17743 
-0.0876896 0.0312727 -0.995657 -20.7606 0.0119154 0.999469 0.030343 0.116473 0.996077 -0.00920285 -0.0880156 4.10775 
-0.0867163 0.0335438 -0.995668 -21.5598 0.0145595 0.999369 0.0324004 0.129697 0.996127 -0.0116868 -0.0871499 4.04129 
-0.0854569 0.0354426 -0.995711 -22.3633 0.0159332 0.999288 0.0342024 0.143591 0.996214 -0.012942 -0.0859608 3.96787 
-0.0849417 0.031067 -0.995901 -23.1638 0.0164502 0.999421 0.0297737 0.154903 0.99625 -0.0138538 -0.0854036 3.89652 
-0.0846868 0.0243795 -0.996109 -23.9753 0.0182341 0.999571 0.022914 0.161482 0.996241 -0.0162226 -0.085095 3.82799 
-0.0847986 0.0200469 -0.996196 -24.7969 0.0216937 0.999598 0.0182687 0.171326 0.996162 -0.0200621 -0.0851994 3.75991 
-0.0853743 0.0210968 -0.996126 -25.6283 0.0230581 0.99955 0.0191931 0.179052 0.996082 -0.0213302 -0.0858223 3.69021 
-0.0855604 0.0288252 -0.995916 -26.4668 0.023197 0.999368 0.0269322 0.184659 0.996063 -0.020798 -0.086175 3.61271 
-0.0857491 0.0360822 -0.995663 -27.3086 0.0219844 0.999169 0.0343159 0.198009 0.996074 -0.0189465 -0.0864711 3.53005 
-0.0858409 0.0415329 -0.995443 -28.159 0.0196942 0.999006 0.0399832 0.209927 0.996114 -0.0161723 -0.0865735 3.4489 
-0.086244 0.0418131 -0.995396 -29.0001 0.0181699 0.999019 0.040391 0.227011 0.996108 -0.0146027 -0.0869192 3.36791 
-0.0867099 0.0383896 -0.995494 -29.8369 0.0185933 0.999146 0.0369109 0.244454 0.99606 -0.015309 -0.0873496 3.29243 
-0.0871563 0.0358369 -0.99555 -30.6772 0.0186336 0.999237 0.0343383 0.263407 0.99602 -0.0155579 -0.0877575 3.21427 
-0.0872962 0.0368656 -0.9955 -31.5248 0.0176674 0.999215 0.0354539 0.286039 0.996026 -0.0144929 -0.087879 3.13051 
-0.0872817 0.0392775 -0.995409 -32.3674 0.0174586 0.999129 0.0378934 0.29648 0.996031 -0.0140711 -0.0878914 3.05175 
-0.0872771 0.0376241 -0.995473 -33.2007 0.0173201 0.999193 0.0362461 0.309945 0.996033 -0.0140782 -0.0878583 2.97254 
-0.0869847 0.0325831 -0.995677 -34.0296 0.0172141 0.999365 0.0312 0.323537 0.996061 -0.0144257 -0.0874904 2.89488 
-0.08677 0.028205 -0.995829 -34.8562 0.0164452 0.999503 0.0268761 0.345204 0.996093 -0.0140446 -0.0871908 2.81071 
-0.0863057 0.0288917 -0.99585 -35.6931 0.0176406 0.999467 0.0274678 0.360332 0.996113 -0.0151967 -0.0867694 2.73247 
-0.0858054 0.0316635 -0.995809 -36.5286 0.0189686 0.999366 0.0301421 0.365031 0.996131 -0.0163028 -0.0863516 2.65616 
-0.085329 0.0367531 -0.995675 -37.3717 0.0196627 0.999187 0.0351977 0.380442 0.996159 -0.0165743 -0.0859823 2.57659 
-0.0848062 0.0425666 -0.995488 -38.2078 0.0207341 0.998946 0.0409481 0.396188 0.996182 -0.0171679 -0.0855994 2.50182 
-0.0849424 0.0460378 -0.995322 -39.0407 0.0205691 0.9988 0.0444433 0.408024 0.996174 -0.0166978 -0.0857875 2.42408 
-0.0845114 0.0462725 -0.995348 -39.866 0.0213818 0.998775 0.0446164 0.427951 0.996193 -0.0175117 -0.0853973 2.34703 
-0.0845059 0.0421223 -0.995532 -40.689 0.0220512 0.99894 0.0403947 0.449428 0.996179 -0.0185391 -0.0853452 2.27141 
-0.0842106 0.0378802 -0.995728 -41.5113 0.0212986 0.999117 0.0362079 0.468056 0.99622 -0.0181585 -0.084943 2.19889 
-0.0842467 0.0352558 -0.995821 -42.3332 0.0177438 0.999268 0.0338768 0.484866 0.996287 -0.0148156 -0.0848106 2.12025 
-0.0848779 0.0334653 -0.995829 -43.1617 0.0149618 0.999366 0.0323089 0.501322 0.996279 -0.0121571 -0.0853248 2.03913 
-0.0856017 0.0318969 -0.995819 -43.9902 0.0175071 0.999381 0.0305061 0.508029 0.996176 -0.0148225 -0.0861072 1.96454 
-0.0867293 0.0283056 -0.99583 -44.8134 0.0209398 0.999427 0.0265842 0.519098 0.996012 -0.0185469 -0.0872723 1.89458 
-0.0874585 0.0269857 -0.995803 -45.6345 0.0255869 0.999364 0.024835 0.53288 0.99584 -0.0233075 -0.0880933 1.82231 
-0.0892964 0.0305463 -0.995537 -46.4576 0.0261361 0.999257 0.0283161 0.543577 0.995662 -0.0234909 -0.0900285 1.7416 
-0.0909849 0.036987 -0.995165 -47.2823 0.0283861 0.999 0.0345343 0.550145 0.995448 -0.0251068 -0.0919439 1.66427 
-0.0927447 0.0406354 -0.99486 -48.1029 0.0304975 0.998814 0.0379538 0.565973 0.995223 -0.0268208 -0.093874 1.58435 
-0.0943496 0.0399278 -0.994738 -48.9111 0.0311154 0.998826 0.0371406 0.578559 0.995053 -0.0274475 -0.0954812 1.50402 
-0.0955235 0.0362156 -0.994768 -49.7097 0.0281718 0.999036 0.0336657 0.590373 0.995028 -0.0248085 -0.0964517 1.41726 
-0.0968056 0.0326028 -0.994769 -50.5018 0.0234806 0.99926 0.0304649 0.600293 0.995026 -0.0204086 -0.0974995 1.32836 
-0.0982564 0.0310768 -0.994676 -51.2944 0.0197605 0.999376 0.0292716 0.614299 0.994965 -0.0167792 -0.0988092 1.23828 
-0.0992574 0.0322122 -0.99454 -52.0905 0.0186032 0.999361 0.0305117 0.621445 0.994888 -0.0154731 -0.0997932 1.15014 
-0.10007 0.0336658 -0.994411 -52.8828 0.0188482 0.999312 0.031935 0.634032 0.994802 -0.0155471 -0.100636 1.06105 
-0.101067 0.0332993 -0.994322 -53.6643 0.0172284 0.999348 0.0317164 0.638721 0.99473 -0.0139251 -0.101575 0.973679 
-0.101591 0.0332075 -0.994272 -54.4466 0.0172679 0.999351 0.0316128 0.648011 0.994676 -0.0139574 -0.102099 0.882489 
-0.102142 0.0350249 -0.994153 -55.2279 0.0201933 0.999247 0.0331296 0.660375 0.994565 -0.0166913 -0.102772 0.79905 
-0.102405 0.0381691 -0.99401 -56.0001 0.0219323 0.999107 0.0361053 0.667847 0.994501 -0.0181036 -0.10315 0.715088 
-0.102659 0.042713 -0.993799 -56.7746 0.0228324 0.998916 0.0405743 0.676905 0.994454 -0.0185255 -0.103523 0.631257 
-0.103375 0.0451896 -0.993615 -57.5349 0.0236585 0.998796 0.0429638 0.686361 0.994361 -0.0190661 -0.10432 0.549269 
-0.104169 0.0454068 -0.993523 -58.3006 0.0240499 0.99878 0.0431255 0.701771 0.994269 -0.0194017 -0.105134 0.470925 
-0.1047 0.043744 -0.993541 -59.0323 0.0248749 0.998835 0.0413557 0.713251 0.994193 -0.0203842 -0.105667 0.39407 
-0.104934 0.0405026 -0.993654 -59.7579 0.0253497 0.998955 0.0380416 0.725599 0.994156 -0.021197 -0.105851 0.311728 
-0.104849 0.037911 -0.993765 -60.4741 0.0255139 0.999047 0.0354205 0.73582 0.994161 -0.021641 -0.105716 0.233768 
-0.103655 0.0358353 -0.993968 -61.1814 0.0250276 0.999128 0.0334114 0.744899 0.994298 -0.0214134 -0.104461 0.155527 
-0.101598 0.0353615 -0.994197 -61.8742 0.0231671 0.999181 0.0331713 0.750093 0.994556 -0.0196626 -0.102334 0.0824128 
-0.0975899 0.0365046 -0.994557 -62.5565 0.022791 0.999147 0.0344367 0.75337 0.994966 -0.0193063 -0.0983387 0.0128532 
-0.0916341 0.0381489 -0.995062 -63.2189 0.0236356 0.999068 0.0361259 0.763897 0.995512 -0.0202085 -0.0924504 -0.0540877 
-0.0845259 0.0399042 -0.995622 -63.8691 0.0246749 0.998975 0.0379438 0.771076 0.996116 -0.0213596 -0.0854239 -0.104726 
-0.0757153 0.0413237 -0.996273 -64.5019 0.0236399 0.998934 0.0396375 0.780561 0.996849 -0.0205506 -0.0766115 -0.153999 
-0.0642243 0.0431734 -0.997001 -65.1234 0.0219013 0.998884 0.0418441 0.786308 0.997695 -0.0191482 -0.0650981 -0.192851 
-0.0495796 0.0447574 -0.997767 -65.7324 0.0192186 0.998853 0.0438511 0.794888 0.998585 -0.0170016 -0.050383 -0.220554 
-0.0316254 0.0461459 -0.998434 -66.319 0.0179553 0.998799 0.045594 0.806087 0.999339 -0.0164853 -0.032416 -0.225187 
-0.00968287 0.0470153 -0.998847 -66.8837 0.0169636 0.998758 0.0468466 0.816235 0.999809 -0.0164904 -0.0104684 -0.221357 
0.0156482 0.0475672 -0.998745 -67.4287 0.0174547 0.998703 0.0478387 0.825145 0.999725 -0.0181813 0.0147976 -0.199229 
0.0449202 0.0472417 -0.997873 -67.9533 0.0188112 0.998664 0.048126 0.835243 0.998813 -0.020933 0.0439715 -0.158428 
0.0789071 0.0470462 -0.995771 -68.4525 0.0196762 0.998618 0.0487399 0.854019 0.996688 -0.0234389 0.0778724 -0.0982996 
0.116294 0.0474765 -0.99208 -68.9367 0.0202374 0.998536 0.0501578 0.864422 0.993009 -0.0259101 0.115163 -0.0155974 
0.157043 0.0473364 -0.986457 -69.407 0.0201764 0.998488 0.0511259 0.872843 0.987386 -0.0279321 0.155851 0.0815003 
0.201639 0.0484252 -0.978262 -69.8659 0.0211002 0.998331 0.0537677 0.882194 0.979233 -0.0314832 0.200281 0.212605 
0.249714 0.0470903 -0.967174 -70.3029 0.0237348 0.998219 0.0547299 0.895563 0.968029 -0.0366225 0.248152 0.366596 
0.299607 0.0420492 -0.953136 -70.7101 0.0313002 0.998057 0.0538698 0.905832 0.953549 -0.0459731 0.297709 0.543958 
0.350989 0.0369595 -0.93565 -71.0908 0.0354211 0.997982 0.0527091 0.913973 0.93571 -0.051642 0.348971 0.730248 
0.403584 0.0321773 -0.914377 -71.4773 0.0395635 0.997833 0.0525765 0.93029 0.914087 -0.057395 0.401436 0.944196 
0.454334 0.0318894 -0.89026 -71.8534 0.0378116 0.997768 0.0550371 0.947768 0.890029 -0.0586674 0.452114 1.18265 
0.502659 0.0309374 -0.863931 -72.2145 0.0380774 0.997597 0.0578785 0.961783 0.863646 -0.0619894 0.500273 1.43502 
0.547687 0.0264571 -0.836265 -72.5576 0.0445032 0.997164 0.0606936 0.98264 0.835499 -0.0704575 0.544956 1.7168 
0.591766 0.0202541 -0.805855 -72.8813 0.0527911 0.996565 0.0638136 1.00172 0.804379 -0.0803047 0.588664 2.01892 
0.634542 0.015346 -0.772736 -73.1934 0.05231 0.996658 0.062748 1.0199 0.771116 -0.080238 0.631619 2.32669 
0.675913 0.0108191 -0.736902 -73.487 0.0470685 0.997217 0.057814 1.03696 0.735477 -0.0737621 0.673523 2.63737 
0.716746 0.00417034 -0.697322 -73.7688 0.04117 0.997985 0.0482852 1.05736 0.696118 -0.063317 0.71513 2.96955 
0.756389 0.00138127 -0.654121 -74.0376 0.0342328 0.998544 0.0416934 1.07762 0.653226 -0.0539288 0.75524 3.3228 
0.793788 -3.71811e-05 -0.608195 -74.3015 0.030781 0.998721 0.0401129 1.09886 0.607416 -0.0505619 0.792773 3.72015 
0.828201 -0.00147723 -0.560429 -74.5405 0.0285046 0.998813 0.0394913 1.11682 0.559706 -0.0486815 0.82726 4.13429 
0.859263 -0.000321043 -0.511534 -74.7682 0.0231537 0.998999 0.0382661 1.13273 0.511009 -0.0447246 0.858411 4.57205 
0.885723 0.000954294 -0.464212 -74.9826 0.0201868 0.998973 0.0405703 1.14677 0.463774 -0.045305 0.884794 5.04267 
0.907421 0.00704249 -0.420163 -75.1883 0.0117257 0.999046 0.0420691 1.16374 0.420059 -0.0431011 0.906473 5.53179 
0.92534 0.0112884 -0.37897 -75.376 0.00462223 0.999146 0.0410479 1.17975 0.37911 -0.039735 0.924498 6.03465 
0.939274 0.0166061 -0.342767 -75.5572 -0.00203494 0.99908 0.0428264 1.19811 0.343163 -0.0395282 0.938444 6.56092 
0.949699 0.0166261 -0.312724 -75.7254 -0.00263917 0.998979 0.0450963 1.21225 0.313154 -0.0420026 0.948773 7.11971 
0.95732 0.0152956 -0.288627 -75.8814 -0.00182532 0.998899 0.046882 1.23228 0.289026 -0.0443542 0.956293 7.69635 
0.963372 0.0148339 -0.26776 -76.0324 -0.00179067 0.998803 0.048891 1.25839 0.268164 -0.0466208 0.962244 8.29516 
0.9682 0.0168925 -0.249606 -76.1826 -0.00413692 0.998662 0.0515394 1.28416 0.250143 -0.0488678 0.966975 8.90698 
0.971909 0.0211816 -0.234402 -76.3309 -0.00891915 0.998541 0.053251 1.30879 0.235188 -0.0496644 0.97068 9.53116 
0.974936 0.0245996 -0.221123 -76.4822 -0.0128186 0.998428 0.0545559 1.33663 0.222118 -0.050354 0.973719 10.1767 
0.977853 0.0225301 -0.208076 -76.6203 -0.0114344 0.998455 0.0543752 1.36486 0.20898 -0.0507918 0.9766 10.8336 
0.980664 0.0217406 -0.194489 -76.7515 -0.011376 0.998463 0.0542503 1.39012 0.195369 -0.0509888 0.979403 11.5108 
0.983427 0.021568 -0.180015 -76.8763 -0.0118429 0.99842 0.0549251 1.41831 0.180915 -0.0518829 0.982129 12.2061 
0.98587 0.0227605 -0.165958 -76.9958 -0.0137246 0.99837 0.0553925 1.45409 0.166948 -0.0523321 0.984576 12.9115 
0.987924 0.0224372 -0.153308 -77.1087 -0.0145121 0.998509 0.0526187 1.48355 0.154261 -0.0497585 0.986776 13.6271 
0.989549 0.0226788 -0.1424 -77.2152 -0.0160662 0.998746 0.0474164 1.50907 0.143297 -0.044633 0.988673 14.3566 
0.990908 0.0201853 -0.133016 -77.3132 -0.0147944 0.999033 0.0413929 1.53428 0.133723 -0.0390487 0.990249 15.1016 
0.991965 0.0204019 -0.124859 -77.4027 -0.0153505 0.999029 0.0412864 1.56297 0.12558 -0.039038 0.991315 15.8619 
0.992747 0.022263 -0.118144 -77.5001 -0.0167227 0.998723 0.047681 1.58772 0.119054 -0.0453595 0.991851 16.6281 
0.993229 0.026252 -0.113167 -77.5962 -0.02001 0.998233 0.0559455 1.61113 0.114436 -0.0533023 0.992 17.4001 
0.993703 0.0265591 -0.108853 -77.6882 -0.0201224 0.998007 0.0598102 1.63708 0.110225 -0.0572432 0.992257 18.1727 
0.99411 0.0250962 -0.105431 -77.7766 -0.0189573 0.998088 0.0588308 1.66931 0.106706 -0.0564855 0.992685 18.9415 
0.99444 0.024723 -0.102358 -77.8604 -0.0188413 0.998137 0.0580349 1.70065 0.103602 -0.0557837 0.993053 19.7048 
0.994773 0.0229368 -0.0995048 -77.9404 -0.0169698 0.99803 0.0604044 1.73249 0.100694 -0.0584001 0.993202 20.4763 
0.995062 0.0206459 -0.0970856 -78.0146 -0.0145633 0.997911 0.0629478 1.76354 0.0981824 -0.0612231 0.993283 21.2485 
0.995375 0.0189642 -0.09418 -78.0869 -0.0128837 0.997818 0.064756 1.79202 0.0952025 -0.063243 0.993447 22.0151 
0.995629 0.0181466 -0.0916194 -78.1551 -0.0125337 0.99803 0.0614708 1.82062 0.0925544 -0.0600538 0.993895 22.7773 
0.99573 0.0204806 -0.0900094 -78.2303 -0.0156247 0.998401 0.0543257 1.84993 0.0909781 -0.0526874 0.994458 23.5305 
0.995869 0.0208245 -0.0883791 -78.3042 -0.0167162 0.998756 0.0469732 1.87594 0.0892474 -0.0453018 0.994979 24.2782 
0.99598 0.0215925 -0.086937 -78.3769 -0.0179031 0.998915 0.0429958 1.90086 0.087771 -0.0412666 0.995286 25.0336 
0.996139 0.022627 -0.0848246 -78.4502 -0.0188536 0.998808 0.0450241 1.92358 0.0857423 -0.043251 0.995378 25.7956 
0.996274 0.0256464 -0.0823412 -78.5228 -0.02163 0.99855 0.0493051 1.94272 0.0834863 -0.0473403 0.995384 26.5542 
0.996372 0.0290353 -0.0799943 -78.5974 -0.0247026 0.998201 0.0546305 1.96476 0.0814366 -0.0524562 0.995297 27.3116 
0.996656 0.0264682 -0.0773079 -78.6626 -0.0220979 0.998138 0.0568494 1.99166 0.0786687 -0.0549509 0.995385 28.0714 
0.996821 0.0235971 -0.0760983 -78.7232 -0.0192941 0.9982 0.0567928 2.01982 0.0773015 -0.055144 0.995482 28.822 
0.996956 0.0223032 -0.0747097 -78.7829 -0.0180611 0.998212 0.0569837 2.04415 0.075847 -0.0554609 0.995576 29.5755 
0.997054 0.021812 -0.0735395 -78.8448 -0.0177603 0.998312 0.0553057 2.07395 0.0746217 -0.0538367 0.995758 30.326 
0.997156 0.019769 -0.0727263 -78.9028 -0.0158457 0.998408 0.0541329 2.10707 0.0736807 -0.0528266 0.995882 31.075 
0.997217 0.0188354 -0.0721398 -78.9591 -0.0149097 0.998398 0.0545751 2.13343 0.0730522 -0.0533476 0.9959 31.8345 
0.997211 0.0218878 -0.0713503 -79.021 -0.0179147 0.998278 0.0558554 2.16276 0.07245 -0.0544214 0.995886 32.6071 
0.997233 0.0209996 -0.0713103 -79.0829 -0.0170718 0.998327 0.0552502 2.18852 0.0723512 -0.0538799 0.995923 33.3824 
0.997126 0.0204625 -0.072947 -79.1431 -0.0164378 0.998332 0.0553528 2.21941 0.0739579 -0.0539946 0.995799 34.1627 
0.997024 0.017984 -0.0749592 -79.2047 -0.0137928 0.998332 0.0560608 2.24881 0.0758424 -0.0548601 0.99561 34.9522 
0.996756 0.0196364 -0.0780477 -79.2735 -0.0152803 0.998312 0.0560238 2.28104 0.0790161 -0.0546495 0.995374 35.7314 
0.996446 0.0233696 -0.0809307 -79.3465 -0.0188862 0.998267 0.0557266 2.31491 0.0820928 -0.054 0.995161 36.5252 
0.996205 0.0241498 -0.083623 -79.4132 -0.0199489 0.998514 0.0507132 2.34849 0.0847234 -0.0488525 0.995206 37.3209 
0.995968 0.0254734 -0.0860187 -79.4873 -0.021459 0.998651 0.0472752 2.38198 0.087107 -0.0452387 0.995171 38.1239 
0.99579 0.0247442 -0.0882582 -79.5556 -0.0207907 0.998751 0.0454364 2.41517 0.0892722 -0.0434101 0.995061 38.9412 
0.995609 0.0240477 -0.0904682 -79.632 -0.0198545 0.998699 0.0469675 2.44498 0.0914799 -0.0449651 0.994791 39.7542 
0.995433 0.0224123 -0.0927911 -79.7102 -0.0180166 0.998688 0.0479417 2.47228 0.0937438 -0.046051 0.994531 40.578 
0.995275 0.0212456 -0.0947456 -79.7861 -0.0166053 0.998636 0.049499 2.50931 0.095668 -0.0476919 0.99427 41.4228 
0.995169 0.0205546 -0.0960029 -79.8712 -0.015474 0.998455 0.0533689 2.54021 0.0969515 -0.0516255 0.993949 42.263 
0.995079 0.0200359 -0.0970332 -79.9539 -0.0144287 0.998204 0.0581472 2.57205 0.098024 -0.0564611 0.993581 43.1153 
0.995137 0.0197921 -0.0964958 -80.0395 -0.013992 0.998075 0.060418 2.6076 0.0975058 -0.058774 0.993498 43.9672 
0.995262 0.0224134 -0.0946139 -80.127 -0.0167055 0.998017 0.0606953 2.64438 0.0957866 -0.0588272 0.993662 44.8256 
0.995437 0.0222798 -0.0927841 -80.2129 -0.0167801 0.998079 0.0596379 2.68346 0.0939346 -0.0578088 0.993899 45.6896 
0.995628 0.0192998 -0.0913964 -80.2931 -0.0140578 0.998238 0.0576551 2.71968 0.092348 -0.0561182 0.994144 46.5527 
0.995873 0.0150742 -0.0894957 -80.3706 -0.0100624 0.998369 0.0561891 2.7579 0.0901968 -0.0550567 0.994401 47.428 
0.996062 0.0133484 -0.0876479 -80.4485 -0.00845674 0.998398 0.0559469 2.79848 0.0882543 -0.0549853 0.994579 48.2972 
0.996159 0.010903 -0.0868867 -80.5244 -0.00579924 0.998254 0.0587776 2.83053 0.0873759 -0.058048 0.994483 49.168 
0.99624 0.00744395 -0.0863123 -80.5946 -0.00213108 0.998106 0.0614835 2.86483 0.0866065 -0.0610684 0.994369 50.0476 
0.996281 0.00643049 -0.0859202 -80.6647 -0.00110004 0.998079 0.0619434 2.89943 0.0861535 -0.0616185 0.994375 50.9248 
0.996342 0.00729894 -0.0851456 -80.7384 -0.00229639 0.998273 0.0587035 2.93766 0.0854271 -0.0582933 0.994638 51.8168 
0.996348 0.00738537 -0.0850618 -80.812 -0.00288919 0.998598 0.05286 2.96869 0.0853329 -0.0524212 0.994973 52.6818 
0.996449 0.00889177 -0.0837222 -80.8983 -0.00490926 0.998852 0.0476544 2.99537 0.0840498 -0.0470742 0.995349 53.5234 
0.996479 0.013336 -0.0827701 -80.9856 -0.00987111 0.999063 0.0421306 3.01866 0.0832544 -0.0411653 0.995678 54.3717 
0.996563 0.0131275 -0.081793 -81.0585 -0.00976239 0.999095 0.0414073 3.04079 0.0822625 -0.0404665 0.995789 55.2319 
0.996586 0.0100572 -0.0819418 -81.1245 -0.00619009 0.998861 0.0473111 3.07308 0.0823243 -0.0466424 0.995514 56.0881 
0.996529 0.00930025 -0.0827307 -81.1977 -0.0046237 0.99839 0.0565404 3.09851 0.0831233 -0.0559616 0.994967 56.9474 
0.996407 0.00787617 -0.0843215 -81.2722 -0.00243909 0.997922 0.0643902 3.12943 0.0846534 -0.0639532 0.994356 57.8055 
0.996217 0.00558452 -0.0867258 -81.3508 -0.00022882 0.998098 0.0616419 3.17454 0.0869051 -0.0613889 0.994323 58.65 
0.996084 0.000652377 -0.0884089 -81.4274 0.0045179 0.998291 0.0582687 3.20891 0.0882958 -0.0584399 0.994379 59.4899 
0.995842 -0.000902279 -0.0910937 -81.5056 0.00607739 0.998381 0.0565495 3.24657 0.0908952 -0.056868 0.994235 60.3271 
0.99559 0.000958341 -0.0938026 -81.5943 0.00418901 0.998496 0.054662 3.26939 0.0937139 -0.0548139 0.994089 61.1465 
0.995253 0.00199687 -0.0972992 -81.6843 0.00302645 0.998671 0.0514526 3.29494 0.0972726 -0.0515029 0.993924 61.9788 
0.994851 0.00230896 -0.101324 -81.7743 0.00258426 0.998837 0.0481352 3.32251 0.101317 -0.0481492 0.993688 62.7901 
0.994549 0.00398122 -0.10419 -81.8731 0.000666953 0.999007 0.0445396 3.3454 0.104264 -0.0443663 0.99356 63.5907 
0.994168 0.00835661 -0.107521 -81.973 -0.00358869 0.999005 0.0444614 3.37007 0.107786 -0.0438162 0.993208 64.3999 
0.993741 0.0115153 -0.111109 -82.0745 -0.00639475 0.998906 0.0463327 3.39622 0.111521 -0.0453322 0.992728 65.2077 
0.99329 0.0153068 -0.114632 -82.1781 -0.00935951 0.998591 0.0522408 3.41429 0.11527 -0.0508174 0.992033 66.0057 
0.992706 0.0141568 -0.119727 -82.2708 -0.00720028 0.998271 0.0583376 3.43254 0.120346 -0.05705 0.991091 66.8134 
0.992101 0.0133531 -0.12473 -82.3761 -0.00566342 0.998072 0.0618025 3.46559 0.125315 -0.0606079 0.990264 67.6155 
0.991264 0.0120908 -0.131338 -82.4851 -0.00383612 0.998011 0.0629227 3.49776 0.131837 -0.0618692 0.989339 68.413 
0.990507 0.0100604 -0.13709 -82.5994 -0.000944238 0.997793 0.0664006 3.5366 0.137456 -0.0656409 0.988331 69.2035 
0.989588 0.0104962 -0.143547 -82.7184 -0.000984451 0.997808 0.0661733 3.56933 0.143927 -0.065343 0.987429 69.983 
0.988632 0.014708 -0.149633 -82.8491 -0.00497321 0.997858 0.0652249 3.604 0.150272 -0.0637393 0.986588 70.7504 
0.987662 0.0160159 -0.155781 -82.9816 -0.0064553 0.998075 0.0616857 3.63671 0.156469 -0.059919 0.985864 71.5133 
0.986726 0.0143531 -0.161761 -83.1133 -0.00487571 0.998256 0.058834 3.66998 0.162324 -0.0572643 0.985075 72.2795 
0.98582 0.0150724 -0.16713 -83.2507 -0.00550268 0.998326 0.0575749 3.70098 0.167718 -0.0558388 0.984252 73.0482 
0.984977 0.0166199 -0.171884 -83.3935 -0.00592763 0.998025 0.0625334 3.73797 0.172584 -0.0605751 0.98313 73.8146 
0.983883 0.0169926 -0.178003 -83.5423 -0.00516724 0.997761 0.0666877 3.77156 0.178737 -0.0646931 0.981768 74.5759 
0.982804 0.0163681 -0.183927 -83.6963 -0.00370016 0.997609 0.0690082 3.80204 0.184616 -0.067141 0.980515 75.33 
0.981531 0.0134972 -0.190827 -83.849 -0.00106105 0.997877 0.0651224 3.83718 0.191301 -0.0637171 0.979461 76.0809 
0.980004 0.011808 -0.198625 -84.0131 -0.000287135 0.99832 0.0579321 3.87445 0.198976 -0.0567166 0.978362 76.8151 
0.978156 0.00941415 -0.207657 -84.1762 0.00229736 0.998423 0.0560852 3.90367 0.207857 -0.0553372 0.976593 77.5516 
0.97585 0.00951361 -0.218236 -84.3512 0.00343663 0.998259 0.0588842 3.93426 0.218416 -0.0582122 0.974118 78.29 
0.973389 0.00925132 -0.228973 -84.5366 0.00580415 0.997869 0.0649916 3.96924 0.229086 -0.0645911 0.971261 79.026 
0.97045 0.0107911 -0.241063 -84.7259 0.00693644 0.997339 0.0725696 4.00486 0.241204 -0.0720973 0.967793 79.7549 
0.967583 0.0110294 -0.252311 -84.9263 0.00848349 0.997063 0.0761182 4.0323 0.25241 -0.0757912 0.964648 80.4863 
0.964508 0.0136234 -0.263702 -85.1361 0.00545669 0.997427 0.0714872 4.06498 0.263998 -0.0703889 0.961951 81.2023 
0.961185 0.0125291 -0.27562 -85.3491 0.00478522 0.998061 0.0620576 4.10238 0.275863 -0.0609677 0.959261 81.9092 
0.957577 0.00951185 -0.288022 -85.5683 0.00715908 0.998361 0.0567722 4.14191 0.28809 -0.0564257 0.95594 82.6212 
0.953766 0.00774609 -0.300451 -85.7948 0.0111982 0.998058 0.0612797 4.17995 0.300342 -0.061811 0.951827 83.3434 
0.950106 0.00877403 -0.311803 -86.0412 0.0132182 0.997574 0.068349 4.21224 0.311647 -0.0690603 0.947685 84.0547 
0.946075 0.00838189 -0.323839 -86.2944 0.0163175 0.997163 0.0734802 4.24696 0.323536 -0.074802 0.943255 84.763 
0.941683 0.00582417 -0.33645 -86.5502 0.019131 0.997306 0.0708094 4.29045 0.335956 -0.0731167 0.939035 85.4697 
0.937622 0.00388871 -0.347634 -86.8167 0.02024 0.997631 0.0657501 4.33002 0.347066 -0.0686849 0.935322 86.1694 
0.934258 -6.99756e-05 -0.356597 -87.0893 0.0224679 0.998025 0.0586685 4.36342 0.355888 -0.0628235 0.932414 86.8593 
0.931262 -0.00425465 -0.364325 -87.3675 0.0251359 0.9983 0.0525923 4.39763 0.363481 -0.0581349 0.929786 87.5604 
0.928438 -0.00456044 -0.371459 -87.658 0.0250903 0.998411 0.0504539 4.42803 0.370639 -0.0561633 0.927077 88.2643 
0.92534 0.000496127 -0.379139 -87.9589 0.0201145 0.998527 0.0503987 4.45117 0.378605 -0.0542621 0.923966 88.9544 
0.922093 0.000472541 -0.386969 -88.262 0.021543 0.998386 0.0525532 4.47789 0.386369 -0.0567954 0.920594 89.6572 
0.918722 0.00126032 -0.394902 -88.5697 0.0239594 0.997975 0.0589256 4.51205 0.394176 -0.0635979 0.916832 90.3625 
0.91576 0.00316942 -0.401714 -88.8821 0.0259372 0.997416 0.0669967 4.54606 0.400888 -0.0717722 0.913311 91.075 
0.913076 0.012842 -0.407586 -89.2123 0.0189725 0.997084 0.0739177 4.57552 0.407347 -0.0752255 0.91017 91.7714 
0.910476 0.0193275 -0.41311 -89.5475 0.0110155 0.99742 0.0709424 4.6088 0.413415 -0.069142 0.907914 92.4558 
0.907975 0.0154302 -0.418741 -89.8696 0.0121558 0.997931 0.0631308 4.64551 0.418848 -0.0624113 0.905909 93.1336 
0.905826 0.00739168 -0.423586 -90.1934 0.0178965 0.998288 0.0556914 4.68199 0.423272 -0.0580274 0.904142 93.8201 
0.904063 0.00802284 -0.427323 -90.5275 0.0171943 0.998332 0.0551204 4.71681 0.427052 -0.0571798 0.902417 94.511 
0.901851 0.0140399 -0.431818 -90.8785 0.013315 0.998094 0.0602599 4.74766 0.431841 -0.0600951 0.899945 95.1981 
0.899233 0.0166939 -0.437151 -91.2233 0.0131058 0.997795 0.0650628 4.77046 0.437274 -0.0642358 0.897032 95.9027 
0.896836 0.0130148 -0.442172 -91.5665 0.0166537 0.997865 0.0631488 4.79583 0.44205 -0.0639979 0.894705 96.5932 
0.89446 0.0110931 -0.44701 -91.9159 0.0160305 0.998254 0.0568499 4.82599 0.44686 -0.0580158 0.892721 97.2742 
0.892142 0.00840856 -0.451677 -92.272 0.016045 0.998606 0.050282 4.85385 0.45147 -0.0521059 0.890764 97.9592 
0.889805 0.00941459 -0.456245 -92.6349 0.014497 0.998699 0.0488813 4.88541 0.456112 -0.0501089 0.888511 98.6387 
0.8877 0.0119366 -0.460268 -92.9994 0.0141454 0.998485 0.0531762 4.91314 0.460206 -0.0537152 0.886186 99.3259 
0.885473 0.0134661 -0.464497 -93.3631 0.013873 0.998368 0.0553897 4.93866 0.464485 -0.05549 0.883841 100.005 
0.883011 0.0141715 -0.469138 -93.73 0.0138176 0.998326 0.0561645 4.96181 0.469148 -0.0560762 0.881337 100.682 
0.880664 0.0123641 -0.47358 -94.1 0.0158422 0.998332 0.0555243 4.98743 0.473477 -0.0564008 0.878999 101.36 
0.878492 0.010186 -0.477649 -94.4715 0.018182 0.998336 0.0547302 5.01927 0.477412 -0.0567646 0.876844 102.025 
0.87626 0.00968122 -0.481741 -94.8439 0.0194017 0.998278 0.0553524 5.04248 0.481447 -0.0578497 0.874564 102.689 
0.873871 0.0111208 -0.486031 -95.2187 0.0183706 0.998269 0.055871 5.06785 0.485811 -0.0577527 0.872154 103.348 
0.871512 0.0114652 -0.49024 -95.5964 0.0182829 0.998272 0.0558485 5.0927 0.490033 -0.0576356 0.869797 104.005 
0.86906 0.00851276 -0.494634 -95.9692 0.0196374 0.99847 0.0516863 5.11827 0.494317 -0.0546318 0.867563 104.655 
0.866648 0.00490716 -0.498896 -96.3421 0.0215118 0.998654 0.0471917 5.13722 0.498456 -0.0516307 0.865376 105.293 
0.864508 0.00317366 -0.502608 -96.7185 0.0222336 0.99876 0.0445492 5.15946 0.502126 -0.049688 0.863366 105.931 
0.862466 0.00485991 -0.506091 -97.0935 0.0227096 0.998575 0.0482903 5.18237 0.505605 -0.0531419 0.861127 106.565 
0.860471 0.00880052 -0.509424 -97.4711 0.0235416 0.998096 0.0570069 5.20782 0.508956 -0.0610454 0.858625 107.195 
0.858801 0.010817 -0.512195 -97.8435 0.0271487 0.997411 0.0665846 5.23021 0.511589 -0.0710884 0.856284 107.823 
0.857233 0.0102943 -0.514826 -98.218 0.0307789 0.996988 0.0711851 5.26059 0.514008 -0.0768679 0.854334 108.435 
0.85542 0.00704224 -0.517887 -98.5738 0.0346269 0.996893 0.0707507 5.28875 0.516776 -0.0784544 0.852518 109.027 
0.853548 0.00515468 -0.520989 -98.9321 0.0350222 0.997122 0.0672432 5.31656 0.519836 -0.0756414 0.850911 109.609 
0.851746 0.00314401 -0.523946 -99.2784 0.0360665 0.997258 0.0646153 5.34079 0.522712 -0.0739327 0.849297 110.172 
0.850091 0.00116696 -0.526635 -99.619 0.0381223 0.997238 0.0637465 5.3621 0.525255 -0.0742669 0.847698 110.717 
0.848625 -0.00054689 -0.528995 -99.9533 0.0403756 0.997149 0.0637404 5.37976 0.527452 -0.0754502 0.846228 111.258 
0.847199 -7.3486e-05 -0.531276 -100.281 0.0406592 0.997076 0.0646993 5.40477 0.529718 -0.0764145 0.844725 111.772 
0.845931 -0.00041205 -0.533293 -100.602 0.0423588 0.996892 0.0664211 5.4232 0.531608 -0.0787773 0.843319 112.269 
0.844246 -0.00215731 -0.535951 -100.903 0.0451343 0.996726 0.0670848 5.44344 0.534052 -0.0808259 0.841579 112.749 
0.842793 -0.00419369 -0.538221 -101.196 0.0475327 0.996643 0.0666652 5.47958 0.536135 -0.0817681 0.840163 113.209 
0.841602 -0.00514556 -0.540073 -101.477 0.0484349 0.996645 0.065981 5.49428 0.537922 -0.0816882 0.839028 113.639 
0.840241 -0.00514278 -0.542189 -101.75 0.046528 0.99695 0.0626491 5.51007 0.540213 -0.0778673 0.837918 114.053 
0.83864 -0.00809281 -0.544626 -102.014 0.0475195 0.997164 0.0583553 5.53231 0.54261 -0.0748194 0.836646 114.448 
0.836304 -0.0122924 -0.548129 -102.268 0.0513081 0.997116 0.0559215 5.55403 0.54586 -0.0748908 0.834522 114.829 
0.833292 -0.0164092 -0.55259 -102.502 0.056816 0.996809 0.0560768 5.57258 0.549906 -0.0781243 0.831565 115.198 
0.82965 -0.0154183 -0.558072 -102.735 0.0571515 0.996713 0.0574265 5.58615 0.555352 -0.0795386 0.827803 115.544 
0.82577 -0.0120711 -0.563877 -102.968 0.0548438 0.996752 0.0589782 5.60013 0.561334 -0.0796276 0.82375 115.871 
0.82213 -0.00644897 -0.569264 -103.195 0.0514816 0.996681 0.0630586 5.61631 0.566968 -0.081149 0.819733 116.176 
0.818054 -0.00113939 -0.575141 -103.408 0.0504121 0.996291 0.0697301 5.6283 0.572928 -0.086037 0.815077 116.467 
0.813122 0.000347144 -0.582093 -103.607 0.0520887 0.995945 0.0733564 5.64234 0.579758 -0.0899682 0.809807 116.74 
0.807497 -0.00243553 -0.589867 -103.796 0.0571501 0.99561 0.0741247 5.65547 0.587097 -0.0935664 0.804091 116.998 
0.800444 -0.00451392 -0.59939 -103.979 0.0612949 0.995346 0.0743593 5.66936 0.596265 -0.0962601 0.796996 117.234 
0.791507 -0.00589745 -0.611131 -104.154 0.0652033 0.995061 0.0748457 5.67847 0.607671 -0.0990887 0.787983 117.455 
0.781172 -0.00540006 -0.624292 -104.331 0.0668986 0.994929 0.0751037 5.68428 0.620721 -0.100433 0.777572 117.655 
0.768899 -0.0039048 -0.639358 -104.505 0.0663587 0.995068 0.0737264 5.69161 0.635917 -0.0991152 0.765366 117.837 
0.754869 -0.00520813 -0.655855 -104.672 0.067723 0.995242 0.0700439 5.69545 0.65237 -0.0972904 0.751631 118.002 
0.739944 -0.0077669 -0.672624 -104.837 0.0683311 0.995629 0.0636734 5.69999 0.669189 -0.0930759 0.73724 118.156 
0.724725 -0.0115713 -0.688941 -104.995 0.0699541 0.995928 0.0568601 5.70809 0.685478 -0.0894022 0.722584 118.3 
0.709161 -0.011441 -0.704954 -105.151 0.0673085 0.9964 0.0515391 5.714 0.701827 -0.0839989 0.707378 118.43 
0.69329 -0.00772246 -0.720617 -105.315 0.0611394 0.996968 0.048137 5.72071 0.71806 -0.077431 0.69166 118.553 
0.675938 -0.00617147 -0.736933 -105.485 0.0597329 0.997134 0.0464383 5.73204 0.734534 -0.0754085 0.674369 118.68 
0.656952 -0.00743053 -0.753896 -105.651 0.0641119 0.99688 0.0460423 5.73892 0.751202 -0.0785813 0.655379 118.807 
0.636848 -0.00833607 -0.770944 -105.824 0.0681046 0.996641 0.0454821 5.74998 0.767976 -0.08147 0.635276 118.929 
0.614656 -0.00682839 -0.788766 -106.003 0.0695671 0.996535 0.045584 5.76001 0.785721 -0.0828907 0.613002 119.038 
0.590644 -0.00219666 -0.806929 -106.188 0.0673445 0.996642 0.0465808 5.76424 0.804117 -0.0818549 0.588809 119.137 
0.566208 0.00146566 -0.824261 -106.377 0.0664515 0.996662 0.0474195 5.77615 0.82158 -0.0816227 0.56422 119.232 
0.540833 0.00402509 -0.84112 -106.57 0.0659469 0.996707 0.0471729 5.78584 0.838541 -0.0809819 0.538787 119.323 
0.514997 0.00691868 -0.857164 -106.764 0.0642309 0.996845 0.0466369 5.79017 0.854782 -0.0790743 0.512927 119.404 
0.488273 0.0109627 -0.872622 -106.964 0.0613371 0.997017 0.0468464 5.79464 0.870533 -0.0763979 0.486144 119.48 
0.460173 0.0140325 -0.887718 -107.158 0.0603086 0.997072 0.0470237 5.7944 0.885779 -0.0751761 0.457979 119.552 
0.430333 0.0131289 -0.902575 -107.362 0.0625763 0.997055 0.0443387 5.79805 0.900498 -0.0755602 0.428244 119.622 
0.39816 0.00996785 -0.917262 -107.58 0.0636929 0.997227 0.0384843 5.8002 0.915102 -0.073746 0.396421 119.686 
0.363557 0.0056004 -0.931555 -107.815 0.0651381 0.997382 0.0314175 5.80386 0.929292 -0.0721018 0.36224 119.747 
0.324471 0.00336839 -0.945889 -108.067 0.0661756 0.997463 0.0262525 5.8092 0.943578 -0.0711129 0.323425 119.801 
0.282874 0.00228048 -0.959155 -108.339 0.0675856 0.997464 0.0223039 5.81398 0.956773 -0.0711342 0.282002 119.848 
0.23937 0.000631069 -0.970928 -108.63 0.0689396 0.997465 0.0176445 5.8161 0.968478 -0.071159 0.23872 119.884 
0.19189 -0.0019984 -0.981414 -108.938 0.0702745 0.997459 0.0117093 5.82121 0.978897 -0.0712153 0.191543 119.914 
0.142308 -0.00383397 -0.989815 -109.263 0.0711337 0.997446 0.0063635 5.82213 0.987263 -0.0713148 0.142217 119.931 
0.0917865 -0.00392605 -0.995771 -109.6 0.071739 0.99742 0.00268008 5.82035 0.993191 -0.0716817 0.0918313 119.929 
0.0394627 -0.00187028 -0.999219 -109.953 0.0725637 0.997363 0.000998985 5.81158 0.996583 -0.0725465 0.0394943 119.909 
-0.0135901 0.000602984 -0.999907 -110.315 0.0752336 0.997166 -0.000421199 5.80891 0.997073 -0.0752324 -0.013597 119.869 
-0.0675282 0.00343577 -0.997711 -110.689 0.0781896 0.996937 -0.00185901 5.79625 0.994649 -0.0781362 -0.06759 119.814 
-0.121293 0.0054845 -0.992602 -111.073 0.0813818 0.996673 -0.00443758 5.78677 0.989275 -0.081318 -0.121335 119.736 
-0.174138 0.00743703 -0.984693 -111.465 0.0828424 0.996537 -0.00712376 5.77826 0.98123 -0.0828149 -0.174151 119.632 
-0.22556 0.00937155 -0.974184 -111.87 0.0838928 0.996426 -0.00983883 5.76753 0.97061 -0.0839463 -0.225541 119.506 
-0.275082 0.011097 -0.961357 -112.285 0.0856855 0.996237 -0.0130184 5.75572 0.957595 -0.0859554 -0.274998 119.358 
-0.323234 0.0138343 -0.946218 -112.715 0.0894908 0.995859 -0.0160105 5.73178 0.942078 -0.089853 -0.323134 119.185 
-0.369876 0.0150917 -0.928959 -113.156 0.0920919 0.99554 -0.0204942 5.72442 0.924506 -0.0931299 -0.369616 118.987 
-0.413886 0.0169353 -0.910171 -113.597 0.0943075 0.995245 -0.0243666 5.71132 0.905431 -0.095921 -0.413515 118.759 
-0.455287 0.01915 -0.890139 -114.032 0.0962206 0.994971 -0.0278095 5.6904 0.88513 -0.098311 -0.45484 118.502 
-0.493343 0.0199392 -0.869606 -114.48 0.0961226 0.994864 -0.0317208 5.67601 0.864508 -0.099238 -0.492725 118.215 
-0.527104 0.0210865 -0.849539 -114.952 0.095418 0.994839 -0.0345099 5.64715 0.844427 -0.0992516 -0.526396 117.905 
-0.554663 0.0210686 -0.831808 -115.401 0.0935753 0.994917 -0.0371975 5.62025 0.826797 -0.0984688 -0.553815 117.565 
-0.576818 0.0198943 -0.816631 -115.857 0.0905332 0.995102 -0.0397049 5.59369 0.811841 -0.0968347 -0.575793 117.208 
-0.59391 0.0182415 -0.804325 -116.324 0.0875434 0.995272 -0.0420696 5.56285 0.799755 -0.0953989 -0.592698 116.833 
-0.607407 0.0178828 -0.794189 -116.807 0.085425 0.99542 -0.0429204 5.53171 0.789784 -0.0939137 -0.606153 116.445 
