1 0 0 0 0 1 0 0 0 0 1 0 
0.999991 -0.0027198 -0.00333271 -0.00141677 0.00271322 0.999994 -0.00197592 -0.00480317 0.00333807 0.00196686 0.999992 0.678436 
0.99997 -0.0017912 -0.00749925 -0.00940714 0.0017652 0.999992 -0.00347122 -0.00706021 0.00750541 0.00345788 0.999966 1.38093 
0.999932 -0.00212678 -0.0114342 -0.0228943 0.00207251 0.999987 -0.00475607 -0.012134 0.0114442 0.00473205 0.999923 2.09823 
0.999865 -0.000878999 -0.0164186 -0.038356 0.000792655 0.999986 -0.00526466 -0.0175428 0.016423 0.00525093 0.999851 2.82986 
0.999779 -0.00200769 -0.0209473 -0.0542551 0.00189657 0.999984 -0.00532343 -0.0276052 0.0209576 0.00528252 0.999766 3.57632 
0.999674 -0.000191188 -0.0255252 -0.08043 2.67353e-05 0.999979 -0.00644296 -0.0368094 0.0255259 0.00644018 0.999653 4.33702 
0.999532 0.0023986 -0.0304916 -0.109913 -0.00260919 0.999973 -0.00686863 -0.0480098 0.0304743 0.00694497 0.999511 5.11712 
0.99939 0.00273023 -0.0348208 -0.142666 -0.00291024 0.999983 -0.00511997 -0.0578164 0.0348063 0.00521819 0.99938 5.90376 
0.999221 0.00204044 -0.0394182 -0.176521 -0.00213199 0.999995 -0.00228048 -0.0675984 0.0394134 0.00236275 0.99922 6.70775 
0.999075 0.00161246 -0.0429626 -0.212476 -0.00159522 0.999999 0.000435476 -0.076634 0.0429632 -0.000366539 0.999077 7.52199 
0.998953 0.0030641 -0.0456394 -0.25642 -0.00307642 0.999995 -0.000199795 -0.0831436 0.0456385 0.000339992 0.998958 8.3421 
0.998848 0.00231824 -0.0479296 -0.300638 -0.00233866 0.999997 -0.000370008 -0.0887789 0.0479286 0.000481673 0.998851 9.16615 
0.998764 -0.000833742 -0.049689 -0.340571 0.000795002 0.999999 -0.000799403 -0.0968427 0.0496897 0.000758912 0.998764 10.0052 
0.99865 -0.00113082 -0.051925 -0.384898 0.00114708 0.999999 0.000283193 -0.106968 0.0519247 -0.000342372 0.998651 10.8463 
0.998562 -0.00287506 -0.0535286 -0.430768 0.00289379 0.999996 0.000272276 -0.117637 0.0535276 -0.000426785 0.998566 11.6998 
0.998466 -0.00066011 -0.0553595 -0.483384 0.000554029 0.999998 -0.00193155 -0.126079 0.0553607 0.00189792 0.998465 12.5642 
0.998383 -0.000324789 -0.0568521 -0.53619 7.35471e-05 0.99999 -0.00442125 -0.135933 0.056853 0.00440992 0.998373 13.4337 
0.998269 0.00361013 -0.0586988 -0.595629 -0.00396301 0.999975 -0.00589632 -0.14554 0.058676 0.00611874 0.998258 14.3103 
0.998213 0.00438319 -0.0596035 -0.655053 -0.0047163 0.999974 -0.00544935 -0.157342 0.059578 0.00572071 0.998207 15.2013 
0.99813 0.00334473 -0.061043 -0.711388 -0.00357362 0.999987 -0.00364088 -0.173663 0.06103 0.00385221 0.998128 16.096 
0.998034 0.00397612 -0.0625542 -0.7706 -0.00411002 0.99999 -0.00201199 -0.183843 0.0625456 0.00226513 0.99804 16.9976 
0.997977 0.00330965 -0.063495 -0.83215 -0.00342328 0.999993 -0.00168079 -0.196273 0.0634889 0.00189475 0.997981 17.9044 
0.997864 0.00307484 -0.0652467 -0.893274 -0.00323944 0.999992 -0.00241715 -0.208043 0.0652387 0.00262335 0.997866 18.8106 
0.997786 0.00150086 -0.0664878 -0.954055 -0.00171195 0.999994 -0.00311813 -0.216891 0.0664827 0.00322505 0.997782 19.7247 
0.997752 0.00161171 -0.0669912 -1.01815 -0.00170698 0.999998 -0.00136479 -0.224435 0.0669889 0.00147607 0.997753 20.6551 
0.997741 0.00256801 -0.0671246 -1.0839 -0.00242144 0.999995 0.00226476 -0.236218 0.06713 -0.0020971 0.997742 21.5831 
0.997786 0.00332631 -0.0664247 -1.14921 -0.00292689 0.999977 0.00610952 -0.243111 0.0664435 -0.00590157 0.997773 22.521 
0.997885 0.00192182 -0.064977 -1.20933 -0.00133853 0.999958 0.0090193 -0.244408 0.0649917 -0.00891325 0.997846 23.4653 
0.997977 0.00189067 -0.0635414 -1.26996 -0.00126684 0.999951 0.00985654 -0.247196 0.0635569 -0.00975611 0.997931 24.4097 
0.998062 0.00187813 -0.0622057 -1.3321 -0.00144843 0.999975 0.00695209 -0.246569 0.0622172 -0.00684851 0.998039 25.3599 
0.998111 0.00267255 -0.061382 -1.39375 -0.00254011 0.999994 0.0022355 -0.25005 0.0613876 -0.00207536 0.998112 26.3134 
0.998183 0.00176787 -0.0602308 -1.45271 -0.00181796 0.999998 -0.00077695 -0.25124 0.0602293 0.000885036 0.998184 27.2697 
0.998223 -0.000799337 -0.059577 -1.51108 0.000808819 1 0.000135025 -0.25496 0.0595769 -0.000182972 0.998224 28.2371 
0.998209 -0.00251975 -0.0597758 -1.57107 0.00283309 0.999983 0.0051577 -0.261303 0.0597618 -0.00531781 0.998199 29.212 
0.998134 -0.00644812 -0.0607194 -1.62692 0.00699171 0.999937 0.00874426 -0.269556 0.0606592 -0.00915247 0.998117 30.1931 
0.99797 -0.0140136 -0.0621185 -1.67507 0.0145523 0.99986 0.00822952 -0.27476 0.0619945 -0.00911679 0.998035 31.1729 
0.997843 -0.0162885 -0.0635876 -1.73383 0.016597 0.999853 0.004327 -0.275886 0.0635078 -0.00537303 0.997967 32.1576 
0.997768 -0.0161418 -0.0648012 -1.80275 0.0162043 0.999869 0.000438889 -0.283093 0.0647856 -0.00148797 0.997898 33.1408 
0.997637 -0.0151196 -0.0670223 -1.87416 0.0151403 0.999885 -0.000198543 -0.291895 0.0670176 -0.000816664 0.997751 34.1269 
0.997595 -0.0153253 -0.0675923 -1.94675 0.01544 0.99988 0.00117457 -0.295131 0.0675662 -0.00221537 0.997712 35.1273 
0.997527 -0.0124774 -0.0691652 -2.02067 0.0128044 0.999909 0.00428762 -0.308159 0.0691054 -0.00516264 0.997596 36.1182 
0.997448 -0.0129112 -0.0702236 -2.09839 0.0133333 0.999896 0.00554628 -0.311169 0.0701447 -0.00646843 0.997516 37.1309 
0.997372 -0.011789 -0.0714893 -2.16878 0.0124116 0.999889 0.00827155 -0.320709 0.0713838 -0.00913711 0.997407 38.1201 
0.997366 -0.0126476 -0.0714215 -2.23988 0.0134773 0.999847 0.0111476 -0.321442 0.0712696 -0.0120809 0.997384 39.127 
0.99737 -0.00704645 -0.0721323 -2.32254 0.00803492 0.999878 0.0134225 -0.323188 0.0720289 -0.0139668 0.997305 40.1198 
0.997353 -0.00758551 -0.0723189 -2.39912 0.00852694 0.999883 0.0127179 -0.319738 0.0722139 -0.0133009 0.9973 41.1237 
0.997366 -0.00740321 -0.0721519 -2.47581 0.00821355 0.999906 0.0109408 -0.318126 0.0720641 -0.0115046 0.997334 42.1234 
0.997379 -0.00522259 -0.072165 -2.55717 0.00586548 0.999945 0.00869964 -0.319334 0.0721156 -0.00910012 0.997355 43.1148 
0.997318 -0.0055346 -0.0729774 -2.63422 0.0061827 0.999943 0.008658 -0.321058 0.0729254 -0.00908598 0.997296 44.1141 
0.997194 -0.00758104 -0.0744759 -2.70361 0.00834772 0.999915 0.0099885 -0.326633 0.0743938 -0.0105822 0.997173 45.1028 
0.997139 -0.00721166 -0.0752457 -2.78147 0.00807039 0.999906 0.0111145 -0.330915 0.0751584 -0.01169 0.997103 46.0994 
0.997141 -0.0049734 -0.0754041 -2.86308 0.00555912 0.999956 0.00755981 -0.337983 0.0753632 -0.00795737 0.997124 47.0792 
0.997074 -0.00469633 -0.0763038 -2.94298 0.00497831 0.999981 0.00350578 -0.343396 0.076286 -0.00387538 0.997078 48.0466 
0.997018 -0.00407696 -0.0770618 -3.02101 0.00426979 0.999988 0.00233769 -0.350068 0.0770513 -0.00265976 0.997024 49.0173 
0.996995 -0.00546357 -0.077273 -3.09834 0.00593286 0.999965 0.00584491 -0.360078 0.0772383 -0.0062858 0.996993 49.9996 
0.99696 -0.00793935 -0.0775147 -3.17094 0.00869613 0.999918 0.00943042 -0.375553 0.0774334 -0.0100758 0.996947 50.9743 
0.996912 -0.0100177 -0.0778889 -3.24572 0.0108471 0.999889 0.0102329 -0.382357 0.0777777 -0.0110462 0.99691 51.9378 
0.996853 -0.0132548 -0.0781543 -3.31921 0.014016 0.999859 0.00919943 -0.388447 0.0780214 -0.0102659 0.996899 52.8954 
0.996779 -0.0160096 -0.078579 -3.391 0.0166866 0.999829 0.00796561 -0.391676 0.0784381 -0.00925117 0.996876 53.8597 
0.996655 -0.017666 -0.0797876 -3.46631 0.0184558 0.999788 0.0091722 -0.395555 0.0796086 -0.0106141 0.99677 54.8168 
0.996491 -0.0209581 -0.0810353 -3.54067 0.0221094 0.999667 0.0133366 -0.397549 0.0807288 -0.0150814 0.996622 55.7746 
0.996398 -0.0220637 -0.0818765 -3.61533 0.0236377 0.999553 0.0183039 -0.396023 0.0814361 -0.0201734 0.996474 56.7252 
0.996384 -0.0204803 -0.0824577 -3.69809 0.0222541 0.999539 0.0206493 -0.394752 0.0819968 -0.0224096 0.996381 57.6755 
0.996286 -0.0195661 -0.0838479 -3.78093 0.0210384 0.999639 0.0167114 -0.392659 0.0834907 -0.0184133 0.996338 58.6126 
0.996196 -0.0182305 -0.0852128 -3.86209 0.0190703 0.999777 0.00905092 -0.39264 0.0850289 -0.0106415 0.996322 59.5354 
0.996153 -0.016736 -0.0860214 -3.94665 0.0171628 0.999844 0.0042245 -0.395609 0.0859372 -0.00568461 0.996284 60.4504 
0.996132 -0.0120925 -0.0870352 -4.03506 0.0125821 0.999908 0.00507907 -0.400162 0.0869657 -0.0061545 0.996192 61.3585 
0.996038 -0.00948349 -0.088425 -4.12084 0.0101831 0.99992 0.00746406 -0.411919 0.0883472 -0.00833492 0.996055 62.249 
0.995977 -0.00725361 -0.0893118 -4.20682 0.00810592 0.999925 0.0091841 -0.422744 0.0892385 -0.00987111 0.995961 63.1424 
0.995873 -0.00686628 -0.0905008 -4.28884 0.0077124 0.99993 0.00900291 -0.425656 0.0904326 -0.00966373 0.995856 64.0135 
0.995728 -0.00518532 -0.0921884 -4.37226 0.00612055 0.999933 0.00986489 -0.432732 0.092131 -0.010387 0.995693 64.8671 
0.995587 -0.00485872 -0.0937155 -4.45302 0.00585637 0.999929 0.0103734 -0.436826 0.0936584 -0.0108765 0.995545 65.7069 
0.995448 -0.00515428 -0.0951626 -4.5331 0.00621247 0.999922 0.0108269 -0.442371 0.0950994 -0.0113688 0.995403 66.5333 
0.995321 -0.00541706 -0.0964676 -4.61488 0.0065892 0.999908 0.0118362 -0.444437 0.0963946 -0.0124164 0.995266 67.3441 
0.995184 -0.00277484 -0.0979894 -4.6986 0.00422463 0.999885 0.014591 -0.44784 0.0979376 -0.0149347 0.99508 68.1379 
0.995051 -0.00142534 -0.0993517 -4.78405 0.00329486 0.999821 0.0186556 -0.449697 0.0993073 -0.0188906 0.994877 68.9279 
0.994875 0.00145364 -0.101102 -4.86822 0.000604852 0.999793 0.0203269 -0.450971 0.101111 -0.0202839 0.994668 69.7027 
0.994738 0.00401259 -0.102377 -4.95265 -0.00234927 0.999863 0.0163624 -0.457785 0.102429 -0.0160358 0.994611 70.4527 
0.994609 0.00365111 -0.103634 -5.03257 -0.00272302 0.999955 0.00909554 -0.464985 0.103663 -0.00876431 0.994574 71.1778 
0.994458 0.0025877 -0.105098 -5.10928 -0.00225647 0.999992 0.0032704 -0.467332 0.105106 -0.00301512 0.994456 71.8875 
0.99442 0.00329145 -0.105438 -5.1884 -0.00308557 0.999993 0.00211564 -0.469285 0.105444 -0.0017785 0.994424 72.5835 
0.994312 0.00576657 -0.106347 -5.26791 -0.0051798 0.99997 0.00579289 -0.479748 0.106377 -0.00520908 0.994312 73.2572 
0.994157 0.00571295 -0.107795 -5.34182 -0.00485337 0.999954 0.00823486 -0.494757 0.107838 -0.00766357 0.994139 73.9114 
0.994066 0.0022941 -0.10875 -5.41031 -0.00175611 0.999986 0.00504255 -0.505932 0.10876 -0.00482165 0.994056 74.5529 
0.994048 -0.0061129 -0.10877 -5.46751 0.0061488 0.999981 -5.33345e-06 -0.515364 0.108768 -0.000663502 0.994067 75.1675 
0.994126 -0.0104414 -0.107726 -5.52723 0.00998969 0.999939 -0.0047317 -0.523517 0.107769 0.00362775 0.994169 75.7655 
0.994473 -0.00819683 -0.104671 -5.59243 0.00774002 0.999959 -0.00476974 -0.532908 0.104705 0.00393323 0.994496 76.3507 
0.994919 -0.00345689 -0.100615 -5.65977 0.00329751 0.999993 -0.00175031 -0.541 0.100621 0.00140964 0.994924 76.9237 
0.995362 -0.00521892 -0.0960565 -5.71081 0.00538995 0.999984 0.00152112 -0.550661 0.096047 -0.00203181 0.995375 77.4824 
0.995858 -0.00913886 -0.0904641 -5.74879 0.00971668 0.999935 0.00594892 -0.560456 0.0904039 -0.00680329 0.995882 78.0272 
0.996503 -0.0137101 -0.0824285 -5.78216 0.0145526 0.999848 0.00962827 -0.570449 0.082284 -0.0107941 0.99655 78.5597 
0.997369 -0.010296 -0.0717555 -5.81821 0.0110206 0.999892 0.00970962 -0.575981 0.0716478 -0.0104749 0.997375 79.077 
0.99838 -0.00531691 -0.0566532 -5.84964 0.00586928 0.999937 0.00958824 -0.580899 0.0565986 -0.00990521 0.998348 79.5834 
0.999248 -0.000656251 -0.038779 -5.86645 0.00105718 0.999946 0.0103192 -0.581972 0.0387702 -0.0103524 0.999195 80.079 
0.999855 -0.00266248 -0.016836 -5.85958 0.00285217 0.999933 0.0112531 -0.584823 0.0168049 -0.0112995 0.999795 80.5642 
0.999935 -0.00647853 0.00934227 -5.83362 0.00636096 0.999901 0.0125596 -0.586532 -0.00942271 -0.0124994 0.999877 81.0361 
0.999214 -0.00781281 0.0388522 -5.79547 0.00725329 0.999868 0.0145213 -0.587638 -0.0389605 -0.0142281 0.999139 81.4964 
0.997388 -0.00841515 0.0717348 -5.74178 0.0072476 0.999837 0.0165206 -0.589131 -0.0718621 -0.0159576 0.997287 81.9479 
0.993986 -0.00868276 0.109165 -5.66892 0.00679079 0.99982 0.0176913 -0.590117 -0.109299 -0.0168435 0.993866 82.3927 
0.988531 -0.00866359 0.150769 -5.57735 0.00595048 0.999812 0.018437 -0.589221 -0.150901 -0.0173284 0.988397 82.8275 
0.980613 -0.00921742 0.195738 -5.46301 0.00554308 0.999798 0.0193112 -0.592234 -0.195877 -0.0178518 0.980466 83.2499 
0.969621 -0.00730537 0.244505 -5.32957 0.002946 0.99983 0.0181904 -0.59736 -0.244596 -0.0169174 0.969477 83.654 
0.954665 -0.00648531 0.297611 -5.17437 0.00167325 0.999864 0.0164209 -0.60135 -0.297677 -0.0151785 0.954546 84.0424 
0.935419 -0.00640083 0.353482 -4.99751 0.00102775 0.999881 0.015386 -0.60389 -0.353539 -0.0140291 0.935315 84.4129 
0.911808 -0.00582338 0.410576 -4.79789 -8.11033e-05 0.999897 0.0143621 -0.602398 -0.410617 -0.0131288 0.911713 84.7621 
0.883358 -0.00556254 0.468667 -4.57974 -0.000678296 0.999913 0.0131463 -0.600273 -0.468699 -0.0119308 0.883277 85.0922 
0.850436 -0.00705342 0.526032 -4.33868 0.00110048 0.999932 0.0116287 -0.599551 -0.526078 -0.00931056 0.850385 85.4006 
0.814151 -0.00762114 0.580604 -4.08114 0.0012659 0.999935 0.0113503 -0.60468 -0.580653 -0.00850584 0.814107 85.6881 
0.774781 -0.0091339 0.632164 -3.808 0.00100683 0.999912 0.0132134 -0.609834 -0.632229 -0.00960101 0.774722 85.958 
0.732624 -0.00969041 0.680565 -3.51896 -0.00150489 0.999873 0.015857 -0.610535 -0.680632 -0.0126414 0.732516 86.2107 
0.687866 -0.010958 0.725755 -3.21443 -0.00166796 0.99986 0.0166776 -0.609974 -0.725836 -0.0126825 0.687751 86.4413 
0.641814 -0.0125577 0.766758 -2.89635 0.000612978 0.999874 0.0158625 -0.610331 -0.766861 -0.00971075 0.64174 86.6471 
0.5953 -0.0151553 0.80336 -2.56597 0.0051079 0.999873 0.0150775 -0.608768 -0.803487 -0.00487217 0.595302 86.8318 
0.548888 -0.0132138 0.835792 -2.23524 0.00204358 0.999893 0.0144662 -0.612075 -0.835894 -0.00623233 0.548856 87.0059 
0.501921 -0.0103585 0.864852 -1.90167 -0.00285101 0.999903 0.0136306 -0.613698 -0.864909 -0.00930719 0.501843 87.1674 
0.45671 -0.00837891 0.889576 -1.56258 -0.00477774 0.999918 0.0118711 -0.617061 -0.889603 -0.00967183 0.456633 87.3061 
0.414523 -0.0111152 0.909971 -1.20925 0.00118301 0.999931 0.0116752 -0.618034 -0.910038 -0.00376313 0.414508 87.4216 
0.374919 -0.0189583 0.926864 -0.844042 0.0151641 0.999783 0.0143159 -0.615481 -0.926934 0.00868772 0.375125 87.5129 
0.339753 -0.0229876 0.940234 -0.481477 0.0187367 0.999668 0.0176702 -0.613829 -0.940328 0.0116134 0.340071 87.6051 
0.306784 -0.0190287 0.951589 -0.117798 0.0154276 0.999768 0.0150185 -0.61371 -0.951654 0.0100733 0.307006 87.7036 
0.276014 -0.0113136 0.961087 0.249154 0.00408987 0.999935 0.0105963 -0.618281 -0.961145 0.00100599 0.276042 87.808 
0.247869 -0.00713199 0.968767 0.629029 -0.000984204 0.999971 0.00761352 -0.62723 -0.968793 -0.00284062 0.247855 87.8958 
0.222344 -0.00560337 0.974952 1.02234 0.000153161 0.999984 0.00571231 -0.632728 -0.974968 -0.00112077 0.222341 87.9651 
0.198948 -0.00438217 0.98 1.42534 0.00744695 0.999968 0.00295966 -0.632971 -0.979982 0.00670919 0.198974 88.0194 
0.178837 0.00174043 0.983877 1.83616 0.0142207 0.999889 -0.00435363 -0.623969 -0.983776 0.01477 0.178793 88.0667 
0.159117 0.0083654 0.987224 2.25852 0.0161835 0.999808 -0.0110804 -0.615344 -0.987127 0.0177399 0.158951 88.1202 
0.141607 0.00903592 0.989882 2.69617 0.0135338 0.999847 -0.011063 -0.620071 -0.98983 0.0149634 0.141463 88.1775 
0.126299 0.00447753 0.991982 3.14957 0.0114303 0.999917 -0.00596865 -0.633626 -0.991926 0.0120925 0.126238 88.2297 
0.111846 0.000982691 0.993725 3.61867 0.0115226 0.999931 -0.00228572 -0.644673 -0.993659 0.0117059 0.111827 88.275 
0.0985837 -0.0016599 0.995127 4.10272 0.0136305 0.999907 0.000317547 -0.651275 -0.995035 0.0135328 0.0985971 88.3117 
0.086925 -0.00262525 0.996211 4.60036 0.0172221 0.999851 0.00113212 -0.65511 -0.996066 0.0170584 0.0869572 88.3433 
0.0767276 -0.00217945 0.99705 5.11117 0.0201608 0.999797 0.000633988 -0.658458 -0.996848 0.0200527 0.0767559 88.373 
0.0688606 -0.00187594 0.997625 5.64117 0.022088 0.999756 0.00035533 -0.662506 -0.997382 0.0220111 0.0688852 88.4029 
0.0632807 -0.00175841 0.997994 6.1896 0.0238517 0.999715 0.000249053 -0.666673 -0.997711 0.0237881 0.0633047 88.4326 
0.0576902 -0.00086719 0.998334 6.75522 0.0250005 0.999687 -0.000576326 -0.669968 -0.998021 0.0249921 0.0576938 88.4614 
0.0517565 -0.000337313 0.99866 7.33852 0.0254464 0.999676 -0.000981128 -0.673577 -0.998335 0.0254631 0.0517483 88.4894 
0.0473579 -0.000420353 0.998878 7.94375 0.0279279 0.99961 -0.00090343 -0.676022 -0.998487 0.0279393 0.0473512 88.5135 
0.0444658 -0.000624423 0.999011 8.5652 0.029323 0.99957 -0.00068039 -0.679394 -0.99858 0.0293242 0.044465 88.5368 
0.0414156 -0.00126824 0.999141 9.20442 0.0302176 0.999543 1.61871e-05 -0.683483 -0.998685 0.030191 0.0414351 88.5612 
0.0390372 -0.00205533 0.999236 9.86089 0.032384 0.999475 0.000790676 -0.686889 -0.998713 0.0323284 0.0390832 88.5839 
0.0383809 -0.0027119 0.99926 10.5368 0.0370917 0.999311 0.00128738 -0.690836 -0.998575 0.0370148 0.0384551 88.6032 
0.0393767 -0.00325764 0.999219 11.229 0.0407564 0.999168 0.00165136 -0.692717 -0.998393 0.0406595 0.0394767 88.6258 
0.0418044 -0.00359023 0.999119 11.9395 0.0429048 0.999078 0.00179489 -0.69559 -0.998204 0.042792 0.0419199 88.6548 
0.0456558 -0.00387377 0.99895 12.6643 0.0457486 0.998951 0.00178289 -0.697969 -0.997909 0.0456192 0.0457851 88.6875 
0.0500964 -0.00444798 0.998734 13.4066 0.0464429 0.998919 0.00211923 -0.698618 -0.997664 0.046278 0.0502488 88.7248 
0.054132 -0.00627908 0.998514 14.1692 0.0482776 0.998827 0.0036638 -0.699786 -0.997366 0.0480075 0.0543717 88.7653 
0.0582481 -0.00792768 0.998271 14.9404 0.0485304 0.998809 0.00510025 -0.699538 -0.997122 0.0481494 0.0585635 88.8125 
0.0624803 -0.0101396 0.997995 15.724 0.0455952 0.998933 0.00729462 -0.701208 -0.997004 0.045048 0.0628759 88.8691 
0.0665551 -0.0113569 0.997718 16.523 0.0451597 0.998945 0.00835836 -0.698808 -0.99676 0.0445003 0.0669978 88.9283 
0.0708347 -0.0104327 0.997434 17.3242 0.042809 0.999056 0.00740956 -0.698615 -0.996569 0.0421742 0.0712144 88.9919 
0.0739654 -0.00649218 0.99724 18.1331 0.0411393 0.999147 0.00345329 -0.703632 -0.996412 0.0407704 0.0741694 89.0595 
0.0755383 -0.00132751 0.997142 18.9396 0.0357556 0.99936 -0.0013782 -0.711633 -0.996502 0.0357575 0.0755374 89.1329 
0.0754441 0.00177029 0.997148 19.758 0.0333406 0.999435 -0.00429689 -0.717807 -0.996592 0.0335697 0.0753424 89.2039 
0.0757788 0.00114873 0.997124 20.5723 0.0315336 0.999496 -0.00354793 -0.729273 -0.996626 0.0317117 0.0757044 89.2741 
0.075879 -0.000662302 0.997117 21.3939 0.0288764 0.999582 -0.00153351 -0.744158 -0.996699 0.0289095 0.0758664 89.3459 
0.0758555 -0.00206072 0.997117 22.2185 0.0301476 0.999545 -0.000227733 -0.756295 -0.996663 0.030078 0.0758831 89.4077 
0.0763486 -0.00275579 0.997077 23.0402 0.0280138 0.999607 0.000617699 -0.768465 -0.996688 0.0278847 0.0763958 89.4787 
0.0765148 -0.0025861 0.997065 23.8577 0.0264516 0.99965 0.000562906 -0.782095 -0.996718 0.0263309 0.0765565 89.5487 
0.0767505 -0.00209212 0.997048 24.6731 0.0237296 0.999718 0.000271065 -0.794747 -0.996768 0.0236388 0.0767785 89.6192 
0.0756821 -0.000888892 0.997132 25.4884 0.0211543 0.999776 -0.000714355 -0.807303 -0.996908 0.0211477 0.0756839 89.6893 
0.0729743 -0.00140133 0.997333 26.3029 0.0178892 0.99984 9.59045e-05 -0.819931 -0.997173 0.0178345 0.0729876 89.7557 
0.0691697 -0.00271703 0.997601 27.1154 0.0154987 0.999879 0.00164861 -0.830065 -0.997485 0.0153475 0.0692034 89.8185 
0.0644546 -0.00519176 0.997907 27.9273 0.0135501 0.999899 0.00432693 -0.840843 -0.997829 0.0132429 0.0645184 89.8766 
0.0581771 -0.00725226 0.99828 28.7412 0.0112066 0.999915 0.00661104 -0.850458 -0.998243 0.0108028 0.0582534 89.9309 
0.0507755 -0.00718134 0.998684 29.5505 0.0105946 0.999922 0.00665159 -0.860572 -0.998654 0.0102429 0.0508476 89.9759 
0.0421491 -0.0062342 0.999092 30.3543 0.0105193 0.999928 0.00579563 -0.864997 -0.999056 0.0102655 0.0422116 90.0119 
0.0322669 -0.00595433 0.999462 31.1549 0.0108579 0.999925 0.00560656 -0.869587 -0.99942 0.0106711 0.0323291 90.0374 
0.0221145 -0.00703824 0.999731 31.9535 0.012094 0.999904 0.00677194 -0.873959 -0.999682 0.011941 0.0221975 90.0525 
0.0114777 -0.00798322 0.999902 32.7485 0.0111398 0.999907 0.00785538 -0.879211 -0.999872 0.0110486 0.0115656 90.0609 
0.000297102 -0.00888962 0.99996 33.539 0.0125312 0.999882 0.0088852 -0.88362 -0.999921 0.012528 0.000408464 90.0601 
-0.010561 -0.00853139 0.999908 34.3218 0.0128378 0.99988 0.00866674 -0.886834 -0.999862 0.0129281 -0.0104502 90.0493 
-0.0216243 -0.0079808 0.999734 35.1068 0.0131708 0.999879 0.00826684 -0.891986 -0.999679 0.013346 -0.0215165 90.0338 
-0.0321853 -0.00704242 0.999457 35.8853 0.0128189 0.99989 0.00745828 -0.897774 -0.9994 0.013052 -0.0320915 90.0087 
-0.0423269 -0.00617403 0.999085 36.6588 0.0136756 0.999884 0.00675834 -0.904876 -0.99901 0.0139491 -0.0422376 89.9719 
-0.0518166 -0.00567272 0.998641 37.4268 0.0145874 0.999873 0.00643662 -0.913885 -0.99855 0.0149011 -0.0517273 89.9305 
-0.0615032 -0.00532726 0.998093 38.187 0.0152965 0.999863 0.0062793 -0.921988 -0.99799 0.0156535 -0.0614133 89.8815 
-0.0707631 -0.00502592 0.99748 38.9341 0.0159093 0.999854 0.00616652 -0.928723 -0.997366 0.0163055 -0.0706728 89.826 
-0.0792461 -0.00553617 0.99684 39.672 0.0171173 0.99983 0.00691356 -0.934174 -0.996708 0.0176111 -0.0791378 89.763 
-0.0866278 -0.00671074 0.996218 40.4057 0.0187869 0.999788 0.00836844 -0.940124 -0.996064 0.0194408 -0.0864834 89.6968 
-0.091895 -0.00853209 0.995732 41.1283 0.0216361 0.99971 0.0105629 -0.946867 -0.995534 0.0225144 -0.0916838 89.6263 
-0.0956231 -0.0103321 0.995364 41.8419 0.0246348 0.999615 0.0127429 -0.9532 -0.995113 0.0257391 -0.0953317 89.5516 
-0.0983579 -0.0115468 0.995084 42.5448 0.0264801 0.999548 0.014216 -0.955475 -0.994799 0.0277482 -0.0980077 89.4805 
-0.100035 -0.0125453 0.994905 43.2364 0.0269242 0.99952 0.0153106 -0.959432 -0.99462 0.0283186 -0.0996497 89.4107 
-0.100783 -0.0122373 0.994833 43.9109 0.0279576 0.999495 0.0151269 -0.962775 -0.994516 0.0293377 -0.10039 89.3432 
-0.0999425 -0.0112806 0.994929 44.5687 0.0291316 0.999474 0.0142585 -0.965811 -0.994567 0.030409 -0.0995613 89.2783 
-0.0969696 -0.00980567 0.995239 45.207 0.0304902 0.999453 0.012818 -0.969763 -0.99482 0.031588 -0.0966175 89.2191 
-0.0917726 -0.00946131 0.995735 45.831 0.0308633 0.999447 0.0123411 -0.973408 -0.995302 0.0318643 -0.0914299 89.166 
-0.0837374 -0.00886165 0.996448 46.4374 0.0306503 0.999464 0.0114642 -0.978141 -0.996016 0.0315014 -0.083421 89.122 
-0.07256 -0.00911287 0.997322 47.0203 0.0298542 0.99949 0.0113047 -0.984996 -0.996917 0.0305946 -0.0722509 89.0893 
-0.0587588 -0.00899512 0.998232 47.5835 0.029745 0.9995 0.0107574 -0.992035 -0.997829 0.0303245 -0.0584618 89.0655 
-0.0415311 -0.00782363 0.999107 48.1213 0.0295022 0.999524 0.00905326 -0.998315 -0.998702 0.0298519 -0.0412805 89.0564 
-0.0201266 -0.00547681 0.999782 48.6488 0.0287682 0.999568 0.00605477 -1.00597 -0.999383 0.0288838 -0.0199603 89.0604 
0.00456998 -0.00276327 0.999986 49.171 0.0274546 0.99962 0.00263679 -1.01602 -0.999613 0.0274422 0.00464411 89.0805 
0.0330203 -0.001301 0.999454 49.6917 0.0265661 0.999647 0.00042355 -1.0238 -0.999102 0.0265376 0.0330432 89.1167 
0.0663549 -0.00215688 0.997794 50.2064 0.0253839 0.999678 0.000472877 -1.03319 -0.997473 0.0252966 0.0663883 89.17 
0.104566 -0.00480132 0.994506 50.7154 0.0256199 0.999669 0.00213249 -1.03961 -0.994188 0.0252562 0.104654 89.2436 
0.146691 -0.00908554 0.989141 51.2172 0.0245736 0.999683 0.00553806 -1.05208 -0.988877 0.0234944 0.146868 89.3421 
0.191856 -0.013794 0.981326 51.7116 0.0232389 0.999685 0.00950872 -1.0618 -0.981148 0.0209806 0.192116 89.4667 
0.24029 -0.0173749 0.970546 52.1916 0.0199922 0.999716 0.0129474 -1.07053 -0.970495 0.0162922 0.240569 89.6157 
0.291773 -0.0191906 0.956295 52.6546 0.0179897 0.999732 0.0145735 -1.07633 -0.956318 0.0129513 0.29204 89.7886 
0.346432 -0.0199312 0.937863 53.1038 0.0190741 0.999717 0.0142001 -1.08037 -0.937881 0.0129695 0.346715 89.9866 
0.403859 -0.0195932 0.914612 53.531 0.0225579 0.99968 0.0114549 -1.08591 -0.914543 0.0160056 0.404171 90.2091 
0.463269 -0.0162535 0.886069 53.9358 0.0249114 0.999676 0.0053128 -1.0903 -0.885868 0.019612 0.463524 90.457 
0.522203 -0.0128618 0.852724 54.3194 0.0273866 0.999623 -0.00169392 -1.09487 -0.852381 0.0242378 0.522359 90.731 
0.579498 -0.00856042 0.814929 54.6738 0.024706 0.99967 -0.00706745 -1.09963 -0.814599 0.0242292 0.579518 91.0374 
0.634656 -0.00541619 0.772776 55.0106 0.0223735 0.999685 -0.0113681 -1.10014 -0.772471 0.0245045 0.634577 91.3699 
0.686727 -0.00441339 0.726902 55.3248 0.0219569 0.999651 -0.0146739 -1.10621 -0.726584 0.0260375 0.686584 91.7212 
0.734769 -0.00678885 0.678283 55.6175 0.0232867 0.999613 -0.015221 -1.1168 -0.677917 0.0269789 0.734643 92.0933 
0.779273 -0.0101939 0.626602 55.8809 0.0225086 0.999678 -0.0117296 -1.12441 -0.62628 0.0232445 0.779252 92.4826 
0.819725 -0.015115 0.572558 56.1173 0.0230752 0.999712 -0.00664507 -1.13122 -0.572292 0.018659 0.819838 92.8922 
0.855409 -0.017493 0.517657 56.3265 0.0217926 0.99976 -0.00222699 -1.13659 -0.517494 0.0131861 0.855585 93.3189 
0.885794 -0.0209322 0.463607 56.5134 0.0219124 0.999755 0.00327255 -1.14207 -0.463561 0.00725992 0.886035 93.7595 
0.910785 -0.0202039 0.412386 56.6717 0.0189676 0.999795 0.00709122 -1.15043 -0.412445 0.00136339 0.910982 94.205 
0.93034 -0.0181515 0.366249 56.8104 0.0159155 0.999832 0.00912385 -1.15695 -0.366353 -0.00265924 0.930472 94.6613 
0.945254 -0.0122884 0.326105 56.9267 0.00929182 0.999899 0.010745 -1.16226 -0.326205 -0.00712668 0.945272 95.1271 
0.95672 -0.00824248 0.290892 57.0328 0.0059301 0.999943 0.00882997 -1.16271 -0.290948 -0.00672279 0.956715 95.5965 
0.965608 -0.00662657 0.259917 57.1369 0.00469994 0.999957 0.00803324 -1.16241 -0.259959 -0.00653537 0.965597 96.0716 
0.971224 -0.0123113 0.237848 57.2451 0.0108305 0.999913 0.00753151 -1.16438 -0.23792 -0.00473877 0.971273 96.5508 
0.974881 -0.0155406 0.222183 57.3466 0.0141518 0.999869 0.00784157 -1.17063 -0.222276 -0.00450031 0.974973 97.0338 
0.977746 -0.011565 0.209474 57.4342 0.0102827 0.999921 0.00720959 -1.17281 -0.20954 -0.0048952 0.977788 97.5299 
0.979821 -0.00624072 0.199781 57.5197 0.0048466 0.99996 0.00746656 -1.17185 -0.19982 -0.00634764 0.979812 98.0337 
0.98104 0.00131491 0.193803 57.6025 -0.00254282 0.999978 0.00608727 -1.17193 -0.193791 -0.00646466 0.981022 98.5466 
0.981573 0.00695259 0.190962 57.6906 -0.0075744 0.999968 0.00252647 -1.17727 -0.190938 -0.00392633 0.981594 99.0693 
0.98171 0.00793116 0.190217 57.7906 -0.00811185 0.999967 0.000171304 -1.18639 -0.190209 -0.00171118 0.981742 99.599 
0.981212 0.00629457 0.192831 57.9 -0.00579921 0.999978 -0.00313319 -1.19437 -0.192846 0.00195605 0.981227 100.143 
0.980406 0.00470474 0.196929 58.0165 -0.0029267 0.999952 -0.00931889 -1.19931 -0.196964 0.00855995 0.980373 100.693 
0.979573 0.00460369 0.201035 58.136 -0.00186122 0.999903 -0.0138286 -1.20286 -0.201079 0.013172 0.979486 101.256 
0.978665 0.00916353 0.205259 58.254 -0.00662132 0.999893 -0.0130688 -1.21174 -0.205356 0.0114309 0.97862 101.834 
0.977446 0.0120556 0.210839 58.3721 -0.0104306 0.999907 -0.0088178 -1.22009 -0.210926 0.00641976 0.977481 102.431 
0.976504 0.00901279 0.215309 58.5082 -0.00839628 0.999958 -0.00377781 -1.23216 -0.215334 0.00188125 0.976539 103.033 
0.975736 0.00449667 0.218904 58.6535 -0.00507083 0.999985 0.00206112 -1.2386 -0.218892 -0.00312113 0.975744 103.65 
0.97493 0.0017773 0.222504 58.7971 -0.00338047 0.999971 0.00682445 -1.24095 -0.222486 -0.00740553 0.974908 104.28 
0.97426 -0.00293339 0.225407 58.9473 0.00121031 0.999969 0.00778213 -1.24495 -0.225423 -0.00730901 0.974234 104.917 
0.974161 -0.00659447 0.225756 59.1007 0.00563316 0.999972 0.00490212 -1.25085 -0.225782 -0.00350374 0.974171 105.56 
0.974173 -0.00760902 0.225674 59.2525 0.00822879 0.999965 -0.00180577 -1.25961 -0.225653 0.00361616 0.974201 106.215 
0.974322 -0.00565559 0.225088 59.3996 0.00770485 0.999936 -0.00822688 -1.26695 -0.225027 0.0097499 0.974304 106.878 
0.97493 -0.00321703 0.222487 59.5471 0.00599077 0.999913 -0.0117932 -1.27345 -0.222429 0.0128304 0.974864 107.556 
0.975506 -0.00532874 0.219907 59.7003 0.00715003 0.999946 -0.00748698 -1.28187 -0.219855 0.00887593 0.975492 108.255 
0.975843 -0.00983839 0.21825 59.8628 0.0100202 0.99995 0.000274011 -1.2943 -0.218241 0.0019195 0.975893 108.971 
0.976476 -0.010003 0.215396 60.02 0.00887689 0.999941 0.00619465 -1.30841 -0.215445 -0.00413688 0.976507 109.697 
0.976885 -0.00714961 0.213646 60.1706 0.00609739 0.999966 0.00558364 -1.31696 -0.213679 -0.00415189 0.976895 110.43 
0.977336 -0.00190291 0.211684 60.3157 0.00173078 0.999998 0.000998472 -1.32008 -0.211685 -0.000609466 0.977338 111.169 
0.97815 -0.00171445 0.207893 60.4709 0.00269801 0.999986 -0.00444761 -1.32293 -0.207882 0.00491133 0.978142 111.918 
0.978954 -0.00348594 0.204052 60.626 0.00506653 0.999961 -0.00722413 -1.32967 -0.204018 0.00810592 0.978933 112.676 
0.979749 -0.00625018 0.20013 60.7807 0.00753139 0.999956 -0.00564115 -1.3386 -0.200086 0.00703417 0.979753 113.447 
0.980423 -0.0105089 0.196624 60.9364 0.0114037 0.999929 -0.00341911 -1.35172 -0.196574 0.00559442 0.980473 114.229 
0.980785 -0.0118272 0.194733 61.092 0.0121636 0.999926 -0.000531929 -1.36314 -0.194712 0.00289036 0.980856 115.025 
0.981018 -0.0157041 0.193282 61.2529 0.0156477 0.999876 0.00181828 -1.36859 -0.193286 0.00124065 0.981142 115.828 
0.980999 -0.0211318 0.192861 61.4162 0.0209141 0.999776 0.00316483 -1.37339 -0.192885 0.000928819 0.981221 116.64 
0.981174 -0.0206419 0.192018 61.5726 0.0200839 0.999787 0.00485198 -1.38096 -0.192077 -0.000904164 0.981379 117.453 
0.981199 -0.0158077 0.192349 61.7254 0.0155202 0.999875 0.00300139 -1.38811 -0.192373 4.03355e-05 0.981322 118.272 
0.981161 -0.0106318 0.192902 61.8791 0.0108942 0.999941 -0.000299618 -1.39339 -0.192887 0.00239549 0.981218 119.101 
0.981039 -0.00209038 0.193801 62.031 0.0024896 0.999995 -0.00181643 -1.40187 -0.193797 0.00226448 0.981039 119.935 
0.980457 0.00349328 0.196703 62.1851 -0.00335221 0.999994 -0.00105012 -1.41047 -0.196705 0.000370207 0.980463 120.771 
0.979904 0.00564739 0.199389 62.346 -0.00600466 0.999981 0.0011872 -1.42182 -0.199379 -0.00236061 0.97992 121.614 
0.979372 0.00583129 0.20198 62.5157 -0.00607926 0.999981 0.000607368 -1.43306 -0.201973 -0.00182273 0.979389 122.46 
0.978985 0.0038684 0.203894 62.6885 -0.00355665 0.999992 -0.0018954 -1.44092 -0.203899 0.00113039 0.978991 123.302 
0.978729 -0.00301148 0.205136 62.8726 0.00316114 0.999995 -0.000401833 -1.44787 -0.205134 0.00104175 0.978733 124.149 
0.978665 -0.0103086 0.205205 63.0576 0.0109082 0.999939 -0.00179078 -1.46142 -0.205174 0.003991 0.978717 124.983 
0.978398 -0.0112418 0.206423 63.2348 0.0118374 0.999929 -0.00165029 -1.47469 -0.206389 0.00405815 0.978462 125.829 
0.978049 -0.00887795 0.208185 63.4102 0.00878258 0.99996 0.00138246 -1.48381 -0.208189 0.000476286 0.978088 126.682 
0.977833 -0.0071306 0.209265 63.5806 0.00577999 0.999958 0.00706493 -1.49026 -0.209306 -0.00569877 0.977833 127.528 
0.977723 -0.0040089 0.209862 63.7495 0.00165071 0.999934 0.0114108 -1.50004 -0.209894 -0.0108102 0.977664 128.358 
0.977416 -0.00518378 0.211261 63.9242 0.0041924 0.999978 0.00514029 -1.50852 -0.211283 -0.00413851 0.977416 129.186 
0.97731 -0.0101621 0.211569 64.1083 0.0123295 0.999884 -0.00892782 -1.52228 -0.211454 0.0113338 0.977322 130.003 
0.977314 -0.0125086 0.211427 64.2913 0.0166372 0.999704 -0.0177595 -1.53467 -0.211143 0.0208742 0.977232 130.819 
0.977526 -0.0154635 0.210249 64.4663 0.0176592 0.999807 -0.0085698 -1.54546 -0.210076 0.01209 0.97761 131.641 
0.97781 -0.022009 0.208335 64.6439 0.0198935 0.999727 0.0122446 -1.55768 -0.208547 -0.00782841 0.977981 132.48 
0.978093 -0.0256561 0.206582 64.8207 0.0204422 0.999417 0.0273342 -1.56724 -0.207163 -0.0225124 0.978047 133.316 
0.978257 -0.0214498 0.206284 64.9843 0.0173521 0.999615 0.0216533 -1.56553 -0.206669 -0.017603 0.978253 134.139 
0.978687 -0.0137907 0.204892 65.1396 0.0129514 0.999901 0.00543652 -1.55748 -0.204947 -0.00266701 0.978769 134.937 
0.978854 -0.0140037 0.204079 65.3056 0.0147832 0.999888 -0.00229557 -1.5566 -0.204024 0.00526398 0.978952 135.75 
0.979218 -0.0184339 0.20197 65.4751 0.0194355 0.999807 -0.00297711 -1.56953 -0.201876 0.00684064 0.979387 136.563 
0.979807 -0.019196 0.199023 65.6389 0.0198204 0.999803 -0.00114548 -1.58927 -0.198962 0.00506706 0.979994 137.383 
0.980496 -0.0198748 0.195533 65.796 0.0207671 0.999781 -0.00251401 -1.59657 -0.195441 0.00652564 0.980694 138.199 
0.981488 -0.0193825 0.190543 65.9498 0.0205728 0.999779 -0.00427098 -1.60917 -0.190418 0.00811192 0.98167 139.005 
0.982119 -0.0148498 0.187677 66.0949 0.0159321 0.999864 -0.00425966 -1.62678 -0.187588 0.0071736 0.982222 139.826 
0.982575 -0.0090711 0.185647 66.2305 0.010095 0.999939 -0.00457097 -1.63861 -0.185594 0.00636543 0.982606 140.633 
0.982963 -0.00819319 0.183619 66.3725 0.00880232 0.999958 -0.00250248 -1.65456 -0.183591 0.00407612 0.982994 141.439 
0.983194 -0.0107635 0.182246 66.5196 0.0104782 0.999942 0.00252868 -1.67123 -0.182263 -0.000576572 0.98325 142.251 
0.983495 -0.0127303 0.180486 66.6634 0.012477 0.999919 0.00253882 -1.68307 -0.180504 -0.000244987 0.983574 143.045 
0.983917 -0.0147807 0.178014 66.8067 0.0150864 0.999886 -0.000363522 -1.69693 -0.177989 0.00304327 0.984028 143.843 
0.984652 -0.0196477 0.173418 66.9518 0.020699 0.999777 -0.00425594 -1.70766 -0.173296 0.0077802 0.984839 144.633 
0.985688 -0.0227499 0.167035 67.0857 0.0240064 0.999697 -0.00550681 -1.71615 -0.166859 0.0094379 0.985936 145.428 
0.986751 -0.024637 0.160358 67.2144 0.0250061 0.999687 -0.000283811 -1.72634 -0.160301 0.00428998 0.987059 146.228 
0.987744 -0.027615 0.153623 67.3354 0.0266882 0.999611 0.00809235 -1.73751 -0.153787 -0.00389325 0.988096 147.016 
0.988255 -0.0309684 0.149641 67.4592 0.0286747 0.999436 0.0174616 -1.74219 -0.150097 -0.0129656 0.988586 147.836 
0.989072 -0.0248364 0.145329 67.5597 0.02215 0.999553 0.0200745 -1.74611 -0.145763 -0.0166361 0.98918 148.629 
0.989767 -0.0224667 0.140912 67.6628 0.0205229 0.999673 0.0152327 -1.74499 -0.141209 -0.0121849 0.989905 149.426 
0.990755 -0.0223985 0.133798 67.766 0.0219676 0.999748 0.00469581 -1.74524 -0.13387 -0.00171316 0.990997 150.207 
0.991475 -0.0258573 0.127706 67.8695 0.0262017 0.999656 -0.0010172 -1.74449 -0.127636 0.00435464 0.991812 151.008 
0.992292 -0.0270744 0.120928 67.9624 0.02729 0.999628 -0.000127181 -1.7511 -0.120879 0.00342632 0.992661 151.817 
0.99336 -0.0207297 0.113161 68.0401 0.0205192 0.999785 0.00302446 -1.76038 -0.113199 -0.000682407 0.993572 152.639 
0.994314 -0.0155628 0.105343 68.1097 0.0155235 0.999879 0.00119308 -1.7682 -0.105349 0.000449002 0.994435 153.457 
0.995344 -0.0130337 0.0955042 68.1761 0.0135837 0.999895 -0.00511083 -1.77843 -0.0954276 0.00638433 0.995416 154.263 
0.996082 -0.0146 0.0872256 68.2425 0.0153321 0.999853 -0.00772961 -1.78851 -0.0870999 0.00903668 0.996159 155.083 
0.996759 -0.0146799 0.079098 68.3005 0.0151381 0.999872 -0.00519637 -1.80041 -0.0790116 0.00637692 0.996853 155.907 
0.997403 -0.0122919 0.070964 68.3472 0.0122021 0.999924 0.00169871 -1.8127 -0.0709795 -0.000828389 0.997477 156.737 
0.998002 -0.00919679 0.0625079 68.3852 0.00876584 0.999936 0.00716521 -1.82333 -0.0625698 -0.00660296 0.998019 157.566 
0.998444 -0.010662 0.0547336 68.4251 0.010114 0.999896 0.0102789 -1.8291 -0.0548375 -0.00970929 0.998448 158.394 
0.998781 -0.0101778 0.0482994 68.4581 0.00959971 0.99988 0.0121856 -1.83197 -0.0484176 -0.0117071 0.998759 159.223 
0.99896 -0.0114352 0.0441342 68.492 0.010987 0.999886 0.0103849 -1.83813 -0.0442479 -0.0098892 0.998972 160.053 
0.999182 -0.00695697 0.0398277 68.5143 0.00676652 0.999965 0.00491481 -1.84512 -0.0398605 -0.00464129 0.999194 160.873 
0.99934 -0.00146062 0.036298 68.5269 0.00153073 0.999997 -0.00190387 -1.85211 -0.0362951 0.00195817 0.999339 161.689 
0.99944 -0.000351398 0.0334454 68.5438 0.000497352 0.99999 -0.00435572 -1.85833 -0.0334436 0.00436992 0.999431 162.51 
0.99955 0.00121462 0.029978 68.5621 -0.00126597 0.999998 0.00169392 -1.8663 -0.0299759 -0.00173111 0.999549 163.338 
0.999615 0.00320372 0.0275437 68.5713 -0.00353846 0.99992 0.012113 -1.87358 -0.0275027 -0.0122058 0.999547 164.174 
0.999705 0.00404304 0.0239636 68.5839 -0.00450569 0.999804 0.0192841 -1.87733 -0.0238809 -0.0193864 0.999527 165.007 
0.999819 0.000427135 0.019003 68.5963 -0.000731152 0.999872 0.0159943 -1.88261 -0.0189937 -0.0160053 0.999691 165.823 
0.999829 -0.0124158 0.0136975 68.619 0.0123341 0.999906 0.00603361 -1.88374 -0.0137711 -0.00586363 0.999888 166.639 
0.999866 -0.0149925 0.00658676 68.627 0.0149851 0.999887 0.0011818 -1.88106 -0.00660373 -0.00108293 0.999978 167.452 
0.999935 -0.0113934 -0.000274258 68.6162 0.0113941 0.999932 0.00235208 -1.88513 0.000247441 -0.00235506 0.999997 168.28 
0.999873 -0.0137654 -0.0080162 68.6047 0.013832 0.99987 0.00830662 -1.89411 0.00790081 -0.00841645 0.999933 169.121 
0.999688 -0.0193635 -0.015772 68.5947 0.0195473 0.999742 0.0115827 -1.89794 0.0155436 -0.0118874 0.999809 169.95 
0.999355 -0.0285269 -0.0217985 68.583 0.0288701 0.999462 0.0155917 -1.89496 0.021342 -0.016211 0.999641 170.786 
0.999057 -0.0330786 -0.0281074 68.5606 0.0335213 0.999319 0.0154289 -1.89726 0.0275779 -0.0163565 0.999486 171.62 
0.99874 -0.0367282 -0.0342107 68.534 0.0370398 0.999277 0.00851961 -1.9057 0.033873 -0.00977603 0.999378 172.45 
0.998089 -0.0460526 -0.0412033 68.5073 0.0460139 0.998939 -0.0018887 -1.90927 0.0412466 -1.08299e-05 0.999149 173.276 
0.997279 -0.0564738 -0.0473894 68.4809 0.0562442 0.998398 -0.00616611 -1.9133 0.0476617 0.00348395 0.998857 174.109 
0.997111 -0.0530695 -0.0543364 68.4276 0.0532021 0.998583 0.00099491 -1.91998 0.0542066 -0.00388285 0.998522 174.945 
0.997282 -0.0424348 -0.0602377 68.3575 0.0433401 0.998965 0.0138021 -1.92441 0.0595897 -0.0163753 0.998089 175.792 
0.997165 -0.0373915 -0.0653018 68.2883 0.0388604 0.999016 0.0213707 -1.93159 0.0644385 -0.0238478 0.997637 176.638 
0.996886 -0.038344 -0.0689061 68.2239 0.0396971 0.999043 0.0183753 -1.93233 0.0681355 -0.0210535 0.997454 177.477 
0.996826 -0.037333 -0.0703205 68.1557 0.0379638 0.99925 0.00765506 -1.93124 0.0699819 -0.0103004 0.997495 178.311 
0.99698 -0.0272855 -0.0727095 68.0733 0.027238 0.999628 -0.00164462 -1.93526 0.0727273 -0.000340804 0.997352 179.143 
0.996766 -0.0293556 -0.0748032 68.0036 0.029042 0.999564 -0.00527681 -1.94383 0.0749255 0.00308731 0.997184 179.985 
0.996376 -0.0349242 -0.0775578 67.9463 0.0349944 0.999387 -0.000453949 -1.95204 0.0775261 -0.00226178 0.996988 180.842 
0.996358 -0.0349061 -0.0778008 67.8779 0.03566 0.999329 0.00832203 -1.95716 0.0774581 -0.0110661 0.996934 181.709 
0.996404 -0.0332155 -0.0779533 67.803 0.0344048 0.99931 0.013963 -1.96318 0.0774358 -0.0165947 0.996859 182.563 
0.996252 -0.0336831 -0.0796762 67.7317 0.0348369 0.999307 0.013135 -1.96734 0.0791785 -0.0158614 0.996734 183.417 
0.995976 -0.0374664 -0.0814084 67.6619 0.0379081 0.999274 0.00388648 -1.97357 0.0812037 -0.00695688 0.996673 184.265 
0.99535 -0.0486998 -0.0831116 67.6046 0.0482276 0.998807 -0.00768086 -1.98045 0.0833865 0.00363687 0.996511 185.108 
0.994604 -0.0594933 -0.084995 67.5466 0.0587162 0.998207 -0.0116162 -1.99058 0.0855337 0.00656297 0.996314 185.959 
0.994643 -0.0569976 -0.0862312 67.4681 0.0566128 0.998372 -0.00690339 -2.00489 0.0864843 0.00198462 0.996251 186.812 
0.994798 -0.0510959 -0.088121 67.3831 0.0516297 0.998659 0.00378759 -2.02077 0.0878093 -0.00831755 0.996103 187.665 
0.994665 -0.0503366 -0.0900401 67.3029 0.051204 0.998661 0.00734856 -2.03741 0.0895497 -0.0119198 0.995911 188.513 
0.994533 -0.0516845 -0.0907379 67.2267 0.0522253 0.998629 0.00359466 -2.048 0.0904277 -0.00831382 0.995868 189.357 
0.994597 -0.0517037 -0.0900201 67.1453 0.0516821 0.99866 -0.00257165 -2.05384 0.0900324 -0.00209467 0.995937 190.195 
0.994892 -0.045112 -0.0903093 67.0558 0.0450337 0.998981 -0.00290581 -2.06456 0.0903484 -0.001176 0.99591 191.031 
0.994951 -0.0425457 -0.0908993 66.9713 0.0427451 0.999086 0.000247766 -2.07799 0.0908057 -0.00413202 0.99586 191.867 
