1 0 0 0 0 1 0 0 0 0 1 0 
1 -0.000351956 -0.000109212 0.0045967 0.000351926 1 -0.000277812 0.021881 0.00010931 0.000277774 1 0.901954 
1 -0.000156647 0.000320287 -0.0200532 0.000156875 1 -0.000713424 0.036095 -0.000320175 0.000713474 1 1.82155 
1 9.6258e-05 0.000500815 -0.0252529 -9.58056e-05 1 -0.00090316 0.0515779 -0.000500901 0.000903112 0.999999 2.7811 
1 -0.000823753 0.000535838 -0.0268773 0.000824044 1 -0.000543424 0.0206344 -0.00053539 0.000543865 1 3.73581 
1 9.03184e-05 0.00079308 -0.0428484 -8.97466e-05 1 -0.000720991 0.0322919 -0.000793145 0.00072092 0.999999 4.5981 
1 -0.000126202 0.000685564 -0.0350681 0.000126766 1 -0.000823731 0.0218125 -0.000685459 0.000823818 0.999999 5.52075 
1 -0.000504744 0.000631539 -0.0323312 0.000505197 1 -0.000717437 0.0263524 -0.000631176 0.000717756 1 6.47914 
1 -0.000621006 0.000323459 -0.00465934 0.000621444 0.999999 -0.00135396 0.0857087 -0.000322618 0.00135416 0.999999 7.36586 
0.999998 -0.00183309 0.000258248 0.00582296 0.00183355 0.999997 -0.00178908 0.128295 -0.000254968 0.00178955 0.999998 8.26882 
0.999999 -0.00156746 -9.22793e-05 0.0384177 0.00156723 0.999996 -0.00235567 0.159016 9.59713e-05 0.00235552 0.999997 9.23946 
1 -0.000606993 0.000292463 0.00843165 0.000607595 0.999998 -0.0020638 0.146489 -0.00029121 0.00206398 0.999998 10.1077 
1 -4.72596e-05 0.00041297 0.00335959 4.79146e-05 0.999999 -0.0015862 0.125919 -0.000412894 0.00158622 0.999999 11.0318 
1 -7.73358e-05 0.000447802 0.00813457 7.81683e-05 0.999998 -0.00185936 0.126938 -0.000447658 0.00185939 0.999998 12.0061 
0.999999 -0.000934336 0.00049509 0.0111405 0.000935099 0.999998 -0.0015427 0.102082 -0.000493648 0.00154316 0.999999 12.913 
1 -0.000477729 0.000605806 0.0109649 0.000478695 0.999999 -0.00159641 0.102653 -0.000605043 0.0015967 0.999999 13.8808 
1 -2.85009e-05 0.000743346 0.00393087 2.98772e-05 0.999998 -0.00185151 0.124628 -0.000743292 0.00185153 0.999998 14.8399 
0.999999 -0.000815826 0.000738248 -0.000683299 0.000817173 0.999998 -0.00182524 0.11301 -0.000736758 0.00182584 0.999998 15.8088 
0.999998 -0.00159794 0.000722051 -0.0109693 0.00159879 0.999998 -0.00118017 0.0779356 -0.000720164 0.00118133 0.999999 16.6778 
1 -0.000338662 0.000821015 -0.00831464 0.000339699 0.999999 -0.00126222 0.100264 -0.000820587 0.0012625 0.999999 17.6865 
1 -0.000139974 0.000574781 0.00122557 0.000141028 0.999998 -0.0018345 0.133672 -0.000574524 0.00183458 0.999998 18.5831 
1 -0.000315443 0.000685674 0.000301507 0.000316515 0.999999 -0.00156334 0.109103 -0.00068518 0.00156356 0.999999 19.4985 
1 0.000497018 0.000581127 -0.00577095 -0.000496543 1 -0.000818169 0.0769336 -0.000581533 0.00081788 0.999999 20.5021 
1 -0.000252984 0.0002944 0.0154368 0.000253299 0.999999 -0.00107106 0.0984227 -0.000294128 0.00107113 0.999999 21.3768 
1 -0.000223332 0.00043613 0.0116405 0.000223842 0.999999 -0.00116821 0.111307 -0.000435869 0.00116831 0.999999 22.2167 
1 0.000118713 0.000373266 0.0154098 -0.000118329 0.999999 -0.00102872 0.101042 -0.000373387 0.00102867 0.999999 23.1653 
1 -0.000614293 0.000251847 0.0179398 0.000614449 1 -0.000620822 0.0715186 -0.000251466 0.000620976 1 24.0322 
1 2.46381e-06 0.000478558 0.00476125 -2.19607e-06 1 -0.000559461 0.0756295 -0.00047856 0.00055946 1 24.9513 
1 0.000189498 0.00060516 -0.00904043 -0.000189461 1 -6.10943e-05 0.0493119 -0.000605171 6.09796e-05 1 25.886 
1 6.14968e-05 0.00030406 0.00986524 -6.14329e-05 1 -0.000210374 0.053341 -0.000304073 0.000210356 1 26.8551 
1 7.81175e-05 0.000154715 0.024977 -7.81459e-05 1 0.000183572 0.0160244 -0.0001547 -0.000183584 1 27.6939 
0.999999 0.00110547 0.000498228 -0.000110509 -0.00110546 0.999999 -5.15225e-06 0.0163188 -0.000498233 4.60147e-06 1 28.6183 
0.999995 0.00308723 0.00071165 -0.0164229 -0.00308705 0.999995 -0.000256913 0.0297917 -0.000712439 0.000254715 1 29.5586 
0.999998 0.00186289 0.000712857 -0.0198889 -0.00186307 0.999998 0.000251161 -0.00691588 -0.000712388 -0.000252489 1 30.3832 
0.999999 0.0011999 0.000584446 -0.00597497 -0.00120014 0.999999 0.000408149 -0.0133929 -0.000583956 -0.00040885 1 31.3021 
1 0.000303629 0.000636734 -0.00526408 -0.000303779 1 0.000235002 0.0104506 -0.000636662 -0.000235195 1 32.169 
0.999999 0.000995006 0.000846683 -0.0123145 -0.000995538 0.999999 0.000627215 -0.0160553 -0.000846059 -0.000628057 0.999999 33.0887 
0.999999 0.000681779 0.00107422 -0.0233599 -0.000682127 1 0.00032444 -0.00127592 -0.001074 -0.000325173 0.999999 33.9873 
0.999999 0.000363994 0.00148694 -0.0484931 -0.000365255 1 0.000847742 -0.0359538 -0.00148663 -0.000848284 0.999999 34.8326 
0.999999 -0.000273733 0.00141426 -0.0363627 0.000272313 0.999999 0.00100473 -0.0336885 -0.00141453 -0.00100434 0.999998 35.7902 
0.999999 -0.000340667 0.00146461 -0.0459683 0.000338484 0.999999 0.00149007 -0.0654903 -0.00146512 -0.00148957 0.999998 36.7264 
0.999999 -0.0010547 0.00116976 -0.0140305 0.00105376 0.999999 0.000811523 -0.0184852 -0.00117061 -0.000810289 0.999999 37.7995 
0.999998 -0.00190705 0.000843407 0.01433 0.00190613 0.999998 0.00108982 -0.0260478 -0.000845484 -0.00108821 0.999999 38.6944 
0.999998 -0.00168811 0.00126383 -0.0140844 0.00168643 0.999998 0.00133484 -0.0465247 -0.00126608 -0.00133271 0.999998 39.6128 
0.999997 -0.00199853 0.00140376 -0.0267082 0.00199507 0.999995 0.00246296 -0.136866 -0.00140867 -0.00246015 0.999996 40.5716 
0.999998 -0.00146659 0.00160101 -0.0288583 0.00146315 0.999997 0.0021508 -0.121559 -0.00160416 -0.00214845 0.999996 41.5778 
0.999999 -0.000699304 0.00148495 -0.0110763 0.000696696 0.999998 0.00175617 -0.0950289 -0.00148617 -0.00175513 0.999997 42.3792 
0.999998 -0.00118173 0.00153064 -0.012341 0.00117858 0.999997 0.00205485 -0.0910894 -0.00153307 -0.00205304 0.999997 43.2885 
0.999998 -0.00170294 0.00128916 0.0068372 0.00169998 0.999996 0.00229186 -0.100802 -0.00129306 -0.00228966 0.999997 44.299 
0.999997 -0.00211723 0.0010776 0.0371027 0.00211462 0.999995 0.00241956 -0.114795 -0.00108271 -0.00241728 0.999996 45.2371 
0.999996 -0.00256042 0.0011626 0.0397513 0.0025581 0.999995 0.00199248 -0.0716933 -0.0011677 -0.0019895 0.999997 46.2006 
0.999998 -0.00195187 0.00102568 0.0579846 0.00194931 0.999995 0.00249188 -0.0997076 -0.00103054 -0.00248987 0.999996 47.0926 
0.999994 -0.0031573 0.00104222 0.0574447 0.00315424 0.999991 0.00293297 -0.120518 -0.00105147 -0.00292966 0.999995 47.9415 
0.999989 -0.00450115 0.00115479 0.0485392 0.00449774 0.999986 0.00293862 -0.11085 -0.001168 -0.00293339 0.999995 48.8587 
0.999994 -0.0031294 0.0011444 0.0519022 0.00312566 0.99999 0.00325153 -0.113309 -0.00115456 -0.00324794 0.999994 49.6873 
0.999994 -0.00347585 0.000901829 0.0657051 0.00347276 0.999988 0.00341115 -0.114369 -0.000913675 -0.00340799 0.999994 50.7308 
0.999993 -0.00350485 0.00121624 0.0407711 0.00350035 0.999987 0.00368083 -0.134313 -0.00122913 -0.00367655 0.999992 51.5906 
0.999995 -0.00278997 0.00146349 0.0223435 0.0027852 0.999991 0.00325143 -0.099382 -0.00147255 -0.00324734 0.999994 52.3815 
0.999995 -0.00294534 0.00142466 0.0250863 0.00294112 0.999991 0.00295736 -0.0712139 -0.00143335 -0.00295315 0.999995 53.3086 
0.999996 -0.00230214 0.00170234 0.00215805 0.00229652 0.999992 0.00329788 -0.0850024 -0.00170992 -0.00329396 0.999993 54.1966 
0.999995 -0.00284048 0.00170078 0.000798992 0.00283452 0.99999 0.00349312 -0.0967284 -0.00171068 -0.00348828 0.999992 55.1016 
0.999996 -0.00224895 0.00179073 -0.00407102 0.00224183 0.99999 0.00396389 -0.11327 -0.00179963 -0.00395986 0.999991 56.0628 
0.999997 -0.00186665 0.00183518 -0.00495883 0.00185831 0.999988 0.00453169 -0.15418 -0.00184362 -0.00452826 0.999988 56.9388 
0.999997 -0.00179458 0.00143233 0.0283793 0.00178673 0.999983 0.00546182 -0.200354 -0.00144211 -0.00545924 0.999984 57.8761 
0.999996 -0.00252343 0.000805047 0.0640843 0.00251944 0.999985 0.00491221 -0.150827 -0.00081743 -0.00491017 0.999988 58.8134 
0.999996 -0.00288843 0.000656148 0.0825788 0.00288521 0.999984 0.00485166 -0.146408 -0.000670151 -0.00484975 0.999988 59.8662 
0.999997 -0.00233559 0.000801265 0.0751708 0.00233186 0.999987 0.004632 -0.118282 -0.000812073 -0.00463012 0.999989 60.7389 
0.999994 -0.00321223 0.000856417 0.0755028 0.0032083 0.999984 0.00455835 -0.116469 -0.000871046 -0.00455558 0.999989 61.6489 
0.999993 -0.00351974 0.00107793 0.0540184 0.00351474 0.999983 0.0046013 -0.096896 -0.00109411 -0.00459748 0.999989 62.5565 
0.99999 -0.00423261 0.00150174 0.022568 0.00422509 0.999979 0.00497369 -0.123165 -0.00152276 -0.00496729 0.999987 63.6483 
0.999987 -0.00485682 0.00176096 0.00388831 0.0048484 0.999977 0.004754 -0.0891438 -0.00178401 -0.0047454 0.999987 64.4899 
0.999983 -0.00548697 0.00194957 -0.00255604 0.00547691 0.999972 0.0051267 -0.105925 -0.00197765 -0.00511594 0.999985 65.4476 
0.999984 -0.00554937 0.00131031 0.0462756 0.00554273 0.999972 0.005015 -0.0972661 -0.00133811 -0.00500766 0.999987 66.3032 
0.999988 -0.00490714 0.000737705 0.0866753 0.00490344 0.999976 0.00493247 -0.103277 -0.000761891 -0.00492879 0.999988 67.1513 
0.999982 -0.00600793 0.000576182 0.0973141 0.00600506 0.99997 0.0048598 -0.0983548 -0.000605362 -0.00485625 0.999988 68.0835 
0.999979 -0.00638898 0.000820148 0.0917309 0.00638523 0.99997 0.00448785 -0.064112 -0.000848796 -0.00448252 0.99999 68.9192 
0.999987 -0.00507881 0.000903923 0.0834645 0.00507432 0.999975 0.00490619 -0.092723 -0.000928818 -0.00490154 0.999988 69.807 
0.999989 -0.00472831 0.000772329 0.0989112 0.00472474 0.999978 0.00455538 -0.0667256 -0.000793852 -0.00455168 0.999989 70.7188 
0.999993 -0.00366717 0.00109016 0.0809042 0.00366205 0.999982 0.00466115 -0.066101 -0.00110723 -0.00465712 0.999989 71.6366 
0.999992 -0.00376324 0.00112637 0.0723453 0.00375693 0.999978 0.00555298 -0.112183 -0.00114724 -0.0055487 0.999984 72.5653 
0.999989 -0.00444623 0.00137862 0.0588885 0.0044395 0.999978 0.0048445 -0.067185 -0.00140013 -0.00483833 0.999987 73.4485 
0.99999 -0.00418824 0.0014554 0.0505773 0.00418167 0.999981 0.00448964 -0.0417622 -0.00147418 -0.00448351 0.999989 74.3655 
0.999987 -0.00484714 0.00145299 0.0543437 0.00484076 0.999979 0.00435707 -0.0505224 -0.00147408 -0.00434998 0.999989 75.2152 
0.999985 -0.00523901 0.00135651 0.0622767 0.00523324 0.999977 0.0042263 -0.0237359 -0.00137862 -0.00421914 0.99999 76.0472 
0.999981 -0.00600151 0.00136863 0.0652669 0.00599566 0.999973 0.00423757 -0.0299887 -0.00139403 -0.00422929 0.99999 77.0181 
0.999979 -0.00622589 0.00150408 0.0560238 0.00621963 0.999972 0.00413482 -0.0242852 -0.00152979 -0.00412538 0.99999 77.9367 
0.999982 -0.00578555 0.00149561 0.0501074 0.00577937 0.999975 0.00410355 -0.019392 -0.00151932 -0.00409483 0.99999 78.7835 
0.999985 -0.00534339 0.00131463 0.0669385 0.0053378 0.999977 0.00422239 -0.0180144 -0.00133716 -0.00421531 0.99999 79.6933 
0.999983 -0.00574087 0.00126772 0.071804 0.00573523 0.999974 0.00440416 -0.0138013 -0.00129297 -0.00439681 0.999989 80.533 
0.999984 -0.0056379 0.000965061 0.0962563 0.00563374 0.999975 0.0042561 -0.00480292 -0.000989032 -0.00425059 0.99999 81.4142 
0.99999 -0.00451774 0.000622042 0.133876 0.00451522 0.999982 0.00400586 0.030193 -0.000640129 -0.00400301 0.999992 82.2618 
0.999991 -0.00415483 0.000862155 0.116778 0.00415123 0.999983 0.00413633 0.0220119 -0.000879326 -0.00413271 0.999991 83.2966 
0.999991 -0.00419891 0.000878494 0.101774 0.00419536 0.999983 0.0040007 0.0448728 -0.000895278 -0.00399698 0.999992 84.2772 
0.999989 -0.00455577 0.000789309 0.113016 0.00455274 0.999982 0.00379327 0.0687567 -0.000806577 -0.00378964 0.999992 85.1239 
0.999994 -0.00344978 0.00078873 0.117387 0.0034473 0.999989 0.00312587 0.11907 -0.000799505 -0.00312314 0.999995 85.9001 
0.999993 -0.00368141 0.000503133 0.133638 0.00367955 0.999987 0.00364479 0.0890892 -0.000516544 -0.00364291 0.999993 86.761 
0.999995 -0.00300622 0.000685596 0.1382 0.00300336 0.999987 0.00413608 0.0684447 -0.000698021 -0.004134 0.999991 87.6958 
0.999997 -0.00232295 0.000745764 0.138438 0.00232016 0.99999 0.00371951 0.122982 -0.000754397 -0.00371777 0.999993 88.592 
0.999998 -0.00177188 0.000805687 0.132139 0.00176883 0.999991 0.00377878 0.139945 -0.000812375 -0.00377735 0.999993 89.4355 
0.999997 -0.00210477 0.000922108 0.121067 0.00210191 0.999993 0.00308354 0.195366 -0.000928592 -0.0030816 0.999995 90.4608 
0.999997 -0.00213741 0.0010848 0.111923 0.00213371 0.999992 0.00339817 0.193183 -0.00109205 -0.00339585 0.999994 91.3323 
0.999996 -0.0024431 0.00137423 0.0909386 0.00243924 0.999993 0.00280384 0.225116 -0.00138107 -0.00280048 0.999995 92.1611 
0.999995 -0.00308227 0.00111855 0.10459 0.00307914 0.999991 0.00278674 0.223791 -0.00112713 -0.00278328 0.999995 93.1127 
0.999996 -0.00262526 0.00100241 0.112463 0.00262288 0.999994 0.0023631 0.262652 -0.0010086 -0.00236046 0.999997 94.1076 
0.999995 -0.00303582 0.000930668 0.116194 0.00303348 0.999992 0.00250082 0.256962 -0.000938253 -0.00249799 0.999996 94.9263 
0.999995 -0.0030117 0.00117649 0.111923 0.00300874 0.999992 0.00251173 0.259536 -0.00118405 -0.00250818 0.999996 95.9829 
0.999995 -0.00310614 0.00102656 0.121102 0.00310284 0.99999 0.00320397 0.223145 -0.0010365 -0.00320077 0.999994 96.9386 
0.999995 -0.00294776 0.000761522 0.134376 0.00294523 0.99999 0.00329014 0.209877 -0.000771213 -0.00328789 0.999994 97.8306 
0.999996 -0.00281424 0.000918229 0.119768 0.00281105 0.99999 0.00345303 0.223712 -0.000927938 -0.00345043 0.999994 98.6873 
0.999995 -0.00314563 0.000887517 0.123751 0.00314208 0.999987 0.003965 0.19133 -0.000899978 -0.00396219 0.999992 99.636 
0.999993 -0.00362833 0.000851522 0.126518 0.00362512 0.999986 0.00374129 0.201379 -0.000865085 -0.00373818 0.999993 100.579 
0.99999 -0.00432959 0.000960418 0.114211 0.00432555 0.999982 0.00417633 0.163368 -0.000978483 -0.00417214 0.999991 101.552 
0.999988 -0.0047086 0.000911207 0.108533 0.00470465 0.99998 0.00429385 0.155413 -0.000931406 -0.00428952 0.99999 102.458 
0.999991 -0.00403388 0.000881212 0.11723 0.00402993 0.999982 0.00443942 0.156475 -0.000899104 -0.00443583 0.99999 103.353 
0.999992 -0.00387141 0.000970326 0.109496 0.00386715 0.999983 0.00435702 0.167605 -0.000987177 -0.00435324 0.99999 104.352 
0.99999 -0.00451001 0.000533915 0.143751 0.00450771 0.999981 0.00423395 0.19998 -0.000553 -0.0042315 0.999991 105.214 
0.99999 -0.00452241 0.000493819 0.148302 0.00452043 0.999982 0.00394645 0.221423 -0.000511657 -0.00394418 0.999992 106.154 
0.999988 -0.00492295 0.000539764 0.14321 0.00492062 0.999979 0.00423456 0.193062 -0.000560599 -0.00423186 0.999991 107.083 
0.999991 -0.00416038 0.000577186 0.148947 0.00415768 0.999981 0.00459284 0.167984 -0.000596283 -0.0045904 0.999989 107.969 
0.99999 -0.00434797 0.000678609 0.147578 0.00434442 0.999977 0.00514765 0.111158 -0.000700975 -0.00514465 0.999987 108.875 
0.999992 -0.00391146 0.00114865 0.113634 0.00390505 0.999977 0.00553277 0.094287 -0.00117027 -0.00552824 0.999984 109.841 
0.999994 -0.00334648 0.00129663 0.105067 0.00333942 0.99998 0.00540843 0.123363 -0.0013147 -0.00540407 0.999985 110.765 
0.999995 -0.00310681 0.00090671 0.133672 0.00310191 0.999981 0.00535289 0.120384 -0.000923323 -0.00535005 0.999985 111.784 
0.999992 -0.00388889 0.000580502 0.151539 0.00388554 0.999976 0.00565397 0.112051 -0.000602476 -0.00565167 0.999984 112.76 
0.999992 -0.0040586 0.000594714 0.144575 0.00405495 0.999974 0.00600973 0.0827556 -0.000619089 -0.00600727 0.999982 113.663 
0.999989 -0.00460734 0.000424366 0.149123 0.00460458 0.99997 0.00627752 0.0615761 -0.000453276 -0.0062755 0.99998 114.602 
0.999995 -0.0032482 0.000345976 0.157915 0.00324583 0.999973 0.00664656 0.0668479 -0.000367556 -0.0066454 0.999978 115.574 
0.999994 -0.00349915 0.000240167 0.174785 0.00349752 0.999973 0.00647544 0.0888303 -0.000262819 -0.00647456 0.999979 116.517 
0.999993 -0.00362362 3.75957e-05 0.189877 0.00362326 0.999968 0.00708885 0.0446232 -6.32818e-05 -0.00708866 0.999975 117.442 
0.999995 -0.00323291 -0.000303812 0.22104 0.00323498 0.99997 0.00705236 0.040729 0.000281003 -0.0070533 0.999975 118.403 
0.999996 -0.00290901 -0.000463737 0.226783 0.00291251 0.999966 0.00773753 -0.00881364 0.000441212 -0.00773885 0.99997 119.362 
0.999995 -0.00321285 -0.000249278 0.213424 0.00321469 0.999965 0.00774597 -0.00252401 0.000224383 -0.00774673 0.99997 120.239 
0.999995 -0.00309049 -0.000453 0.234151 0.00309379 0.999967 0.0074737 0.0289603 0.000429888 -0.00747507 0.999972 121.196 
0.999994 -0.00352947 -1.54921e-05 0.207884 0.00352948 0.99996 0.00820491 -0.0115527 -1.34675e-05 -0.00820492 0.999966 122.103 
0.999994 -0.00335394 -0.000105935 0.217259 0.00335468 0.999962 0.00801946 0.0042855 7.90341e-05 -0.00801977 0.999968 123.021 
0.999997 -0.00263227 5.50921e-05 0.197576 0.00263173 0.999964 0.00812074 -0.00871271 -7.6466e-05 -0.00812057 0.999967 123.87 
0.999997 -0.00225639 3.50627e-05 0.198594 0.00225597 0.999954 0.00930142 -0.07459 -5.60487e-05 -0.00930132 0.999957 124.729 
0.999999 -0.00148131 0.000362554 0.176202 0.0014776 0.999949 0.0100107 -0.107831 -0.000377364 -0.0100102 0.99995 125.649 
0.999999 -0.00112665 8.35436e-05 0.195902 0.00112574 0.999947 0.0102323 -0.12529 -9.50674e-05 -0.0102322 0.999948 126.551 
0.999999 -0.00124727 0.000370987 0.175292 0.00124332 0.999944 0.0104702 -0.131812 -0.000384026 -0.0104697 0.999945 127.422 
0.999999 -0.00120436 0.000529725 0.161777 0.00119867 0.999943 0.01062 -0.113352 -0.000542485 -0.0106193 0.999943 128.361 
1 -0.000729006 0.000244584 0.184769 0.000726492 0.999948 0.0101273 -0.074946 -0.000251954 -0.0101271 0.999949 129.224 
1 -0.000752701 0.000205662 0.185888 0.000750695 0.999954 0.00958532 -0.03302 -0.000212867 -0.00958516 0.999954 130.098 
1 -0.000391736 -2.22794e-05 0.200905 0.000391934 0.999953 0.00972778 -0.0338025 1.84677e-05 -0.00972779 0.999953 131.071 
1 -0.000485955 -2.09843e-05 0.195073 0.000486129 0.999957 0.00929873 0.00875637 1.64647e-05 -0.00929874 0.999957 131.965 
1 -0.000468163 -0.000214906 0.204981 0.000470105 0.999958 0.00912988 0.0151538 0.000210623 -0.00912998 0.999958 132.907 
1 -0.000761185 -0.00054187 0.229052 0.000766389 0.999953 0.00967017 -0.00873645 0.000534484 -0.00967058 0.999953 133.886 
1 0.000443783 -0.000540427 0.237614 -0.000438503 0.999953 0.00973167 0.00282996 0.00054472 -0.00973143 0.999953 134.832 
1 0.000109726 -0.000479817 0.235944 -0.000104685 0.999945 0.0104934 -0.0311344 0.000480942 -0.0104933 0.999945 135.737 
0.999999 0.00120219 -0.000694143 0.259012 -0.00119422 0.999935 0.011368 -0.0889589 0.000707764 -0.0113672 0.999935 136.644 
0.999999 0.000923212 -0.000475033 0.224206 -0.000918056 0.999942 0.0107431 -0.0552751 0.000484923 -0.0107427 0.999942 137.597 
1 0.000654518 -0.000528132 0.229334 -0.000648583 0.999938 0.0111606 -0.0829275 0.000535404 -0.0111603 0.999938 138.526 
1 -0.000560806 -0.000361761 0.219745 0.000564881 0.999935 0.011363 -0.0818601 0.000355365 -0.0113632 0.999935 139.441 
0.999999 -0.00143635 -0.000310608 0.21778 0.00143974 0.999936 0.0111883 -0.0656327 0.000294517 -0.0111887 0.999937 140.371 
0.999997 -0.00227011 -0.000104271 0.204421 0.00227121 0.999924 0.0121421 -0.121697 7.66991e-05 -0.0121423 0.999926 141.308 
0.999996 -0.00274675 0.000149397 0.187761 0.00274478 0.999925 0.0118952 -0.0886624 -0.000182059 -0.0118948 0.999929 142.288 
1 -0.000982044 0.000170318 0.194038 0.000980016 0.999933 0.0115256 -0.0553914 -0.000181626 -0.0115254 0.999934 143.246 
0.999998 -0.00208788 0.00028925 0.184913 0.00208433 0.999929 0.0117681 -0.070563 -0.0003138 -0.0117674 0.999931 144.087 
0.999998 -0.00212767 0.000233435 0.186775 0.00212478 0.999928 0.0117753 -0.0696591 -0.000258472 -0.0117747 0.999931 144.905 
0.999999 -0.00151163 -0.000259666 0.218511 0.00151454 0.999932 0.0115897 -0.0401649 0.000242129 -0.0115901 0.999933 145.935 
1 -0.000461288 -0.000133922 0.207198 0.00046287 0.999927 0.0120574 -0.0407692 0.00012835 -0.0120575 0.999927 146.926 
1 -0.000327864 -0.000357706 0.216526 0.000332055 0.999931 0.0117804 -0.0268834 0.000353819 -0.0117805 0.999931 147.94 
1 -0.000304215 -3.33791e-05 0.186958 0.000304582 0.999933 0.0116106 -0.00818097 2.98447e-05 -0.0116107 0.999933 148.949 
1 0.000767862 -0.000254134 0.208734 -0.000764686 0.999924 0.0122704 -0.0506658 0.000263537 -0.0122702 0.999925 149.978 
1 0.000570305 -0.00042677 0.229093 -0.000564963 0.999923 0.0124151 -0.0369914 0.000433817 -0.0124149 0.999923 150.964 
1 0.000448722 -0.00018834 0.218921 -0.000446435 0.999928 0.0119737 -0.00846842 0.000193699 -0.0119736 0.999928 151.881 
1 0.000366399 -0.00022806 0.222248 -0.000363643 0.999928 0.0119681 0.00027609 0.000232429 -0.011968 0.999928 152.687 
1 0.000729445 -0.000291188 0.228374 -0.000725875 0.999927 0.012078 0.0135441 0.000299977 -0.0120778 0.999927 153.673 
1 0.00075104 -0.000330952 0.231351 -0.000746824 0.999921 0.012561 -0.0157472 0.000340359 -0.0125607 0.999921 154.552 
0.999999 0.00138288 2.88458e-05 0.214928 -0.00138313 0.999919 0.0126673 -0.00819144 -1.13261e-05 -0.0126673 0.99992 155.483 
0.999997 0.0022243 -0.000242409 0.235353 -0.002221 0.999915 0.0128371 -0.00622503 0.000270942 -0.0128366 0.999918 156.414 
0.999997 0.00253792 -0.000112301 0.222346 -0.00253626 0.999913 0.012931 -0.00884319 0.000145109 -0.0129306 0.999916 157.244 
0.999997 0.00256344 -0.000471991 0.245068 -0.00255718 0.999915 0.0128152 0.0157944 0.000504802 -0.012814 0.999918 158.075 
0.999997 0.00242605 -0.00101373 0.282201 -0.00241251 0.999911 0.0131543 0.00741611 0.00104555 -0.0131519 0.999913 158.964 
0.999997 0.00232342 -0.00126419 0.298131 -0.00230654 0.99991 0.0131934 0.0103499 0.00129473 -0.0131904 0.999912 159.909 
0.999995 0.00290561 -0.00139597 0.303732 -0.00288682 0.999908 0.0132762 0.0187659 0.00143442 -0.0132721 0.999911 160.845 
0.999996 0.00247183 -0.00148539 0.307075 -0.00245241 0.999913 0.0129387 0.046051 0.00151724 -0.012935 0.999915 161.787 
0.999988 0.00455158 -0.0015509 0.306784 -0.0045308 0.999903 0.0131483 0.0524987 0.0016106 -0.0131412 0.999912 162.751 
0.999987 0.00470965 -0.00171722 0.316962 -0.00468765 0.99991 0.0125962 0.122381 0.00177639 -0.012588 0.999919 163.653 
0.999986 0.00505807 -0.0017311 0.315271 -0.00503597 0.999909 0.0125401 0.151294 0.00179437 -0.0125312 0.99992 164.557 
0.999989 0.00438584 -0.00185558 0.315396 -0.00436195 0.99991 0.0126916 0.159935 0.00191107 -0.0126834 0.999918 165.407 
0.999984 0.00519906 -0.00205393 0.329283 -0.00517461 0.999918 0.0117364 0.228703 0.00211477 -0.0117256 0.999929 166.453 
0.999976 0.00648838 -0.00226402 0.343854 -0.00646106 0.999909 0.0118761 0.228316 0.00234087 -0.0118612 0.999927 167.483 
0.999982 0.00547653 -0.00236602 0.339407 -0.00544699 0.999909 0.0123165 0.200074 0.00243326 -0.0123034 0.999921 168.327 
0.999987 0.00442862 -0.00249282 0.338873 -0.00439861 0.999919 0.0119187 0.221995 0.0025454 -0.0119076 0.999926 169.251 
0.999985 0.00512852 -0.0020066 0.30996 -0.00510619 0.999927 0.0109785 0.289292 0.00206276 -0.0109681 0.999938 170.194 
0.999975 0.00667035 -0.00213479 0.325195 -0.00664741 0.999922 0.0105785 0.347382 0.00220519 -0.0105641 0.999942 171.139 
