1 0 0 0 0 1 0 0 0 0 1 0 
1 -0.000834295 -0.000316478 0.0116322 0.000834137 1 -0.000501493 0.0369645 0.000316896 0.000501229 1 0.899206 
0.999999 -0.00140565 -0.000191719 0.00529229 0.00140553 0.999999 -0.000617564 0.0235926 0.000192587 0.000617294 1 1.73584 
0.999999 -0.00170995 -0.000247191 0.0138914 0.00170986 0.999998 -0.000382092 0.0248898 0.000247844 0.000381669 1 2.59805 
0.999995 -0.00315722 -0.00013285 0.00742778 0.00315724 0.999995 0.000164561 -0.0137299 0.00013233 -0.00016498 1 3.56106 
0.999994 -0.00332818 3.36263e-05 -0.0034524 0.00332818 0.999994 -6.65634e-05 0.00306103 -3.34046e-05 6.6675e-05 1 4.33976 
0.999994 -0.00344693 -0.000377237 0.026191 0.0034469 0.999994 -6.9992e-05 -0.018025 0.000377477 6.86913e-05 1 5.25185 
0.999993 -0.00382554 -0.000480023 0.0325183 0.00382559 0.999993 0.000108853 -0.0167616 0.000479603 -0.000110688 1 6.24732 
0.999996 -0.00284882 -0.000405119 0.0339365 0.00284899 0.999996 0.000401534 -0.0373844 0.000403974 -0.000402686 1 7.2617 
0.999994 -0.00354884 -0.000351447 0.0255914 0.00354897 0.999994 0.000348252 -0.0277921 0.000350208 -0.000349497 1 8.07753 
0.99999 -0.00444368 -0.000535915 0.04074 0.0044439 0.99999 0.000421134 -0.0369752 0.000534039 -0.000423511 1 9.03792 
0.999994 -0.00331602 -0.000243025 0.0188493 0.00331624 0.999994 0.000879363 -0.0589386 0.000240108 -0.000880164 1 10.0059 
0.999995 -0.00322926 -5.8004e-05 0.0152732 0.00322935 0.999994 0.00155292 -0.086496 5.29888e-05 -0.0015531 0.999999 10.8839 
0.999997 -0.00226046 4.19832e-05 0.0123055 0.00226041 0.999997 0.00120311 -0.0838082 -4.47027e-05 -0.00120301 0.999999 11.8531 
0.999997 -0.00259789 -2.66984e-05 0.0268083 0.00259792 0.999996 0.00137987 -0.0909599 2.31136e-05 -0.00137993 0.999999 12.7085 
0.999997 -0.00247461 -6.5629e-05 0.0321686 0.0024747 0.999996 0.00134992 -0.0937487 6.22882e-05 -0.00135008 0.999999 13.6129 
0.999998 -0.0019473 1.05432e-06 0.0249992 0.0019473 0.999998 0.000710956 -0.0442597 -2.43876e-06 -0.000710952 1 14.4711 
0.999998 -0.00212499 0.000299814 0.00358531 0.00212464 0.999997 0.00116824 -0.0779506 -0.000302296 -0.0011676 0.999999 15.3679 
0.999996 -0.00288494 0.000660172 -0.0234643 0.00288391 0.999995 0.00156419 -0.0909505 -0.000664681 -0.00156228 0.999999 16.1349 
0.999996 -0.00267962 0.000444487 -0.00238176 0.00267888 0.999995 0.00164863 -0.0630835 -0.000448902 -0.00164743 0.999999 17.1141 
0.999997 -0.00231659 0.000540641 -0.00349004 0.00231572 0.999996 0.00160403 -0.0572485 -0.000544355 -0.00160277 0.999999 18.1355 
0.999996 -0.00285753 0.000874919 -0.0144028 0.00285652 0.999995 0.00115589 -0.0400939 -0.000878217 -0.00115339 0.999999 19.0007 
0.999998 -0.00187091 0.000792197 -0.00485245 0.00186909 0.999996 0.00228127 -0.101019 -0.000796461 -0.00227978 0.999997 19.8448 
0.999997 -0.00223025 0.00110601 -0.0237042 0.00222744 0.999994 0.00253687 -0.117466 -0.00111166 -0.0025344 0.999996 20.7088 
0.999999 -0.000758048 0.00150631 -0.04341 0.000754829 0.999997 0.00213603 -0.100515 -0.00150792 -0.00213489 0.999997 21.5209 
0.999998 -0.00133986 0.0017879 -0.0601747 0.00133584 0.999997 0.00224328 -0.102367 -0.0017909 -0.00224089 0.999996 22.4652 
0.999997 -0.00149993 0.00186688 -0.0688811 0.00149424 0.999994 0.00304343 -0.155589 -0.00187144 -0.00304063 0.999994 23.3241 
0.999998 -0.000929218 0.00170974 -0.0434147 0.000923649 0.999994 0.00325501 -0.161701 -0.00171276 -0.00325342 0.999993 24.1928 
0.999997 -0.00151441 0.00168107 -0.0407175 0.00150729 0.99999 0.00423331 -0.214397 -0.00168746 -0.00423076 0.99999 25.0503 
0.999998 -0.000882378 0.00167355 -0.0373079 0.000876043 0.999992 0.00378187 -0.179284 -0.00167688 -0.00378039 0.999991 25.9645 
0.999999 -0.000803095 0.00145825 -0.0190649 0.000797027 0.999991 0.00415672 -0.212109 -0.00146157 -0.00415556 0.99999 26.7795 
0.999999 0.000396621 0.00156145 -0.0216323 -0.00040316 0.999991 0.00418952 -0.227871 -0.00155978 -0.00419015 0.99999 27.6818 
0.999997 0.00156891 0.00167072 -0.0351933 -0.00157561 0.999991 0.00401545 -0.211179 -0.00166441 -0.00401807 0.999991 28.6729 
0.999998 0.000765885 0.00178929 -0.0503162 -0.000773714 0.99999 0.00437866 -0.220175 -0.00178591 -0.00438004 0.999989 29.4978 
0.999998 -7.59362e-05 0.00188483 -0.0585002 6.7638e-05 0.99999 0.00440232 -0.209859 -0.00188514 -0.00440219 0.999989 30.285 
0.999998 -0.000422892 0.00205429 -0.069228 0.000413948 0.99999 0.00435206 -0.191501 -0.00205611 -0.0043512 0.999988 31.1491 
0.999998 0.000166767 0.00216996 -0.0735855 -0.000177114 0.999989 0.00476859 -0.214156 -0.00216914 -0.00476896 0.999986 32.0857 
0.999997 -0.000582709 0.00253452 -0.0937927 0.000570827 0.999989 0.00468636 -0.212437 -0.00253723 -0.0046849 0.999986 33.0469 
0.999996 -0.000956044 0.00256077 -0.0982077 0.000941885 0.999984 0.00552471 -0.270991 -0.00256601 -0.00552228 0.999981 33.9119 
0.999996 -0.00130232 0.00240973 -0.0881174 0.00128821 0.999982 0.00584574 -0.275872 -0.0024173 -0.00584262 0.99998 34.7688 
0.999997 -0.00145313 0.00206133 -0.0725324 0.00144049 0.99998 0.00611945 -0.297747 -0.00207018 -0.00611646 0.999979 35.7191 
0.999996 -0.00155525 0.00240223 -0.098435 0.00154162 0.999983 0.00566343 -0.271126 -0.002411 -0.0056597 0.999981 36.6085 
0.999996 -0.00186761 0.00227416 -0.0873592 0.00185334 0.999979 0.00626205 -0.297169 -0.00228581 -0.00625781 0.999978 37.4964 
0.999996 -0.00155045 0.00239242 -0.0965024 0.00153487 0.999978 0.00650172 -0.311572 -0.00240245 -0.00649802 0.999976 38.379 
0.999995 -0.00226895 0.00206955 -0.0795734 0.00225231 0.999965 0.00800585 -0.412079 -0.00208764 -0.00800115 0.999966 39.2955 
0.999994 -0.00277805 0.00191664 -0.063247 0.0027629 0.999965 0.00786453 -0.409481 -0.00193842 -0.00785919 0.999967 40.2358 
0.999996 -0.00211444 0.00192717 -0.0506827 0.00209918 0.999967 0.00789061 -0.401831 -0.00194379 -0.00788653 0.999967 41.0049 
0.999995 -0.00255371 0.0020924 -0.0645156 0.00253587 0.999961 0.0084836 -0.416245 -0.00211398 -0.00847824 0.999962 41.8524 
0.999994 -0.00268369 0.00221338 -0.0795035 0.00266503 0.999961 0.00839213 -0.402784 -0.00223582 -0.00838618 0.999962 42.753 
0.999992 -0.00314539 0.00233427 -0.0815905 0.00312532 0.999959 0.00855229 -0.416276 -0.00236108 -0.00854493 0.999961 43.5762 
0.999988 -0.0041556 0.00244729 -0.0856197 0.00413435 0.999954 0.0086233 -0.398784 -0.00248301 -0.00861308 0.99996 44.502 
0.999986 -0.00472432 0.00253912 -0.0926301 0.0047013 0.999948 0.00899664 -0.408028 -0.00258149 -0.00898457 0.999956 45.2842 
0.999984 -0.005053 0.0025433 -0.0957195 0.00502948 0.999945 0.00917315 -0.406723 -0.00258951 -0.00916021 0.999955 46.0684 
0.999977 -0.00636879 0.00249451 -0.0939674 0.00634655 0.999941 0.00882522 -0.383139 -0.00255056 -0.00880919 0.999958 46.9774 
0.999982 -0.00551705 0.00235864 -0.0877652 0.0054953 0.999943 0.00912847 -0.392213 -0.00240887 -0.00911534 0.999956 47.7952 
0.999983 -0.00549318 0.00217362 -0.0748302 0.00547244 0.999941 0.00943638 -0.396014 -0.00222533 -0.00942432 0.999953 48.8045 
0.99998 -0.0059973 0.00209941 -0.0692371 0.00597784 0.99994 0.00915589 -0.367432 -0.00215419 -0.00914315 0.999956 49.6791 
0.999984 -0.00517263 0.0024597 -0.0908651 0.00515103 0.999949 0.00871031 -0.326258 -0.00250463 -0.00869749 0.999959 50.4763 
0.999986 -0.00463332 0.00236682 -0.0842259 0.00461301 0.999953 0.00851593 -0.298932 -0.00240616 -0.0085049 0.999961 51.3143 
0.999987 -0.00452649 0.00233435 -0.080678 0.0045058 0.999951 0.00879256 -0.296463 -0.00237404 -0.00878193 0.999959 52.2655 
0.999985 -0.0050992 0.00216611 -0.0662735 0.00508027 0.99995 0.00865702 -0.283812 -0.00221015 -0.00864588 0.99996 53.0768 
0.999989 -0.00408148 0.0021074 -0.0626737 0.00406174 0.999949 0.00929077 -0.306527 -0.00214521 -0.00928211 0.999955 53.99 
0.999991 -0.00350545 0.00230496 -0.0742356 0.0034826 0.999945 0.00984546 -0.342985 -0.00233935 -0.00983735 0.999949 54.901 
0.999991 -0.00360893 0.00209542 -0.065392 0.003587 0.99994 0.0103739 -0.359608 -0.00213273 -0.0103663 0.999944 55.7328 
0.999991 -0.0040486 0.00156344 -0.0246373 0.00403258 0.999941 0.010117 -0.332397 -0.00160431 -0.0101106 0.999948 56.5914 
0.999986 -0.00483906 0.00195902 -0.0433522 0.00481898 0.999937 0.0101298 -0.333825 -0.00200791 -0.0101202 0.999947 57.5156 
0.999991 -0.00385789 0.00175147 -0.0214236 0.00384088 0.999946 0.00961413 -0.275945 -0.00178847 -0.00960731 0.999952 58.3452 
0.999991 -0.00351789 0.00219849 -0.0339035 0.00349706 0.99995 0.00940846 -0.263339 -0.00223148 -0.00940069 0.999953 59.2223 
0.999991 -0.00354375 0.00233782 -0.0432784 0.00352128 0.999948 0.00954774 -0.25098 -0.00237153 -0.00953942 0.999952 60.1677 
0.999987 -0.00456097 0.00210716 -0.0213438 0.00454026 0.999942 0.00973158 -0.241851 -0.00215142 -0.00972189 0.99995 61.1996 
0.999987 -0.00447915 0.0024044 -0.0332777 0.00445537 0.999942 0.00980321 -0.224317 -0.00244817 -0.00979237 0.999949 62.0773 
0.999983 -0.00521476 0.00249689 -0.0355577 0.00518965 0.999937 0.0099613 -0.21972 -0.00254868 -0.00994818 0.999947 62.9693 
0.999983 -0.00538981 0.00215215 -0.00853825 0.00536671 0.999929 0.0105987 -0.248505 -0.00220912 -0.010587 0.999942 63.8734 
0.999987 -0.00476197 0.00200139 0.00354893 0.00474038 0.999932 0.0106588 -0.257392 -0.00205201 -0.0106491 0.999941 64.6706 
0.999987 -0.00481476 0.00166622 0.037421 0.00479711 0.999934 0.0104392 -0.242322 -0.00171638 -0.0104311 0.999944 65.4947 
0.999982 -0.00563674 0.00182024 0.0401738 0.00561687 0.999926 0.010745 -0.238693 -0.00188068 -0.0107346 0.999941 66.256 
0.999989 -0.00436967 0.00166625 0.0540042 0.00435087 0.999929 0.0111254 -0.257581 -0.00171474 -0.011118 0.999937 67.1155 
0.999994 -0.00290958 0.00178068 0.0615124 0.00289049 0.999939 0.0106316 -0.216262 -0.00181151 -0.0106264 0.999942 68.0174 
0.999996 -0.00212902 0.00181012 0.0685798 0.00210991 0.999943 0.010496 -0.200241 -0.00183236 -0.0104921 0.999943 68.8031 
0.999995 -0.00262788 0.00185728 0.057699 0.00260541 0.999925 0.0119988 -0.29117 -0.00188867 -0.0119939 0.999926 69.7141 
0.999997 -0.00171196 0.00189739 0.0567562 0.00169036 0.999934 0.0113261 -0.241096 -0.00191665 -0.0113228 0.999934 70.6336 
0.999997 -0.00145896 0.00194973 0.0513514 0.00143844 0.999944 0.0104828 -0.18926 -0.00196491 -0.0104799 0.999943 71.4539 
0.999995 -0.00254113 0.00199394 0.0582028 0.00251946 0.999939 0.010795 -0.220412 -0.00202125 -0.0107899 0.99994 72.2961 
0.999995 -0.0023245 0.00224371 0.0410404 0.00229975 0.999937 0.0109716 -0.20888 -0.00226907 -0.0109664 0.999937 73.1422 
0.999995 -0.00255201 0.00195392 0.0595946 0.00253075 0.999938 0.0108073 -0.195292 -0.00198138 -0.0108023 0.99994 74.0443 
0.999992 -0.00329465 0.00209039 0.0499027 0.00327091 0.999931 0.0112607 -0.215215 -0.00212734 -0.0112538 0.999934 74.9002 
0.999997 -0.00171781 0.00174832 0.0832365 0.00169786 0.999934 0.0113458 -0.210894 -0.00176769 -0.0113428 0.999934 75.8833 
0.999997 -0.00185623 0.00168619 0.0895292 0.00183664 0.999932 0.0115467 -0.206991 -0.00170751 -0.0115436 0.999932 76.7455 
0.999992 -0.00345578 0.0020436 0.0603461 0.00343189 0.999927 0.0115777 -0.18517 -0.00208346 -0.0115705 0.999931 77.5495 
0.999994 -0.00283905 0.00172731 0.0874987 0.00281831 0.999925 0.0118985 -0.209538 -0.00176096 -0.0118936 0.999928 78.4906 
0.999998 -0.00137178 0.00165556 0.10529 0.00135123 0.999923 0.0123528 -0.208923 -0.00167238 -0.0123505 0.999922 79.3865 
0.999998 -0.000226854 0.00214106 0.0723095 0.000199453 0.999918 0.0127894 -0.224225 -0.00214378 -0.0127889 0.999916 80.3016 
0.999998 -0.00140406 0.00152723 0.12093 0.00138402 0.999914 0.0130427 -0.220857 -0.00154541 -0.0130406 0.999914 81.1821 
0.999997 -0.00208957 0.00135371 0.135353 0.00207238 0.999919 0.0125747 -0.165169 -0.00137988 -0.0125718 0.99992 81.9968 
0.999999 -2.43895e-05 0.00127505 0.146355 8.87167e-06 0.999926 0.0121689 -0.123708 -0.00127525 -0.0121689 0.999925 82.7419 
0.999998 -0.000796148 0.00159617 0.116935 0.00077716 0.999929 0.0118613 -0.0750222 -0.0016055 -0.0118601 0.999928 83.7448 
0.999997 -0.00175133 0.00141977 0.13403 0.00173373 0.999923 0.0123101 -0.086408 -0.00144122 -0.0123076 0.999923 84.6893 
0.999998 -0.00171735 0.00111824 0.15001 0.00170382 0.999927 0.0119896 -0.0355521 -0.00113875 -0.0119876 0.999927 85.5296 
0.999998 -0.00120789 0.00134109 0.138373 0.00119106 0.999921 0.01248 -0.0486084 -0.00135606 -0.0124784 0.999921 86.4041 
0.999999 -0.000474429 0.00104865 0.1458 0.000461407 0.999923 0.0123835 -0.040651 -0.00105445 -0.012383 0.999923 87.3173 
0.999999 -0.000310739 0.00105843 0.152431 0.000296749 0.999913 0.013192 -0.074932 -0.00106244 -0.0131917 0.999912 88.1383 
1 0.000220518 0.000956021 0.150949 -0.000232872 0.999916 0.0129415 -0.0619111 -0.000953087 -0.0129417 0.999916 88.9749 
1 -0.000541862 0.000686741 0.166108 0.000532796 0.999914 0.0131343 -0.0683353 -0.000693799 -0.0131339 0.999914 89.9242 
1 0.000365098 0.000522085 0.172656 -0.000371734 0.999918 0.0127679 -0.024638 -0.000517381 -0.012768 0.999918 90.8813 
0.999999 0.00106551 7.61765e-05 0.199462 -0.0010664 0.999916 0.0129164 -0.0201085 -6.24076e-05 -0.0129164 0.999917 91.7168 
0.999999 0.00151145 0.000146641 0.194174 -0.0015132 0.999917 0.0127963 -0.00614068 -0.000127288 -0.0127965 0.999918 92.6143 
0.999999 0.00137266 3.4697e-05 0.202225 -0.001373 0.999907 0.0135383 -0.0404089 -1.61103e-05 -0.0135384 0.999908 93.5325 
0.999999 0.00159119 -0.000228116 0.222762 -0.00158804 0.999911 0.0132184 -0.0170584 0.000249129 -0.013218 0.999913 94.4124 
0.999998 0.00199073 -0.00022883 0.219889 -0.00198755 0.999912 0.0131531 0.0224325 0.000254994 -0.0131526 0.999913 95.2764 
0.999999 0.00168407 -0.000260749 0.219409 -0.00168027 0.999901 0.0139467 -0.0104385 0.000284211 -0.0139462 0.999903 96.1729 
1 0.000273564 -0.000163347 0.20506 -0.000271408 0.999915 0.0130586 0.04616 0.000166905 -0.0130586 0.999915 97.0654 
1 -0.000471264 -0.000392655 0.222363 0.000476567 0.999907 0.0136159 0.00916529 0.000386202 -0.013616 0.999907 98.0473 
0.999999 -0.00120715 -0.00090399 0.250106 0.00121937 0.999906 0.0136473 0.0192739 0.00088743 -0.0136484 0.999906 98.8604 
0.999999 -0.00121852 -0.00104519 0.254574 0.00123271 0.999906 0.0136866 0.0407676 0.00102841 -0.0136879 0.999906 99.7646 
0.999998 -0.00179874 -0.000716384 0.223638 0.00180814 0.999909 0.0133447 0.0716847 0.000692315 -0.0133459 0.999911 100.768 
0.999998 -0.00178896 -0.000893391 0.236448 0.00180117 0.999902 0.0138584 0.0581681 0.000868512 -0.0138599 0.999904 101.608 
0.999998 -0.00166044 -0.0010116 0.246505 0.00167504 0.999892 0.0146036 0.0150699 0.000987247 -0.0146053 0.999893 102.365 
0.999994 -0.00328642 -0.00141078 0.274349 0.00330697 0.999885 0.0148201 0.0034896 0.00136191 -0.0148247 0.999889 103.325 
0.999995 -0.0028966 -0.00142431 0.276717 0.00291783 0.999881 0.0151366 -0.00403386 0.00138029 -0.0151407 0.999884 104.233 
0.999996 -0.00262579 -0.00114296 0.251215 0.00264314 0.999877 0.0154498 -0.0238973 0.00110225 -0.0154527 0.99988 105.13 
0.999998 -0.00209348 -0.000661675 0.220537 0.00210346 0.999878 0.0154633 -0.00331837 0.000629222 -0.0154646 0.99988 106.068 
0.999999 -0.000910674 -0.000855461 0.236797 0.000923654 0.999883 0.0152973 0.0340481 0.000841429 -0.0152981 0.999883 106.885 
0.999999 -0.000588317 -0.000979482 0.235107 0.00060365 0.999876 0.0157292 0.0171251 0.000970107 -0.0157298 0.999876 107.82 
0.999998 -0.000786451 -0.00157488 0.266572 0.000811221 0.999875 0.0157895 0.0264407 0.00156227 -0.0157908 0.999874 108.719 
0.999998 -0.00136012 -0.00151414 0.248697 0.00138359 0.999877 0.0156089 0.0416162 0.00149273 -0.015611 0.999877 109.597 
0.999995 -0.00255225 -0.00179162 0.263154 0.00257954 0.999878 0.0154001 0.0703583 0.00175209 -0.0154047 0.99988 110.525 
0.999996 -0.0013395 -0.00230331 0.297737 0.00137477 0.999881 0.0153815 0.101636 0.00228244 -0.0153846 0.999879 111.496 
0.999997 -0.00123698 -0.00206736 0.282705 0.00126831 0.999883 0.0152209 0.1334 0.00204829 -0.0152235 0.999882 112.335 
0.999996 -0.00194297 -0.00202405 0.283482 0.00197412 0.999878 0.0155052 0.120972 0.00199368 -0.0155091 0.999878 113.252 
0.999997 -0.00141552 -0.00201773 0.279309 0.00144651 0.99988 0.0154427 0.128169 0.00199562 -0.0154456 0.999879 114.151 
0.999996 -0.00139534 -0.00225904 0.296633 0.00143194 0.999866 0.0162793 0.0729585 0.00223602 -0.0162824 0.999865 114.979 
0.999997 -0.00136295 -0.00219637 0.289964 0.00139845 0.999867 0.0162421 0.0907666 0.00217394 -0.0162451 0.999866 115.829 
0.999995 -0.00203746 -0.00247773 0.308851 0.00207778 0.999864 0.016379 0.103567 0.00244402 -0.016384 0.999863 116.782 
0.999991 -0.00325149 -0.00258591 0.312011 0.00329448 0.999854 0.0167962 0.101128 0.00253092 -0.0168045 0.999856 117.629 
0.999989 -0.00368596 -0.00275426 0.318344 0.00373159 0.999853 0.016751 0.115214 0.00269211 -0.0167611 0.999856 118.566 
0.999992 -0.00297538 -0.00276965 0.31661 0.00302262 0.999847 0.0172101 0.0793352 0.00271802 -0.0172183 0.999848 119.444 
0.999991 -0.00316826 -0.00276392 0.315057 0.00321762 0.999832 0.0180387 0.0433318 0.0027063 -0.0180474 0.999833 120.285 
0.999994 -0.00195891 -0.00301071 0.337893 0.00201386 0.999829 0.0183594 0.051316 0.00297424 -0.0183653 0.999827 121.159 
0.999992 -0.0015659 -0.00354286 0.382815 0.00163102 0.999828 0.0184518 0.0525878 0.00351336 -0.0184574 0.999823 122.03 
0.999992 -0.00152528 -0.00364387 0.385086 0.00159435 0.999818 0.019029 0.0202882 0.00361418 -0.0190346 0.999812 122.962 
0.999994 -0.00129373 -0.00315075 0.345173 0.00135517 0.999807 0.0195749 0.0159259 0.00312482 -0.019579 0.999803 123.932 
0.999995 -0.000496808 -0.00313388 0.347566 0.000558614 0.999805 0.0197522 0.0145453 0.00312345 -0.0197539 0.9998 124.7 
0.999995 -0.00086356 -0.00291687 0.316772 0.000919471 0.999815 0.0192215 0.0540202 0.00289973 -0.0192241 0.999811 125.564 
0.999995 -0.00106422 -0.00299558 0.309655 0.0011227 0.999807 0.0195888 0.049178 0.00297416 -0.0195921 0.999804 126.565 
0.999994 -0.000617343 -0.00330047 0.322139 0.000681947 0.999807 0.0196089 0.0682825 0.00328773 -0.019611 0.999802 127.413 
0.999995 -0.000424695 -0.00327431 0.319707 0.00048738 0.999816 0.0191676 0.0867825 0.00326557 -0.0191691 0.999811 128.262 
0.999996 -0.00023911 -0.00296607 0.298957 0.000298164 0.999801 0.0199256 0.0564584 0.00296072 -0.0199263 0.999797 129.264 
0.999995 0.000971772 -0.00293541 0.3082 -0.000911972 0.999793 0.0203049 0.0602132 0.00295454 -0.0203021 0.99979 130.265 
0.999995 0.000654501 -0.00301972 0.313195 -0.000590465 0.999776 0.0211586 0.0289086 0.00303289 -0.0211567 0.999772 131.099 
0.999993 0.00189527 -0.00324731 0.334119 -0.00182212 0.999748 0.0223855 -0.0502903 0.00328892 -0.0223795 0.999744 132.019 
0.999993 0.00236102 -0.00304945 0.30726 -0.00229559 0.999771 0.0212864 0.0306332 0.003099 -0.0212792 0.999769 132.925 
0.999996 0.0011767 -0.00274762 0.292207 -0.00111633 0.99976 0.0218705 0.00338546 0.0027727 -0.0218673 0.999757 133.771 
0.999997 -0.000585506 -0.00245975 0.273175 0.000639712 0.999756 0.0220945 0.0209461 0.00244622 -0.022096 0.999753 134.623 
0.999996 -0.00104588 -0.00244232 0.277525 0.00109977 0.999754 0.0221667 0.0135434 0.00241854 -0.0221693 0.999751 135.447 
0.999996 -0.00155281 -0.00254053 0.277337 0.00161006 0.999741 0.0226921 -0.00710017 0.00250463 -0.022696 0.999739 136.374 
0.999996 -0.00180996 -0.00228228 0.262572 0.00186145 0.999739 0.0227665 0.0147688 0.00224047 -0.0227707 0.999738 137.288 
0.999997 -0.00061779 -0.00238868 0.269295 0.000672314 0.999738 0.0228929 0.0274977 0.00237391 -0.0228945 0.999735 138.29 
0.999997 -0.00109484 -0.00220055 0.240607 0.00114598 0.999726 0.0233756 0.00781772 0.00217435 -0.0233781 0.999724 139.285 
0.999996 -0.00179875 -0.0020331 0.215921 0.00184715 0.999709 0.0240603 -0.0305455 0.00198922 -0.024064 0.999708 140.14 
0.999995 -0.00228418 -0.00210462 0.215579 0.00233446 0.999704 0.0242065 -0.0068075 0.0020487 -0.0242113 0.999705 141.15 
0.999995 -0.00165239 -0.00251308 0.226214 0.00171392 0.999694 0.0246807 -0.00267854 0.00247152 -0.0246849 0.999692 141.979 
0.999995 -0.00163615 -0.00263497 0.233747 0.00170097 0.999691 0.0247887 -0.00689367 0.0025936 -0.024793 0.999689 142.971 
0.999995 -0.00167606 -0.00264861 0.22241 0.00174162 0.999687 0.024948 0.0081352 0.00260596 -0.0249525 0.999685 144.004 
0.999995 -0.000895421 -0.0031481 0.252918 0.000975322 0.999675 0.0254717 -0.0041449 0.00312427 -0.0254746 0.999671 145.028 
0.999994 -0.00176963 -0.00310115 0.245355 0.00184779 0.999676 0.0253866 0.0433361 0.00305522 -0.0253922 0.999673 146.068 
0.999994 -0.00169853 -0.00307147 0.238215 0.00177778 0.999661 0.0259859 0.0243612 0.0030263 -0.0259912 0.999658 146.98 
0.999993 -0.0025214 -0.00277331 0.214088 0.00259189 0.999666 0.0257148 0.0752875 0.00270754 -0.0257218 0.999665 147.878 
0.99999 -0.00331156 -0.00309279 0.227608 0.00338998 0.999664 0.0257056 0.118939 0.00300663 -0.0257158 0.999665 148.837 
0.999986 -0.0043238 -0.00303132 0.218263 0.00440023 0.999661 0.0256784 0.147623 0.00291926 -0.0256914 0.999666 149.765 
0.99999 -0.00320956 -0.00295093 0.212942 0.00328473 0.999661 0.0258285 0.164875 0.00286703 -0.025838 0.999662 150.627 
0.999991 -0.00299354 -0.00300721 0.210293 0.00307063 0.999658 0.0259648 0.190188 0.00292846 -0.0259738 0.999658 151.559 
0.999992 -0.00256436 -0.00301398 0.207055 0.00264195 0.999658 0.0260278 0.200007 0.00294621 -0.0260356 0.999657 152.353 
0.999991 -0.0024974 -0.0034849 0.24625 0.00258744 0.999657 0.0260759 0.224917 0.00341858 -0.0260847 0.999654 153.213 
0.999992 -0.00216217 -0.00348599 0.250501 0.0022544 0.999642 0.0266734 0.212997 0.00342707 -0.026681 0.999638 154.049 
0.99999 -0.0027484 -0.00357658 0.24518 0.00284288 0.99964 0.0266834 0.23766 0.00350196 -0.0266933 0.999638 154.95 
0.999988 -0.00355196 -0.00340193 0.239385 0.00364368 0.999619 0.0273476 0.224441 0.0033035 -0.0273597 0.99962 155.894 
0.99998 -0.00514448 -0.00357811 0.243953 0.00523879 0.999625 0.0268652 0.273657 0.00343856 -0.0268834 0.999633 156.87 
0.999987 -0.00355394 -0.0036345 0.239914 0.00365247 0.999616 0.0274728 0.260115 0.00353546 -0.0274857 0.999616 157.796 
0.999985 -0.00363272 -0.00414492 0.270642 0.00374668 0.999606 0.0278252 0.284029 0.0040422 -0.0278403 0.999604 158.677 
0.999988 -0.00306372 -0.00389227 0.248854 0.003172 0.999599 0.0281245 0.303539 0.00380454 -0.0281365 0.999597 159.543 
0.999988 -0.00288273 -0.00407248 0.258403 0.0029966 0.999597 0.0282373 0.326771 0.00398944 -0.0282492 0.999593 160.278 
0.999991 -0.00131215 -0.00407503 0.266734 0.00142479 0.999614 0.0277614 0.380584 0.00403703 -0.027767 0.999606 161.383 
0.99999 -0.000780828 -0.00431504 0.270513 0.000901031 0.99961 0.0279254 0.40127 0.00429155 -0.0279291 0.999601 162.359 
0.999989 -0.000523763 -0.00463803 0.2945 0.000655007 0.999598 0.0283411 0.402499 0.00462132 -0.0283439 0.999588 163.174 
0.999988 -0.00125342 -0.00474335 0.290057 0.00138426 0.999616 0.027681 0.453614 0.00470683 -0.0276872 0.999606 163.997 
0.999991 -0.000125134 -0.00416418 0.248417 0.000239649 0.999621 0.0275108 0.469952 0.00415916 -0.0275116 0.999613 164.941 
0.999992 -0.000536259 -0.00389765 0.221856 0.000643215 0.999622 0.0274919 0.505753 0.00388143 -0.0274942 0.999614 165.996 
