1 0 0 0 0 1 0 0 0 0 1 0 
1 -0.00020592 -0.000386369 0.0183887 0.000205829 1 -0.000235182 0.0188423 0.000386418 0.000235103 1 0.792392 
1 -0.000848316 -0.000163168 0.00192566 0.000848259 1 -0.000347044 0.00583584 0.000163463 0.000346906 1 1.55998 
1 -0.000971455 0.000203466 -0.0165142 0.000971476 1 -0.000103706 0.0146383 -0.000203365 0.000103904 1 2.27736 
0.999998 -0.00177936 -0.000179813 0.00744065 0.00177932 0.999998 -0.000204372 0.0353281 0.000180176 0.000204051 1 3.1461 
0.999998 -0.00191532 9.50935e-05 -0.00876301 0.00191535 0.999998 -0.000231133 0.0402441 -9.46507e-05 0.000231315 1 3.88106 
0.999997 -0.00242243 -2.36152e-05 -0.00439587 0.00242242 0.999997 -0.000234706 0.0178479 2.41837e-05 0.000234648 1 4.73956 
0.999998 -0.00198802 4.9974e-05 -0.0133026 0.00198802 0.999998 2.29612e-05 0.0181671 -5.00196e-05 -2.28618e-05 1 5.54983 
0.999996 -0.00269853 0.000314998 -0.0254966 0.00269851 0.999996 8.53531e-05 0.0292158 -0.000315227 -8.45028e-05 1 6.29777 
0.999995 -0.00305285 0.000370753 -0.0279429 0.00305281 0.999995 9.26926e-05 0.0408401 -0.000371034 -9.15603e-05 1 7.0059 
0.999993 -0.00365135 0.000509567 -0.0317886 0.00365082 0.999993 0.0010417 -0.0177157 -0.000513367 -0.00103983 0.999999 7.78912 
0.999996 -0.00282696 0.000705081 -0.0487875 0.00282598 0.999995 0.00137915 -0.0226989 -0.000708977 -0.00137716 0.999999 8.44361 
0.999997 -0.00248989 0.000714099 -0.0444707 0.00248887 0.999996 0.00142326 -0.00752292 -0.00071764 -0.00142148 0.999999 9.2318 
0.999994 -0.00327609 0.000727812 -0.0385627 0.00327507 0.999994 0.0013979 -0.0183961 -0.000732387 -0.00139551 0.999999 10.0452 
0.999985 -0.00547965 0.00062892 -0.0332328 0.00547833 0.999983 0.00208071 -0.0600431 -0.000640311 -0.00207724 0.999998 10.804 
0.999987 -0.00494259 0.000864372 -0.0459295 0.0049408 0.999986 0.00205747 -0.0603021 -0.000874529 -0.00205318 0.999998 11.6963 
0.999987 -0.00494331 0.000997232 -0.0499111 0.00494079 0.999985 0.00251362 -0.0956588 -0.00100964 -0.00250866 0.999996 12.5179 
0.999989 -0.00448328 0.00106182 -0.0558068 0.00447998 0.999985 0.00309079 -0.144169 -0.00107566 -0.003086 0.999995 13.3431 
0.999986 -0.00521926 0.00129325 -0.067634 0.00521431 0.999979 0.00380291 -0.168817 -0.00131307 -0.00379612 0.999992 14.0298 
0.999991 -0.00401379 0.00133467 -0.0672872 0.00400842 0.999984 0.00400021 -0.157841 -0.00135071 -0.00399482 0.999991 14.8661 
0.999993 -0.00353177 0.000971833 -0.0476116 0.00352776 0.999985 0.00409244 -0.161268 -0.000986273 -0.00408898 0.999991 15.7 
0.999991 -0.00412546 0.000684423 -0.0202649 0.00412264 0.999983 0.0040742 -0.16169 -0.000701219 -0.00407134 0.999991 16.5754 
0.999994 -0.00343128 0.000383931 -0.00615284 0.00342966 0.999986 0.0041227 -0.148303 -0.000398071 -0.00412136 0.999991 17.2978 
0.999992 -0.00400047 0.000303691 -0.00213452 0.00399927 0.999985 0.00386647 -0.119731 -0.000319154 -0.00386522 0.999992 18.0031 
0.999993 -0.00359991 0.000994883 -0.0380937 0.00359516 0.999982 0.00473277 -0.164558 -0.0010119 -0.00472916 0.999988 18.6523 
0.999993 -0.00341802 0.00125006 -0.0502513 0.00341173 0.999982 0.00499275 -0.178436 -0.00126711 -0.00498845 0.999987 19.5578 
0.999988 -0.00452761 0.00164866 -0.0693303 0.00451959 0.999978 0.00483506 -0.153178 -0.00167051 -0.00482756 0.999987 20.2839 
0.99999 -0.004225 0.00176027 -0.0633928 0.00421681 0.99998 0.00462895 -0.139044 -0.00177979 -0.00462148 0.999988 21.0145 
0.999988 -0.00451806 0.00180008 -0.067204 0.00450922 0.999978 0.00488842 -0.143819 -0.00182213 -0.00488024 0.999986 21.7473 
0.999991 -0.00393669 0.00167985 -0.0585541 0.00392796 0.999979 0.00517091 -0.158689 -0.00170017 -0.00516426 0.999985 22.5985 
0.999991 -0.00393814 0.00185738 -0.0684506 0.00392877 0.99998 0.00501984 -0.157991 -0.00187711 -0.00501249 0.999986 23.3221 
0.999993 -0.00268531 0.00248371 -0.105328 0.00267357 0.999985 0.00471648 -0.150644 -0.00249634 -0.0047098 0.999986 24.1 
0.999995 -0.00190858 0.00260259 -0.116487 0.00189659 0.999988 0.00459996 -0.142037 -0.00261134 -0.004595 0.999986 24.9435 
0.999993 -0.00251704 0.00264586 -0.124583 0.00250483 0.999986 0.00460811 -0.129694 -0.00265742 -0.00460146 0.999986 25.5788 
0.999991 -0.00336579 0.00274518 -0.130422 0.00335248 0.999983 0.00484163 -0.132439 -0.00276143 -0.00483238 0.999985 26.3448 
0.99999 -0.00346839 0.00276855 -0.131369 0.00345471 0.999982 0.00493067 -0.134434 -0.0027856 -0.00492105 0.999984 27.02 
0.999992 -0.00276823 0.00285341 -0.136945 0.0027526 0.999981 0.00546778 -0.159381 -0.00286849 -0.00545988 0.999981 27.7851 
0.999992 -0.00266287 0.0031287 -0.148643 0.00264576 0.999982 0.005459 -0.156603 -0.00314318 -0.00545068 0.99998 28.6406 
0.999987 -0.00392895 0.0032305 -0.160484 0.00391191 0.999978 0.00526526 -0.135227 -0.00325111 -0.00525255 0.999981 29.336 
0.999984 -0.00462958 0.00322943 -0.155653 0.00461221 0.999975 0.0053646 -0.127502 -0.00325418 -0.00534962 0.99998 30.1064 
0.999985 -0.00395276 0.00379397 -0.180479 0.0039326 0.999978 0.00530665 -0.129083 -0.00381486 -0.00529165 0.999979 31.0139 
0.999984 -0.00403195 0.00389775 -0.180902 0.00401301 0.99998 0.00485627 -0.102521 -0.00391726 -0.00484055 0.999981 31.9287 
0.999984 -0.00398157 0.00396364 -0.177196 0.00396192 0.99998 0.00495312 -0.0906126 -0.00398328 -0.00493734 0.99998 32.6929 
0.999985 -0.00313985 0.00458317 -0.216278 0.003117 0.999983 0.00498334 -0.0963638 -0.00459874 -0.00496898 0.999977 33.5187 
0.999984 -0.00331793 0.00452609 -0.210216 0.00329229 0.999979 0.00566255 -0.138715 -0.00454478 -0.00564756 0.999974 34.3314 
0.999983 -0.00300182 0.00500836 -0.228153 0.00297358 0.99998 0.0056376 -0.137887 -0.00502518 -0.00562261 0.999972 35.3019 
0.999985 -0.00242335 0.00496357 -0.212658 0.00239686 0.999983 0.00533537 -0.115855 -0.00497641 -0.00532339 0.999973 36.0544 
0.999984 -0.00241534 0.0051376 -0.222289 0.0023857 0.999981 0.00576573 -0.113266 -0.00515143 -0.00575338 0.99997 36.8129 
0.999983 -0.00258874 0.00516496 -0.221839 0.00255628 0.999977 0.00628166 -0.138214 -0.00518111 -0.00626835 0.999967 37.764 
0.999982 -0.00253551 0.00541286 -0.220289 0.00250175 0.999977 0.00623628 -0.137816 -0.00542855 -0.00622262 0.999966 38.5144 
0.999978 -0.00347908 0.00565576 -0.228908 0.00344306 0.999974 0.00636716 -0.127441 -0.00567776 -0.00634755 0.999964 39.4021 
0.999975 -0.00415741 0.00570605 -0.225474 0.0041191 0.999969 0.00671024 -0.137441 -0.00573377 -0.00668656 0.999961 40.081 
0.99997 -0.00520059 0.00566974 -0.218551 0.00516102 0.999962 0.00697092 -0.141838 -0.00570578 -0.00694145 0.99996 40.7311 
0.999966 -0.00556445 0.0060569 -0.240827 0.00552319 0.999962 0.00680634 -0.116878 -0.00609454 -0.00677266 0.999958 41.4981 
0.999971 -0.0046592 0.00595608 -0.221863 0.00461586 0.999963 0.00726914 -0.133584 -0.00598973 -0.00724144 0.999956 42.2865 
0.999972 -0.00468882 0.0058158 -0.21382 0.00464454 0.99996 0.00760335 -0.138115 -0.00585122 -0.00757613 0.999954 43.0786 
0.999969 -0.00514171 0.00589073 -0.215954 0.00509672 0.999958 0.00762852 -0.141266 -0.00592971 -0.00759826 0.999954 43.9149 
0.999969 -0.00525254 0.00586383 -0.208711 0.0052085 0.999958 0.00750014 -0.117904 -0.00590298 -0.00746936 0.999955 44.7667 
0.999974 -0.00457146 0.00551245 -0.187215 0.00453204 0.999964 0.00714273 -0.0946588 -0.00554491 -0.00711756 0.999959 45.5257 
0.999974 -0.00445613 0.00563777 -0.189544 0.00441563 0.999965 0.00717463 -0.0823086 -0.00566954 -0.00714955 0.999958 46.3212 
0.999976 -0.00492898 0.00491847 -0.144848 0.00489412 0.999963 0.0070741 -0.0780911 -0.00495315 -0.00704985 0.999963 47.0615 
0.999974 -0.00494156 0.00528392 -0.165068 0.00490259 0.999961 0.00736354 -0.0738683 -0.0053201 -0.00733744 0.999959 47.9086 
0.999974 -0.00486248 0.00524688 -0.161907 0.00481941 0.999955 0.00818994 -0.111727 -0.00528647 -0.00816445 0.999953 48.5873 
0.99998 -0.00428019 0.00456096 -0.11248 0.00423855 0.99995 0.00909972 -0.152082 -0.00459968 -0.00908021 0.999948 49.3911 
0.999981 -0.00435684 0.00430041 -0.0860773 0.00431436 0.999942 0.00983852 -0.177298 -0.00434303 -0.00981978 0.999942 50.2873 
0.999976 -0.00544084 0.00417285 -0.0661247 0.00540149 0.999941 0.00938502 -0.144407 -0.00422367 -0.00936226 0.999947 51.1879 
0.999981 -0.00447008 0.00435064 -0.0709292 0.00443062 0.999949 0.00903792 -0.115155 -0.00439082 -0.00901846 0.99995 52.0142 
0.99998 -0.00439774 0.0045448 -0.0686637 0.00435555 0.999948 0.00925157 -0.125104 -0.00458525 -0.00923159 0.999947 52.8634 
0.999978 -0.00493481 0.00437792 -0.0581124 0.00489407 0.999945 0.00926717 -0.103529 -0.00442341 -0.00924554 0.999947 53.6351 
0.999971 -0.00611068 0.00444564 -0.0557136 0.00607006 0.99994 0.00909485 -0.0902972 -0.00450095 -0.00906761 0.999949 54.8018 
0.999964 -0.00716663 0.00452195 -0.0634129 0.0071256 0.999934 0.00902453 -0.0659422 -0.00458632 -0.00899198 0.999949 55.5171 
0.999955 -0.0083362 0.00463397 -0.0668893 0.00829484 0.999926 0.00887406 -0.0406549 -0.0047076 -0.00883522 0.99995 56.279 
0.999949 -0.0090723 0.00446138 -0.0575095 0.0090305 0.999916 0.00930252 -0.0549359 -0.00454541 -0.00926175 0.999947 57.0487 
0.999957 -0.00847703 0.00382362 -0.016406 0.00844165 0.999922 0.00917652 -0.0635349 -0.00390112 -0.00914385 0.999951 57.8572 
0.99995 -0.00929722 0.00364428 0.00107581 0.00926251 0.999913 0.00942892 -0.0870735 -0.00373163 -0.0093947 0.999949 58.5401 
0.99994 -0.0103352 0.00359466 0.0101832 0.0102988 0.999897 0.0100098 -0.10351 -0.00369774 -0.00997219 0.999943 59.2778 
0.999953 -0.0089873 0.00358624 0.0152108 0.00895017 0.999908 0.0102396 -0.108169 -0.00367794 -0.010207 0.999941 60.0488 
0.999959 -0.00832287 0.00351899 0.0152831 0.00828662 0.999914 0.010193 -0.108444 -0.00360352 -0.0101634 0.999942 60.9106 
0.999966 -0.00754026 0.00342217 0.0261418 0.00750475 0.999919 0.0102737 -0.0952879 -0.00349936 -0.0102476 0.999941 61.7083 
0.999963 -0.00789433 0.00350397 0.0191426 0.00785553 0.999909 0.0109526 -0.103849 -0.00359012 -0.0109247 0.999934 62.663 
0.999967 -0.00726766 0.00360878 0.0193248 0.00723016 0.999921 0.0102973 -0.0479639 -0.00368333 -0.0102708 0.99994 63.4338 
0.999967 -0.00731198 0.00353417 0.0227205 0.00727617 0.999923 0.0100432 -0.0250336 -0.00360733 -0.0100171 0.999943 64.2514 
0.999959 -0.00813083 0.00403794 0.00240821 0.00809007 0.999917 0.0100088 -0.0375676 -0.00411899 -0.00997572 0.999942 65.043 
0.999962 -0.00762809 0.00424144 -0.00928406 0.00758524 0.999921 0.0100273 -0.014245 -0.00431759 -0.00999477 0.999941 65.8829 
0.999954 -0.00855392 0.00422907 0.000835709 0.00851098 0.999913 0.0100701 -0.0208862 -0.00431484 -0.0100337 0.99994 66.7486 
0.99996 -0.00771462 0.00446871 -0.0074024 0.0076695 0.99992 0.0100284 -0.0184522 -0.00454572 -0.00999377 0.99994 67.6081 
0.999974 -0.00602588 0.00402282 0.0211558 0.00598542 0.999932 0.00999452 -0.0126121 -0.00408277 -0.00997018 0.999942 68.5499 
0.99997 -0.00667323 0.00390328 0.0303984 0.00663372 0.999928 0.0100487 0.00287535 -0.00397006 -0.0100225 0.999942 69.3625 
0.999964 -0.00750507 0.00393475 0.0324644 0.00746546 0.999922 0.0099875 0.0319097 -0.00400941 -0.00995776 0.999942 70.1982 
0.999968 -0.00702163 0.00381051 0.0484281 0.00698343 0.999926 0.00994482 0.0430632 -0.00388006 -0.00991789 0.999943 70.9152 
0.999976 -0.00572567 0.00377704 0.0599125 0.00568632 0.99993 0.0103481 0.0472992 -0.00383603 -0.0103263 0.999939 71.6555 
0.999978 -0.00539021 0.00386063 0.0562705 0.00534996 0.999932 0.0103611 0.0506574 -0.00391622 -0.0103402 0.999939 72.5232 
0.999981 -0.00478663 0.00390967 0.0633962 0.00474462 0.999932 0.0106853 0.0398781 -0.00396055 -0.0106665 0.999935 73.2981 
0.999972 -0.00580734 0.00466161 0.0292014 0.00575644 0.999924 0.0108593 0.0424034 -0.00472432 -0.0108322 0.99993 74.0536 
0.999978 -0.0045865 0.00480767 0.0238114 0.00453423 0.999931 0.0108275 0.0560426 -0.004857 -0.0108055 0.99993 74.6837 
0.999978 -0.00469997 0.0046678 0.0367389 0.00464725 0.999926 0.0112406 0.0366014 -0.00472029 -0.0112186 0.999926 75.4711 
0.999975 -0.0052882 0.00461589 0.0477182 0.00523359 0.999917 0.0117634 0.0280404 -0.00467771 -0.0117389 0.99992 76.2964 
0.99998 -0.00453699 0.00437536 0.0685857 0.00448256 0.999913 0.0123714 0.0157293 -0.00443112 -0.0123516 0.999914 77.0654 
0.999983 -0.00393524 0.00432601 0.0763166 0.0038815 0.999916 0.0123602 0.0337059 -0.00437429 -0.0123432 0.999914 77.884 
0.999984 -0.00391426 0.00397959 0.0981654 0.00386723 0.999923 0.0117577 0.0827734 -0.00402531 -0.0117421 0.999923 78.6622 
0.999985 -0.00381915 0.0038409 0.11743 0.00377376 0.999924 0.0117565 0.109301 -0.0038855 -0.0117418 0.999924 79.4849 
0.999984 -0.00428095 0.00373146 0.11966 0.00423795 0.999925 0.0114557 0.128401 -0.00378022 -0.0114397 0.999927 80.1003 
0.999982 -0.00493625 0.00351535 0.132705 0.00489302 0.999914 0.0122026 0.0853203 -0.00357528 -0.0121851 0.999919 80.9473 
0.999984 -0.00472668 0.00325228 0.148117 0.00468566 0.999911 0.0125063 0.0873075 -0.00331111 -0.0124908 0.999917 81.8647 
0.999982 -0.00518367 0.00314245 0.159125 0.00514296 0.999905 0.0128253 0.0880721 -0.00320863 -0.0128089 0.999913 82.5701 
0.999981 -0.00517423 0.00338257 0.155795 0.00513031 0.999904 0.0128658 0.103209 -0.00344881 -0.0128482 0.999912 83.441 
0.999977 -0.00598292 0.00316972 0.169245 0.00593996 0.999893 0.0133952 0.0937309 -0.00324952 -0.013376 0.999905 84.2175 
0.999979 -0.00580019 0.00301298 0.172267 0.00576012 0.999897 0.0131403 0.101424 -0.00308888 -0.0131227 0.999909 85.0169 
0.99998 -0.00540113 0.00320384 0.167646 0.00535887 0.9999 0.0130565 0.129012 -0.00327404 -0.0130391 0.99991 85.7716 
0.999984 -0.00485202 0.00306365 0.175568 0.00480911 0.999892 0.0138631 0.105043 -0.00313058 -0.0138481 0.999899 86.4603 
0.999982 -0.00539615 0.00269237 0.202185 0.00535848 0.99989 0.0138097 0.123016 -0.00276659 -0.0137951 0.999901 87.3126 
0.999984 -0.00494013 0.00260736 0.213955 0.00490212 0.999884 0.0143874 0.0786459 -0.00267813 -0.0143743 0.999893 88.1733 
0.999981 -0.00567788 0.00233163 0.226095 0.00564359 0.99988 0.0144602 0.087124 -0.00241345 -0.0144467 0.999893 88.8779 
0.999976 -0.00651671 0.00223753 0.233024 0.00648308 0.999871 0.014722 0.0906317 -0.00233318 -0.0147072 0.999889 89.6771 
0.999976 -0.00656166 0.00203907 0.241116 0.00653087 0.99987 0.0147568 0.10698 -0.00213563 -0.0147432 0.999889 90.799 
0.999982 -0.00575278 0.00152156 0.272948 0.00572896 0.999868 0.0152222 0.0994499 -0.00160893 -0.0152132 0.999883 91.6918 
0.999985 -0.00536924 0.00144379 0.283336 0.0053466 0.999869 0.015255 0.103547 -0.00152551 -0.015247 0.999883 92.385 
0.999979 -0.00628479 0.00135691 0.295804 0.00626298 0.99986 0.0155171 0.088031 -0.00145424 -0.0155083 0.999879 93.2854 
0.999981 -0.00592475 0.00141491 0.294024 0.00590165 0.999858 0.0158108 0.0878984 -0.00150839 -0.0158021 0.999874 93.9482 
0.999983 -0.0056422 0.00140861 0.302815 0.00561912 0.999858 0.0158799 0.0824531 -0.00149801 -0.0158717 0.999873 94.6379 
0.999984 -0.00562443 0.000429102 0.360387 0.00561688 0.999857 0.0159274 0.102128 -0.000518624 -0.0159247 0.999873 95.5391 
0.999989 -0.00469814 0.000794112 0.340326 0.00468453 0.999855 0.0163501 0.102796 -0.000870812 -0.0163462 0.999866 96.4257 
0.999987 -0.00503613 0.000384853 0.363741 0.00502919 0.999855 0.0162907 0.109894 -0.00046684 -0.0162886 0.999867 97.2035 
0.999987 -0.00506898 0.000344766 0.364906 0.00506277 0.999857 0.0161088 0.142392 -0.000426372 -0.0161068 0.99987 98.0693 
0.999989 -0.00464526 0.00013877 0.374847 0.00464242 0.999859 0.0161324 0.142712 -0.00021369 -0.0161316 0.99987 98.9233 
0.999985 -0.00547853 0.000160592 0.371406 0.00547518 0.999852 0.0162989 0.137536 -0.000249863 -0.0162978 0.999867 99.8656 
0.99999 -0.00451632 0.000134197 0.372012 0.00451347 0.999852 0.0165903 0.156645 -0.000209104 -0.0165896 0.999862 100.666 
0.999994 -0.00353618 0.000463091 0.362908 0.00352803 0.999857 0.0165538 0.173955 -0.000521562 -0.0165521 0.999863 101.476 
0.999992 -0.00388966 0.000454808 0.365419 0.00388142 0.99985 0.0168853 0.161443 -0.000520418 -0.0168834 0.999857 102.262 
0.999996 -0.00288396 0.000432094 0.37102 0.00287602 0.999845 0.0173868 0.143829 -0.00048217 -0.0173855 0.999849 103.106 
0.999995 -0.00313186 0.000685725 0.36234 0.00311914 0.999836 0.0178252 0.123741 -0.000741439 -0.0178229 0.999841 103.942 
0.999996 -0.00269781 0.000858423 0.34753 0.00268229 0.999842 0.017588 0.151426 -0.000905736 -0.0175856 0.999845 104.718 
0.999995 -0.00305688 0.000522342 0.357325 0.00304727 0.999842 0.0174963 0.182539 -0.000575743 -0.0174946 0.999847 105.627 
0.999993 -0.00383745 0.000342286 0.369498 0.00383062 0.999829 0.0181125 0.16312 -0.000411733 -0.018111 0.999836 106.356 
0.99999 -0.00436809 -9.51754e-05 0.399059 0.0043691 0.999823 0.018289 0.173094 1.52708e-05 -0.0182892 0.999833 107.194 
0.999995 -0.00322853 -0.00015978 0.403151 0.00323092 0.999827 0.0182929 0.178315 0.000100693 -0.0182933 0.999833 107.988 
0.999996 -0.00297219 0.000339175 0.36742 0.00296563 0.999835 0.0179465 0.212957 -0.000392459 -0.0179454 0.999839 108.588 
0.999997 -0.00245492 0.00016359 0.376469 0.00245143 0.999822 0.0187128 0.184634 -0.0002095 -0.0187124 0.999825 109.445 
0.999998 -0.00216369 -9.71638e-05 0.387564 0.00216512 0.999825 0.0185644 0.206673 5.69792e-05 -0.0185646 0.999828 110.114 
0.999996 -0.00289335 0.000256291 0.364853 0.0028881 0.999823 0.018568 0.217826 -0.00030997 -0.0185671 0.999828 110.921 
0.999998 -0.00212619 -1.88568e-06 0.370047 0.00212585 0.99982 0.0188573 0.233443 -3.82088e-05 -0.0188573 0.999822 111.743 
1 -0.000883428 -0.000102145 0.382115 0.000885195 0.999822 0.0188252 0.244521 8.54961e-05 -0.0188253 0.999823 112.438 
0.999998 -0.00179474 0.00025242 0.355266 0.00178971 0.999824 0.0186747 0.256065 -0.000285892 -0.0186742 0.999826 113.176 
0.999999 -0.00100514 -7.4522e-05 0.377328 0.00100635 0.999825 0.0186866 0.270045 5.57264e-05 -0.0186867 0.999825 114.091 
1 -0.000815669 -0.000228816 0.379048 0.000819825 0.999823 0.0187914 0.285889 0.000213448 -0.0187916 0.999823 114.884 
1 -0.000941822 -0.000282605 0.384807 0.000946923 0.999826 0.0186301 0.296494 0.00026501 -0.0186304 0.999826 115.818 
0.999999 -0.00132285 -0.000419259 0.396191 0.00133048 0.999824 0.0187387 0.315207 0.000394396 -0.0187393 0.999824 116.615 
1 -0.000194681 -0.000414664 0.404074 0.000202415 0.999824 0.0187351 0.336028 0.000410944 -0.0187352 0.999824 117.463 
1 -0.000225176 -0.000539019 0.415191 0.00023552 0.999814 0.0192678 0.326591 0.00053458 -0.019268 0.999814 118.239 
1 0.000240865 -0.00025246 0.411483 -0.000235948 0.999814 0.0193002 0.324632 0.000257062 -0.0193002 0.999814 118.992 
1 0.000680737 3.68137e-05 0.391384 -0.00068131 0.999822 0.0188513 0.345093 -2.39743e-05 -0.0188513 0.999822 119.802 
1 4.01227e-05 0.000158974 0.388056 -4.31144e-05 0.999822 0.0188639 0.350099 -0.000158189 -0.0188639 0.999822 120.565 
0.999999 -0.00158097 0.000183358 0.391585 0.00157714 0.999813 0.0192939 0.350162 -0.000213827 -0.0192936 0.999814 121.313 
0.999998 -0.00211532 -2.92423e-05 0.38964 0.00211549 0.999812 0.0192714 0.363603 -1.15283e-05 -0.0192714 0.999814 122.105 
0.999996 -0.00272683 0.000110804 0.387971 0.00272418 0.99981 0.0192883 0.375931 -0.000163379 -0.0192879 0.999814 122.946 
0.999997 -0.00245397 8.60325e-05 0.395215 0.00245181 0.999804 0.0196283 0.3848 -0.000134183 -0.0196281 0.999807 123.775 
1 -0.000653887 0.000158843 0.39187 0.000650513 0.999792 0.0203829 0.34575 -0.000172138 -0.0203828 0.999792 124.637 
0.999999 -0.00127442 0.000265001 0.375962 0.00126875 0.999791 0.0204208 0.349972 -0.00029097 -0.0204204 0.999791 125.516 
0.999996 -0.00269386 0.00040482 0.367148 0.00268505 0.999788 0.0203899 0.361681 -0.000459662 -0.0203888 0.999792 126.16 
0.999997 -0.00227654 0.000320122 0.369901 0.00226947 0.999786 0.0205695 0.374535 -0.000366881 -0.0205688 0.999788 127.202 
0.999998 -0.00199484 0.000472315 0.370566 0.0019843 0.99977 0.0213488 0.35396 -0.000514794 -0.0213478 0.999772 127.994 
0.999999 -0.00120283 0.000446462 0.373285 0.00119287 0.999764 0.0216801 0.346686 -0.000472434 -0.0216796 0.999765 128.95 
0.999999 -0.00098422 0.000741928 0.34573 0.000967899 0.999764 0.0216861 0.35446 -0.000763097 -0.0216853 0.999765 129.842 
0.999999 -0.000751983 0.000674499 0.343854 0.000736964 0.999758 0.0219967 0.364159 -0.000690876 -0.0219962 0.999758 130.974 
0.999999 -0.000826819 0.000575278 0.346557 0.0008139 0.999755 0.0221062 0.380261 -0.000593415 -0.0221058 0.999755 131.763 
0.999999 -0.00106333 0.000862447 0.338504 0.00104368 0.999747 0.0224695 0.391301 -0.000886122 -0.0224686 0.999747 132.383 
0.999998 -0.00159606 0.000938423 0.329539 0.00157452 0.999745 0.0225171 0.400093 -0.000974123 -0.0225156 0.999746 133.103 
0.999998 -0.00147558 0.0011284 0.314064 0.00144973 0.999744 0.0225757 0.419513 -0.00116142 -0.022574 0.999744 133.874 
0.999997 -0.00221933 0.00125908 0.303737 0.00218984 0.999734 0.0229624 0.411532 -0.00130971 -0.0229596 0.999736 134.596 
0.999996 -0.00262393 0.00119235 0.30565 0.00259582 0.999732 0.0229962 0.434311 -0.00125237 -0.022993 0.999735 135.375 
0.999995 -0.00297001 0.00114257 0.305579 0.00294319 0.999736 0.0227958 0.462981 -0.00120997 -0.0227924 0.999739 136.134 
0.999996 -0.0024903 0.00119716 0.300946 0.00246218 0.999734 0.0229454 0.462524 -0.00125399 -0.0229424 0.999736 136.889 
0.999998 -0.00143923 0.00112003 0.306515 0.00141349 0.999742 0.0226517 0.507151 -0.00115235 -0.0226501 0.999743 137.567 
0.999999 -0.00114087 0.000653378 0.347846 0.00112565 0.999739 0.0228365 0.516028 -0.00067926 -0.0228357 0.999739 138.461 
0.999999 -0.000995846 0.000585491 0.352171 0.000982214 0.999739 0.0228409 0.525759 -0.000608084 -0.0228403 0.999739 139.318 
0.999997 -0.00231119 0.000882211 0.329872 0.00229011 0.999728 0.0231894 0.532979 -0.000935566 -0.0231874 0.999731 140.107 
0.999997 -0.00221294 0.000774298 0.334128 0.00219475 0.999739 0.0227558 0.574252 -0.000824453 -0.0227541 0.999741 140.989 
0.999999 -0.0011637 0.000852441 0.337443 0.00114372 0.999733 0.0230812 0.578905 -0.000879073 -0.0230802 0.999733 141.845 
1 -0.000697515 0.000632546 0.3485 0.000682565 0.999727 0.0233352 0.610019 -0.00064865 -0.0233348 0.999727 142.598 
1 0.000184662 0.000379655 0.356758 -0.000193802 0.999707 0.0242169 0.58322 -0.000375072 -0.024217 0.999707 143.428 
1 -0.000111308 -2.36229e-05 0.37477 0.00011184 0.999715 0.0238565 0.621244 2.09608e-05 -0.0238565 0.999715 144.095 
1 0.000181585 -0.000116766 0.385743 -0.000178699 0.999706 0.0242632 0.60975 0.000121137 -0.0242632 0.999706 145.078 
0.999998 0.00208139 -0.000383981 0.408762 -0.00207129 0.999694 0.0246654 0.603639 0.000435201 -0.0246645 0.999696 145.859 
0.999997 0.00231509 -9.9756e-05 0.398278 -0.00231192 0.999692 0.0246989 0.604993 0.000156905 -0.0246986 0.999695 146.583 
0.999996 0.00277642 -0.000952234 0.443393 -0.00275208 0.999692 0.0246691 0.621015 0.00102043 -0.0246664 0.999695 147.341 
0.999995 0.00309961 -0.000726967 0.432494 -0.00308153 0.999715 0.0236687 0.69064 0.000800123 -0.0236663 0.99972 148.062 
0.999996 0.00287551 -0.000444794 0.413871 -0.0028638 0.999698 0.0244074 0.679255 0.000514843 -0.0244061 0.999702 148.983 
