1 0 0 0 0 1 0 0 0 0 1 0 
1 -0.000577079 -0.000104028 0.00283009 0.000577048 1 -0.000300888 0.0245905 0.000104201 0.000300828 1 0.895936 
1 -0.00058489 0.000155211 -0.0204872 0.000584999 1 -0.000702164 0.0376311 -0.0001548 0.000702255 1 1.81316 
0.999999 -0.00111782 0.000346686 -0.0246087 0.00111805 0.999999 -0.000686573 0.0424575 -0.000345919 0.00068696 1 2.74165 
0.999998 -0.00203033 0.00035804 -0.0242753 0.00203058 0.999998 -0.000697731 0.0508331 -0.000356623 0.000698457 1 3.71704 
0.999998 -0.00174488 0.000292266 -0.0197317 0.00174516 0.999998 -0.000951551 0.0701634 -0.000290605 0.00095206 1 4.63406 
0.999998 -0.00201084 8.19484e-05 -0.0055884 0.00201094 0.999997 -0.00115108 0.0667759 -7.96336e-05 0.00115124 0.999999 5.57416 
0.999997 -0.0025392 0.000162058 -0.0133294 0.00253937 0.999996 -0.00106994 0.0731083 -0.000159341 0.00107035 0.999999 6.55903 
0.999995 -0.00306027 -2.41315e-05 0.00184858 0.00306024 0.999995 -0.00110295 0.0811485 2.75067e-05 0.00110287 0.999999 7.55279 
0.999991 -0.00412943 8.61032e-06 0.00171556 0.00412944 0.99999 -0.0016697 0.134145 -1.71532e-06 0.00166972 0.999999 8.47193 
0.999993 -0.00376935 -0.000198318 0.036043 0.00376896 0.999991 -0.00195068 0.142987 0.000205669 0.00194992 0.999998 9.44316 
0.999996 -0.00270079 0.000162416 0.0149589 0.00270104 0.999995 -0.00158853 0.123062 -0.000158125 0.00158896 0.999999 10.3248 
0.999997 -0.00257204 0.000193367 0.0152277 0.00257222 0.999996 -0.000891929 0.089716 -0.000191072 0.000892423 1 11.2704 
0.999992 -0.00398476 0.00017527 0.0184652 0.00398502 0.999991 -0.00152672 0.123796 -0.000169185 0.0015274 0.999999 12.2103 
0.999991 -0.00421401 0.000374211 0.00265913 0.00421444 0.99999 -0.0011554 0.0948224 -0.000369339 0.00115696 0.999999 13.1703 
0.999992 -0.00405559 0.000542901 -0.0101221 0.00405625 0.999991 -0.00122927 0.0995831 -0.000537911 0.00123146 0.999999 14.1211 
0.999991 -0.00408557 0.000649316 -0.0228441 0.00408663 0.99999 -0.00165157 0.131345 -0.000642562 0.00165421 0.999998 15.0304 
0.999991 -0.0042811 0.000642322 -0.0288407 0.00428223 0.999989 -0.00176698 0.141047 -0.000634751 0.00176971 0.999998 15.9566 
0.99998 -0.00626611 0.000573331 -0.0354602 0.00626684 0.99998 -0.00128582 0.117458 -0.000565262 0.00128939 0.999999 16.8828 
0.999982 -0.00603273 0.000544126 -0.0323011 0.00603371 0.99998 -0.00182428 0.174292 -0.00053311 0.00182753 0.999998 17.9029 
0.999985 -0.00547876 0.000227957 -0.0203926 0.00547915 0.999983 -0.00173356 0.159441 -0.000218455 0.00173478 0.999998 18.8254 
0.999985 -0.00556289 0.000191494 -0.0169427 0.00556324 0.999983 -0.00186573 0.163267 -0.000181112 0.00186677 0.999998 19.7358 
0.999988 -0.00485008 0.000170836 -0.0188891 0.00485028 0.999988 -0.00121184 0.136303 -0.000164956 0.00121266 0.999999 20.7047 
0.999985 -0.00553695 0.000147146 -0.0190321 0.00553718 0.999983 -0.00159079 0.167696 -0.000138336 0.00159158 0.999999 21.6074 
0.999989 -0.00470255 0.000465569 -0.0334611 0.00470378 0.999985 -0.00267226 0.232504 -0.000452996 0.00267442 0.999996 22.524 
0.999988 -0.00486967 0.000268243 -0.0195928 0.00487037 0.999985 -0.00269513 0.233486 -0.000255114 0.0026964 0.999996 23.4947 
0.999984 -0.00568966 0.000460728 -0.0304785 0.00569061 0.999982 -0.00210573 0.187815 -0.000448738 0.00210832 0.999998 24.3978 
0.999985 -0.00552673 0.000592705 -0.0310113 0.00552795 0.999983 -0.0020796 0.190654 -0.000581201 0.00208284 0.999998 25.2977 
0.999985 -0.00545102 0.000711545 -0.043024 0.00545187 0.999984 -0.00118525 0.13184 -0.000705073 0.00118911 0.999999 26.2478 
0.99999 -0.00435692 0.000428373 -0.0188165 0.00435765 0.999989 -0.00170711 0.164708 -0.00042093 0.00170896 0.999998 27.2382 
0.99999 -0.00437684 0.00012955 0.00275743 0.00437698 0.99999 -0.00114502 0.112852 -0.000124538 0.00114557 0.999999 28.0896 
0.999993 -0.00364441 8.95332e-05 0.00710945 0.00364453 0.999992 -0.00145131 0.120055 -8.42434e-05 0.00145163 0.999999 29.0479 
0.999997 -0.00231978 0.000201749 -0.00474546 0.00232015 0.999996 -0.00184453 0.14363 -0.000197469 0.00184499 0.999998 29.9948 
0.999991 -0.00416611 0.000300023 -0.0138505 0.00416649 0.999991 -0.0012601 0.102714 -0.00029477 0.00126134 0.999999 30.8097 
0.999988 -0.00498689 0.00026682 -0.0132832 0.00498713 0.999987 -0.000910974 0.0802692 -0.000262274 0.000912293 1 31.6667 
0.999985 -0.00548259 0.000314622 -0.00974779 0.00548299 0.999984 -0.00127727 0.116702 -0.000307615 0.00127898 0.999999 32.5538 
0.99999 -0.00454676 0.000565287 -0.0207031 0.00454735 0.999989 -0.0010514 0.0974021 -0.0005605 0.00105396 0.999999 33.4795 
0.99999 -0.00432205 0.000574218 -0.0190212 0.00432288 0.99999 -0.00144818 0.119116 -0.000567953 0.00145065 0.999999 34.3869 
0.999989 -0.00468716 0.000619887 -0.0270751 0.0046877 0.999989 -0.000869744 0.0760965 -0.000615804 0.00087264 0.999999 35.269 
0.999986 -0.00534848 0.000466327 -0.0180501 0.00534891 0.999985 -0.00091871 0.089063 -0.000461406 0.000921191 0.999999 36.2122 
0.999978 -0.00661985 0.000628037 -0.0286371 0.0066201 0.999978 -0.000396492 0.053394 -0.000625399 0.000400641 1 37.175 
0.999975 -0.00708254 0.000681376 -0.0318467 0.00708319 0.999974 -0.000959373 0.08215 -0.000674564 0.000964175 0.999999 38.1703 
0.999974 -0.00718681 0.00067074 -0.0329816 0.00718706 0.999974 -0.000362812 0.0503664 -0.000668115 0.000367623 1 39.1109 
0.999976 -0.00684826 0.000820138 -0.0446599 0.00684848 0.999977 -0.0002581 0.0367065 -0.000818352 0.00026371 1 40.0507 
0.999977 -0.00668097 0.000941392 -0.0522258 0.00668041 0.999978 0.000600207 -0.034212 -0.000945381 -0.000593904 0.999999 41.0304 
0.999979 -0.00644651 0.00109016 -0.0478912 0.00644604 0.999979 0.000426731 -0.0378412 -0.00109289 -0.000419695 0.999999 42.0546 
0.999982 -0.00595603 0.000905983 -0.0220131 0.00595636 0.999982 -0.000370383 0.0237821 -0.000903761 0.000375773 1 42.9313 
0.999982 -0.00582124 0.00113037 -0.0446431 0.00582131 0.999983 -5.96034e-05 0.0202869 -0.00113001 6.61826e-05 0.999999 43.7974 
0.99998 -0.00626952 0.00106682 -0.0371031 0.00626968 0.99998 -0.000149653 0.03227 -0.00106586 0.000156339 0.999999 44.7874 
0.99998 -0.00627873 0.00125265 -0.0398941 0.00627875 0.99998 -1.30448e-05 0.0163434 -0.00125254 2.09096e-05 0.999999 45.6994 
0.999981 -0.00598242 0.00112445 -0.0293313 0.00598294 0.999982 -0.000461654 0.0547297 -0.00112167 0.000468373 0.999999 46.699 
0.999979 -0.0064126 0.000963361 -0.0135729 0.00641257 0.999979 2.73869e-05 0.0279323 -0.000963517 -2.12087e-05 1 47.569 
0.999973 -0.00729967 0.00104373 -0.0130337 0.00729927 0.999973 0.000382208 0.0130544 -0.00104649 -0.000374579 0.999999 48.4316 
0.99997 -0.00768464 0.00117463 -0.0208021 0.00768428 0.99997 0.000315918 0.0267358 -0.00117702 -0.000306883 0.999999 49.3025 
0.999981 -0.00611893 0.00117646 -0.0166001 0.00611808 0.999981 0.000718547 0.00685828 -0.00118084 -0.000711335 0.999999 50.1889 
0.999983 -0.00575144 0.000794231 0.0116653 0.00575073 0.999983 0.000890147 6.66567e-05 -0.000799337 -0.000885565 0.999999 51.1922 
0.999976 -0.00680505 0.00120174 -0.0149234 0.00680405 0.999977 0.000834317 0.013381 -0.00120739 -0.000826121 0.999999 52.0965 
0.999977 -0.00669337 0.00141224 -0.0295937 0.00669312 0.999978 0.000180218 0.0660175 -0.00141341 -0.000170761 0.999999 52.9499 
0.99998 -0.00613377 0.00151307 -0.0343288 0.00613427 0.999981 -0.000321857 0.105137 -0.00151107 0.000331132 0.999999 53.8898 
0.999982 -0.00575115 0.00138866 -0.0284477 0.00575087 0.999983 0.000209509 0.0753359 -0.00138985 -0.00020152 0.999999 54.8152 
0.999985 -0.00536891 0.00111723 0.000832114 0.00536865 0.999986 0.000227633 0.0698942 -0.00111844 -0.000221631 0.999999 55.7003 
0.999989 -0.00448263 0.00108705 0.0105575 0.00448198 0.99999 0.000606408 0.0557521 -0.00108976 -0.000601529 0.999999 56.6668 
0.999993 -0.00360085 0.00120955 0.00027397 0.00359947 0.999993 0.00114007 0.0146477 -0.00121365 -0.00113571 0.999999 57.5821 
0.999992 -0.00386113 0.00133013 -0.00523374 0.00385796 0.99999 0.00237853 -0.0573041 -0.0013393 -0.00237338 0.999996 58.5548 
0.999991 -0.00420399 0.000988348 0.0212663 0.00420132 0.999988 0.00268371 -0.0640907 -0.000999618 -0.00267954 0.999996 59.5204 
0.99999 -0.00439932 0.00118306 0.0202893 0.00439627 0.999987 0.00257048 -0.0467068 -0.00119435 -0.00256526 0.999996 60.5559 
0.999992 -0.00371928 0.0013435 0.0145431 0.00371586 0.99999 0.00253285 -0.0418827 -0.00135291 -0.00252784 0.999996 61.475 
0.999992 -0.00355808 0.00153443 0.00649066 0.00355483 0.999991 0.00211632 -0.0184425 -0.00154194 -0.00211085 0.999997 62.3447 
0.999994 -0.0032175 0.00157402 -0.00206627 0.00321449 0.999993 0.00190897 0.0142534 -0.00158015 -0.0019039 0.999997 63.249 
0.999992 -0.0033317 0.00216107 -0.0438394 0.00332636 0.999991 0.00247151 -0.0268273 -0.00216928 -0.0024643 0.999995 64.3122 
0.999991 -0.0034141 0.00243632 -0.0574874 0.00340899 0.999992 0.00209809 0.0177591 -0.00244346 -0.00208977 0.999995 65.1967 
0.999988 -0.00409727 0.0026496 -0.0695094 0.00409077 0.999989 0.00245409 0.00439388 -0.00265962 -0.00244322 0.999993 66.1759 
0.999986 -0.00477726 0.00242407 -0.0408593 0.00476963 0.999984 0.00314205 -0.0303566 -0.00243904 -0.00313044 0.999992 67.0642 
0.999991 -0.00363571 0.00200273 -0.00899259 0.00363055 0.99999 0.00257634 -0.00928082 -0.00201208 -0.00256904 0.999995 67.9702 
0.99999 -0.00423449 0.00158082 0.0273358 0.00423047 0.999988 0.00253956 -0.0057038 -0.00159156 -0.00253285 0.999996 68.9014 
0.999989 -0.00448438 0.00148977 0.0384754 0.0044805 0.999987 0.00259845 0.00854671 -0.0015014 -0.00259175 0.999996 69.7359 
0.999992 -0.00356032 0.00176609 0.0267838 0.00355566 0.99999 0.00263488 0.0100178 -0.00177545 -0.00262858 0.999995 70.6335 
0.999995 -0.00271454 0.00153972 0.0478655 0.00271125 0.999994 0.00213463 0.0428741 -0.0015455 -0.00213044 0.999997 71.5204 
0.999997 -0.00153129 0.00204821 0.0150522 0.001528 0.999998 0.00160741 0.0894595 -0.00205067 -0.00160427 0.999997 72.4229 
0.999997 -0.00143076 0.00194869 0.0215593 0.00142741 0.999998 0.00172027 0.0834918 -0.00195114 -0.00171749 0.999997 73.3508 
0.999997 -0.00146455 0.00210334 0.0185525 0.0014629 0.999999 0.000784408 0.142513 -0.00210449 -0.000781328 0.999997 74.2621 
0.999997 -0.00114729 0.00227554 0.008487 0.00114651 0.999999 0.000341462 0.172161 -0.00227593 -0.000338852 0.999997 75.1793 
0.999996 -0.00169795 0.00211651 0.0288819 0.00169745 0.999999 0.000236668 0.160629 -0.00211691 -0.000233075 0.999998 76.0522 
0.999995 -0.0018751 0.00235109 0.0059833 0.00187377 0.999998 0.000567303 0.14651 -0.00235215 -0.000562895 0.999997 76.8567 
0.999995 -0.00174059 0.00247308 0.0125938 0.00173901 0.999998 0.000640254 0.133514 -0.00247419 -0.00063595 0.999997 77.8691 
0.999995 -0.00184605 0.00255679 0.0101824 0.00184499 0.999998 0.000416151 0.140833 -0.00255756 -0.000411431 0.999997 78.8015 
0.999996 -0.000842074 0.00282215 -0.0127655 0.000840922 1 0.000409341 0.137166 -0.0028225 -0.000406966 0.999996 79.6849 
0.999996 -0.00106463 0.00260571 0.0116245 0.00106345 0.999999 0.000456379 0.142852 -0.0026062 -0.000453606 0.999997 80.6576 
0.999995 -0.00191056 0.00260928 0.0133489 0.00190935 0.999998 0.000468501 0.158536 -0.00261017 -0.000463517 0.999996 81.5722 
0.999995 -0.00197451 0.00258924 0.0163411 0.00197405 0.999998 0.000178583 0.171638 -0.00258959 -0.00017347 0.999997 82.5428 
0.999996 -0.000755994 0.00255128 0.02695 0.000756294 1 -0.000116611 0.206791 -0.00255119 0.00011854 0.999997 83.393 
0.999996 -0.000256293 0.00291308 0.0067585 0.000255714 1 0.00019918 0.181716 -0.00291313 -0.000198434 0.999996 84.4085 
0.999995 -0.000228931 0.00306591 -0.0144257 0.000229293 1 -0.000117926 0.201504 -0.00306588 0.000118628 0.999995 85.3666 
0.999995 -9.85304e-05 0.00331427 -0.0265602 0.000100326 1 -0.000541691 0.23909 -0.00331422 0.000542021 0.999994 86.2743 
0.999993 0.00141305 0.00348457 -0.0253911 -0.00140875 0.999998 -0.00123866 0.289613 -0.00348631 0.00123374 0.999993 87.1427 
0.999994 0.0010852 0.00333492 -0.0108799 -0.00108216 0.999999 -0.000913442 0.260315 -0.00333591 0.000909828 0.999994 88.1083 
0.999995 0.000901588 0.00312547 0.00943305 -0.00090065 1 -0.000301445 0.222734 -0.00312574 0.000298628 0.999995 89.0426 
0.999992 0.00253944 0.00293457 0.0303357 -0.00253798 0.999997 -0.000501119 0.241957 -0.00293584 0.000493667 0.999996 89.9345 
0.999991 0.00310421 0.00284383 0.0377814 -0.00310332 0.999995 -0.000317877 0.242127 -0.0028448 0.000309049 0.999996 90.7737 
0.999991 0.0033774 0.00274992 0.039584 -0.00337412 0.999994 -0.00119888 0.299506 -0.00275395 0.00118959 0.999996 91.741 
0.999989 0.00375116 0.00270148 0.0547138 -0.00374888 0.999993 -0.000850722 0.288972 -0.00270466 0.000840586 0.999996 92.6443 
0.99999 0.00387496 0.00239544 0.0723875 -0.00387229 0.999992 -0.00111741 0.289593 -0.00239975 0.00110812 0.999997 93.5696 
0.999992 0.00275393 0.00274562 0.0477481 -0.0027503 0.999995 -0.00132495 0.298478 -0.00274926 0.00131739 0.999995 94.5802 
0.99999 0.00359237 0.00262573 0.0539343 -0.00358695 0.999991 -0.00206465 0.349179 -0.00263313 0.00205521 0.999994 95.5893 
0.999991 0.00359116 0.00246355 0.0676136 -0.00358656 0.999992 -0.00186955 0.328526 -0.00247024 0.0018607 0.999995 96.5168 
0.99999 0.00367825 0.00260216 0.0672041 -0.00367315 0.999991 -0.00195901 0.330252 -0.00260934 0.00194943 0.999995 97.5354 
0.999992 0.0029994 0.00263916 0.0676988 -0.00299533 0.999994 -0.00154351 0.309523 -0.00264377 0.00153559 0.999995 98.446 
0.999992 0.00296854 0.0026552 0.0582175 -0.00296376 0.999994 -0.00180306 0.31186 -0.00266053 0.00179518 0.999995 99.3855 
0.99999 0.00356118 0.00277758 0.0526233 -0.00355762 0.999993 -0.00128819 0.288988 -0.00278214 0.0012783 0.999995 100.317 
0.999991 0.00301797 0.00286195 0.0497519 -0.00301733 0.999995 -0.000229844 0.222273 -0.00286263 0.000221206 0.999996 101.289 
0.999994 0.001986 0.00282985 0.0546295 -0.00198428 0.999998 -0.000612917 0.237592 -0.00283106 0.000607298 0.999996 102.199 
0.999994 0.00119758 0.0031103 0.0429329 -0.00119681 0.999999 -0.000249813 0.198438 -0.0031106 0.000246089 0.999995 103.299 
0.999996 0.000397854 0.00276239 0.06737 -0.000397588 1 -9.67134e-05 0.184932 -0.00276243 9.56147e-05 0.999996 104.15 
0.999996 0.000553488 0.00268702 0.0801386 -0.000553649 1 5.92269e-05 0.184116 -0.00268698 -6.07143e-05 0.999996 105.067 
0.999995 0.000324367 0.00300316 0.0577865 -0.000323516 1 -0.000283757 0.206216 -0.00300325 0.000282784 0.999995 106.071 
0.999996 0.000621027 0.00290175 0.0673199 -0.000619624 1 -0.000484485 0.241648 -0.00290205 0.000482685 0.999996 106.925 
0.999996 0.000739499 0.00276945 0.0795323 -0.000738885 1 -0.000222621 0.217376 -0.00276962 0.000220574 0.999996 107.808 
0.999997 -0.000245435 0.00262704 0.0920623 0.000245395 1 1.54981e-05 0.189746 -0.00262704 -1.48534e-05 0.999997 108.708 
0.999997 0.000208384 0.00249084 0.103615 -0.000209275 1 0.000357533 0.164882 -0.00249077 -0.000358053 0.999997 109.61 
0.999997 0.000502144 0.00245101 0.120062 -0.000504278 0.999999 0.000870147 0.111123 -0.00245058 -0.00087138 0.999997 110.555 
0.999996 0.000444249 0.00272812 0.106937 -0.00044788 0.999999 0.00133038 0.0848658 -0.00272752 -0.00133159 0.999995 111.558 
0.999995 0.00114993 0.00280603 0.102923 -0.00115336 0.999999 0.00121949 0.104907 -0.00280462 -0.00122272 0.999995 112.457 
0.999995 0.00101538 0.00313087 0.0822393 -0.00101924 0.999999 0.00123 0.097167 -0.00312961 -0.00123318 0.999994 113.382 
0.999994 0.00111795 0.0031395 0.0837861 -0.00112246 0.999998 0.00143216 0.0892356 -0.0031379 -0.00143568 0.999994 114.337 
0.999995 0.000441862 0.00315232 0.079003 -0.000447127 0.999999 0.00166969 0.0606771 -0.00315158 -0.00167109 0.999994 115.265 
0.999995 -0.000477033 0.0030063 0.0896373 0.000472616 0.999999 0.00147005 0.0770384 -0.00300699 -0.00146863 0.999994 116.187 
0.999996 2.16357e-05 0.00272491 0.109233 -2.66778e-05 0.999998 0.00185034 0.0815457 -0.00272487 -0.0018504 0.999995 117.182 
0.999996 -0.000687412 0.00277754 0.105544 0.00068323 0.999999 0.00150617 0.115827 -0.00277857 -0.00150427 0.999995 118.07 
0.999997 -0.000657925 0.00253353 0.123178 0.000653698 0.999998 0.00166921 0.097457 -0.00253462 -0.00166755 0.999995 119.004 
0.999997 -0.000591668 0.00253272 0.129489 0.000588173 0.999999 0.00138026 0.111574 -0.00253354 -0.00137877 0.999996 119.933 
0.999998 -0.000584146 0.00208514 0.155455 0.00058034 0.999998 0.00182557 0.078797 -0.00208621 -0.00182436 0.999996 120.83 
0.999997 -0.000747547 0.00231675 0.135107 0.000743497 0.999998 0.00174831 0.0862377 -0.00231805 -0.00174658 0.999996 121.724 
0.999996 -0.00123483 0.0026633 0.10755 0.00123102 0.999998 0.00143203 0.115368 -0.00266506 -0.00142875 0.999995 122.702 
0.999996 -0.001821 0.00210295 0.157083 0.00181799 0.999997 0.00142871 0.124517 -0.00210555 -0.00142488 0.999997 123.63 
0.999997 -0.00182981 0.00180971 0.180462 0.0018268 0.999997 0.00166419 0.107476 -0.00181275 -0.00166088 0.999997 124.577 
0.999997 -0.00149055 0.00189773 0.171817 0.0014875 0.999998 0.00160589 0.100901 -0.00190012 -0.00160306 0.999997 125.479 
0.999997 -0.00139082 0.00194964 0.169926 0.00138569 0.999996 0.00263356 0.0349111 -0.0019533 -0.00263085 0.999995 126.298 
0.999999 -0.00046652 0.00142586 0.213559 0.000462145 0.999995 0.00306718 0.0130725 -0.00142729 -0.00306651 0.999994 127.244 
0.999999 -8.08763e-05 0.00115476 0.232059 7.72504e-05 0.999995 0.0031396 -0.000642183 -0.00115501 -0.00313951 0.999994 128.134 
0.999999 -0.000470556 0.000977394 0.244507 0.000467238 0.999994 0.00339234 -0.016454 -0.000978984 -0.00339188 0.999994 129.086 
0.999999 -0.000172093 0.00117389 0.227732 0.000167895 0.999994 0.00357559 -0.00779206 -0.00117449 -0.00357539 0.999993 130.053 
0.999999 0.00124107 0.000785944 0.264588 -0.00124379 0.999993 0.00346666 -0.0111457 -0.000781637 -0.00346763 0.999994 130.91 
0.999999 0.00119259 0.000774831 0.263971 -0.00119482 0.999995 0.00288107 0.0252192 -0.000771391 -0.002882 0.999996 131.786 
0.999999 0.00138528 0.000733813 0.262203 -0.00138761 0.999994 0.00319251 0.00860684 -0.000729386 -0.00319353 0.999995 132.744 
0.999998 0.00162789 0.000634007 0.260892 -0.00162971 0.999995 0.00288286 0.037164 -0.000629311 -0.00288389 0.999996 133.615 
0.999998 0.00209728 0.000487161 0.267681 -0.0020985 0.999995 0.00251546 0.0481573 -0.000481882 -0.00251648 0.999997 134.568 
0.999998 0.00191563 0.000745913 0.241254 -0.00191804 0.999993 0.00324895 0.00470621 -0.000739684 -0.00325038 0.999994 135.516 
0.999996 0.00291469 0.000642268 0.260377 -0.00291687 0.99999 0.00341727 0.00577778 -0.000632301 -0.00341913 0.999994 136.492 
0.999998 0.00196667 0.000794304 0.252334 -0.00196935 0.999992 0.003392 0.0187017 -0.000787627 -0.00339356 0.999994 137.405 
0.999996 0.00270933 0.000643762 0.276972 -0.00271217 0.999986 0.00445956 -0.0651412 -0.00063167 -0.00446129 0.99999 138.363 
0.999997 0.00227745 0.00112241 0.233176 -0.00228161 0.99999 0.00371948 -0.0297258 -0.00111393 -0.00372203 0.999992 139.352 
0.999999 0.00140027 0.000974043 0.247016 -0.00140411 0.999991 0.00394813 -0.0473416 -0.000968506 -0.0039495 0.999992 140.256 
0.999999 0.000279471 0.00125955 0.232975 -0.000285144 0.99999 0.00450653 -0.0707703 -0.00125828 -0.00450688 0.999989 141.2 
0.999999 -3.30588e-05 0.0011869 0.230522 2.8097e-05 0.999991 0.00418028 -0.0517901 -0.00118703 -0.00418024 0.999991 142.068 
0.999999 -0.000833181 0.00104244 0.242381 0.000828267 0.999989 0.00470479 -0.0835992 -0.00104635 -0.00470392 0.999988 143.01 
0.999999 -0.00118077 0.00113305 0.235141 0.00117567 0.999989 0.00448515 -0.0577427 -0.00113833 -0.00448382 0.999989 144.047 
0.999999 -0.000281 0.00101572 0.243674 0.000276526 0.99999 0.00440245 -0.0517941 -0.00101694 -0.00440216 0.99999 145.053 
0.999999 -0.000844795 0.00118843 0.230228 0.000839598 0.99999 0.00436717 -0.0626846 -0.00119211 -0.00436617 0.99999 145.965 
0.999999 -0.00115569 0.00115055 0.230194 0.00115038 0.999989 0.004603 -0.0839733 -0.00115586 -0.00460167 0.999989 146.85 
0.999999 -0.000880219 0.000504236 0.27165 0.000878029 0.99999 0.00432801 -0.0543376 -0.000508041 -0.00432756 0.999991 147.897 
1 -2.34539e-05 0.000391957 0.278636 2.14723e-05 0.999987 0.00505511 -0.0881581 -0.00039207 -0.0050551 0.999987 148.824 
1 0.000152693 0.000344458 0.286233 -0.000154538 0.999986 0.00536278 -0.108119 -0.000343634 -0.00536283 0.999986 149.851 
1 -3.23098e-05 0.000684495 0.255265 2.86996e-05 0.999986 0.00527348 -0.100217 -0.000684656 -0.00527345 0.999986 150.866 
1 0.000265079 0.000467624 0.266449 -0.000267931 0.999981 0.00610991 -0.161518 -0.000465996 -0.00611003 0.999981 151.807 
1 -0.000283153 0.000449181 0.261738 0.000280538 0.999983 0.00581108 -0.125826 -0.000450819 -0.00581095 0.999983 152.757 
1 -0.000361227 -3.59335e-05 0.301618 0.000361393 0.999989 0.00471603 -0.0593029 3.42295e-05 -0.00471604 0.999989 153.688 
0.999999 -0.00129688 0.000125116 0.290125 0.00129629 0.999988 0.00463469 -0.0479684 -0.000131125 -0.00463453 0.999989 154.557 
0.999997 -0.00263547 -0.000156941 0.310751 0.00263617 0.999986 0.00462892 -0.0331085 0.00014474 -0.00462932 0.999989 155.531 
0.999995 -0.00305517 -0.000185695 0.309651 0.0030561 0.999982 0.00522732 -0.0762219 0.000169721 -0.00522787 0.999986 156.441 
0.999995 -0.0029952 -0.000178611 0.30669 0.00299616 0.99998 0.00563494 -0.0934855 0.00016173 -0.00563545 0.999984 157.344 
0.999995 -0.00320273 -0.000429697 0.316661 0.00320508 0.999979 0.00558032 -0.0789808 0.000411816 -0.00558167 0.999984 158.268 
0.999994 -0.00324503 -0.0006978 0.332738 0.00324873 0.99998 0.00537417 -0.0662274 0.000680347 -0.00537641 0.999985 159.146 
0.999995 -0.00295877 -0.00125037 0.367184 0.00296516 0.999982 0.00514197 -0.038326 0.00123513 -0.00514565 0.999986 160.084 
0.999993 -0.00336772 -0.00141358 0.375157 0.00337567 0.999978 0.00565376 -0.0664016 0.00139451 -0.00565849 0.999983 161.014 
0.999993 -0.00337514 -0.00172657 0.39722 0.00338475 0.999979 0.00559418 -0.0580629 0.00170765 -0.00559998 0.999983 161.923 
0.999993 -0.00312564 -0.00191087 0.405908 0.00313672 0.999978 0.00582434 -0.0676439 0.00189262 -0.0058303 0.999981 162.849 
0.999991 -0.00369433 -0.00185797 0.396056 0.00370423 0.999979 0.00535719 -0.0367648 0.00183814 -0.00536403 0.999984 163.791 
0.999997 -0.00147522 -0.0018204 0.397171 0.00148548 0.999983 0.0056479 -0.0469769 0.00181204 -0.00565059 0.999982 164.775 
0.999997 -0.00125515 -0.00210108 0.408033 0.00126586 0.999986 0.00510677 0.0121679 0.00209464 -0.00510941 0.999985 165.736 
0.999996 -0.00123716 -0.00243629 0.424095 0.00124816 0.999989 0.00452088 0.0713828 0.00243067 -0.00452391 0.999987 166.664 
0.999996 -0.00167858 -0.00241465 0.420258 0.0016896 0.999988 0.00457022 0.0823887 0.00240695 -0.00457428 0.999987 167.557 
0.999997 -0.000401064 -0.00244201 0.423826 0.000410111 0.999993 0.0037053 0.137709 0.00244051 -0.00370629 0.99999 168.531 
0.999996 0.000916109 -0.00257694 0.431826 -0.000906071 0.999992 0.00389375 0.123213 0.00258049 -0.0038914 0.999989 169.497 
0.999995 0.00063546 -0.00302092 0.462196 -0.000622814 0.999991 0.00418505 0.0973058 0.00302355 -0.00418314 0.999987 170.389 
0.999996 0.000269813 -0.00294272 0.451991 -0.000259113 0.999993 0.00363588 0.118676 0.00294368 -0.0036351 0.999989 171.316 
0.999997 0.0016127 -0.00189531 0.383329 -0.0016079 0.999996 0.002531 0.18519 0.00189939 -0.00252794 0.999995 172.239 
0.999993 0.00306925 -0.00198068 0.395175 -0.00306434 0.999992 0.00247682 0.205575 0.00198827 -0.00247073 0.999995 173.052 
