1 0 0 0 0 1 0 0 0 0 1 0 
1 -3.04825e-07 -0.000210907 0.0116286 3.01417e-07 1 -1.61597e-05 -0.00228094 0.000210907 1.61596e-05 1 0.653496 
0.999999 -0.00136885 -0.000257688 0.00783139 0.00136874 0.999999 -0.000449045 0.00792103 0.000258303 0.000448692 1 1.20323 
0.999999 -0.00132668 0.000142375 -0.00619317 0.00132675 0.999999 -0.000449802 0.0190839 -0.000141778 0.00044999 1 1.77088 
0.999998 -0.00185231 0.000278871 -0.0109901 0.00185243 0.999998 -0.000444259 0.0139335 -0.000278048 0.000444775 1 2.51734 
0.999998 -0.00208121 0.000243923 -0.0090696 0.00208132 0.999998 -0.000449374 0.0194055 -0.000242988 0.00044988 1 3.19805 
0.999998 -0.00208418 0.000159208 -0.00574509 0.00208425 0.999998 -0.000419566 0.000417243 -0.000158333 0.000419897 1 3.84399 
0.999998 -0.00190623 0.000219454 -0.0128061 0.0019063 0.999998 -0.000309897 0.00195388 -0.000218863 0.000310315 1 4.48445 
0.999998 -0.00200714 0.000162377 -0.00711478 0.00200729 0.999998 -0.000943728 0.0450992 -0.000160482 0.000944052 1 4.98018 
0.999997 -0.00260871 0.000209576 -0.00445281 0.00260893 0.999996 -0.00104937 0.0557609 -0.000206837 0.00104991 0.999999 5.70908 
0.999996 -0.00265288 0.000296583 -0.00484112 0.00265308 0.999996 -0.000675813 0.0259677 -0.000294789 0.000676598 1 6.3118 
0.999998 -0.00209016 0.000254709 -0.00763524 0.00209025 0.999998 -0.000387185 0.00849169 -0.000253899 0.000387717 1 7.0187 
0.999996 -0.00284337 0.000582376 -0.0287906 0.00284359 0.999996 -0.000374589 0.0150725 -0.000581309 0.000376243 1 7.77472 
0.999993 -0.00366596 0.000360855 -0.0152707 0.0036661 0.999993 -0.000387683 0.00670239 -0.000359431 0.000389003 1 8.40889 
0.999992 -0.00394809 0.000420342 -0.014651 0.00394805 0.999992 9.51866e-05 -0.01882 -0.000420715 -9.35263e-05 1 9.09691 
0.999994 -0.00340126 0.000517442 -0.0157349 0.00340115 0.999994 0.000215073 -0.026789 -0.000518171 -0.000213311 1 9.88311 
0.999995 -0.00324065 0.000506179 -0.0105366 0.00324031 0.999995 0.000659022 -0.0482492 -0.000508312 -0.000657378 1 10.5516 
0.999991 -0.00425527 0.000385048 -0.0118137 0.00425487 0.99999 0.00103233 -0.0813369 -0.000389437 -0.00103068 0.999999 11.2695 
0.999988 -0.00492681 0.000447729 -0.022984 0.0049261 0.999987 0.00157583 -0.103291 -0.000455487 -0.00157361 0.999999 12.0867 
0.999985 -0.0053939 0.000485237 -0.0219366 0.00539322 0.999985 0.00137414 -0.0654019 -0.000492642 -0.0013715 0.999999 12.8835 
0.999989 -0.0047245 0.000547319 -0.0306947 0.00472409 0.999989 0.000757981 -0.0339018 -0.000550894 -0.000755387 1 13.5079 
0.999991 -0.004318 0.000571126 -0.0253643 0.00431761 0.99999 0.0006714 -0.0318092 -0.00057402 -0.000668928 1 14.1911 
0.999991 -0.0041039 0.000492789 -0.021275 0.00410316 0.99999 0.00148108 -0.056209 -0.000498862 -0.00147904 0.999999 14.8856 
0.999986 -0.00519363 0.000440401 -0.0196136 0.00519308 0.999986 0.00126061 -0.0376777 -0.000446941 -0.0012583 0.999999 15.3847 
0.999992 -0.00396489 0.000511543 -0.0131872 0.00396468 0.999992 0.000400244 0.0128125 -0.000513126 -0.000398213 1 15.8915 
0.999994 -0.00342106 0.000184938 0.00225618 0.00342097 0.999994 0.000455696 0.00444901 -0.000186496 -0.00045506 1 16.618 
0.999993 -0.0036957 6.0021e-05 0.00375768 0.00369565 0.999993 0.000756793 -0.0101699 -6.28175e-05 -0.000756566 1 17.3006 
0.999998 -0.00212722 1.58634e-05 0.0111716 0.00212721 0.999997 0.000896226 -0.0137435 -1.77698e-05 -0.00089619 1 17.8856 
0.999997 -0.00225675 -7.66303e-05 0.0122656 0.00225687 0.999996 0.0015474 -0.0380148 7.31379e-05 -0.00154757 0.999999 18.5459 
0.999998 -0.00176147 -0.00019985 0.0179315 0.00176188 0.999996 0.00208774 -0.062602 0.000196171 -0.00208809 0.999998 19.3047 
0.999998 -0.00221613 -0.000155723 0.0132069 0.00221651 0.999994 0.00247628 -0.0880451 0.000150234 -0.00247662 0.999997 19.9063 
0.999999 -0.00102017 0.000116819 -0.00572099 0.00101992 0.999997 0.0021266 -0.0841088 -0.000118989 -0.00212648 0.999998 20.5151 
1 0.000915803 0.00023247 -0.0111882 -0.000916281 0.999997 0.00206496 -0.0896528 -0.000230579 -0.00206517 0.999998 21.1549 
0.999999 0.00138723 0.00049361 -0.0278105 -0.00138835 0.999996 0.00226667 -0.0935385 -0.000490464 -0.00226736 0.999997 21.6629 
1 0.000314396 0.000517412 -0.0318284 -0.000315692 0.999997 0.00250758 -0.101778 -0.000516622 -0.00250774 0.999997 22.3312 
1 -0.000439857 0.000264136 -0.0223338 0.000439196 0.999997 0.00249694 -0.0827996 -0.000265233 -0.00249683 0.999997 23.0023 
1 0.000402567 0.000352117 -0.02443 -0.000403507 0.999996 0.00267277 -0.0830542 -0.00035104 -0.00267291 0.999996 23.7286 
1 0.000842342 0.000322322 -0.0225384 -0.00084304 0.999997 0.00217361 -0.0609994 -0.00032049 -0.00217388 0.999998 24.347 
1 4.42273e-05 0.000494871 -0.0373795 -4.5531e-05 0.999997 0.00263458 -0.0897378 -0.000494753 -0.0026346 0.999996 25.0691 
0.999999 0.000784711 0.000960369 -0.0546079 -0.000787676 0.999995 0.00309096 -0.107348 -0.000957939 -0.00309171 0.999995 25.741 
1 0.000572272 0.000771222 -0.0517702 -0.000574671 0.999995 0.0031148 -0.112872 -0.000769435 -0.00311525 0.999995 26.4475 
0.999999 0.00124489 0.000744902 -0.0460688 -0.00124696 0.999995 0.00279025 -0.0973716 -0.000741425 -0.00279117 0.999996 27.0895 
0.999999 0.000799622 0.000623577 -0.0430331 -0.000801406 0.999996 0.00286633 -0.0894695 -0.000621282 -0.00286683 0.999996 27.7271 
0.999999 0.0011342 0.000922521 -0.0554401 -0.00113696 0.999995 0.00299074 -0.0973562 -0.000919124 -0.00299179 0.999995 28.371 
0.999999 0.000818762 0.000851429 -0.0507072 -0.000821823 0.999993 0.00360042 -0.104482 -0.000848476 -0.00360111 0.999993 29.0654 
0.999999 0.000977207 0.000872699 -0.0470697 -0.000980002 0.999994 0.00320789 -0.0881534 -0.00086956 -0.00320874 0.999994 29.8087 
0.999998 0.00164359 0.000932726 -0.0420296 -0.00164673 0.999993 0.00337719 -0.0960022 -0.000927168 -0.00337872 0.999994 30.4012 
0.999999 0.00131785 0.000989201 -0.046212 -0.00132181 0.999991 0.00401979 -0.112845 -0.000983895 -0.00402109 0.999991 31.0119 
1 0.000171217 0.000777748 -0.0397781 -0.000174662 0.99999 0.00443117 -0.122791 -0.000776982 -0.00443131 0.99999 31.8477 
1 -2.98214e-05 0.000848783 -0.0329606 2.596e-05 0.99999 0.0045489 -0.136602 -0.00084891 -0.00454887 0.999989 32.48 
1 -0.000376458 0.000867096 -0.024329 0.000372319 0.999989 0.00476842 -0.134141 -0.000868881 -0.00476809 0.999988 33.1976 
0.999999 -0.00119972 0.000791612 -0.0211586 0.00119579 0.999987 0.00494746 -0.133161 -0.000797537 -0.00494651 0.999987 33.8285 
0.999995 -0.00304866 0.000751097 -0.0165693 0.00304468 0.999982 0.0052372 -0.14476 -0.00076705 -0.00523488 0.999986 34.5587 
0.99999 -0.00441172 0.000849596 -0.0225319 0.0044072 0.999977 0.00524927 -0.14258 -0.000872734 -0.00524547 0.999986 35.2047 
0.999993 -0.00354407 0.000787891 -0.0131431 0.00353959 0.999978 0.00560859 -0.147967 -0.000807751 -0.00560577 0.999984 35.7568 
0.999993 -0.00362994 0.000658603 -0.0081855 0.00362597 0.999976 0.00593543 -0.157811 -0.000680133 -0.005933 0.999982 36.593 
0.999992 -0.00386692 0.000809772 -0.0151059 0.00386191 0.999974 0.00610668 -0.173152 -0.000833365 -0.00610351 0.999981 37.222 
0.999994 -0.00328153 0.000971099 -0.0202761 0.00327562 0.999976 0.00602657 -0.160012 -0.000990853 -0.00602335 0.999981 37.84 
0.999995 -0.00310348 0.000833858 -0.0186733 0.00309788 0.999973 0.00662864 -0.188391 -0.000854407 -0.00662603 0.999978 38.4192 
0.999997 -0.0025096 0.000826465 -0.0224723 0.00250407 0.999975 0.00663016 -0.176872 -0.000843083 -0.00662807 0.999978 39.073 
0.999995 -0.00292937 0.000807773 -0.0210053 0.00292378 0.999972 0.00682716 -0.183347 -0.000827749 -0.00682476 0.999976 39.6567 
0.999997 -0.00211025 0.000818954 -0.0236198 0.00210454 0.999974 0.00691838 -0.164287 -0.000833532 -0.00691664 0.999976 40.4873 
0.999999 -0.00141205 0.000594552 -0.0136593 0.00140734 0.999968 0.00783735 -0.207467 -0.0006056 -0.0078365 0.999969 40.9632 
0.999999 -0.00121508 0.00108681 -0.0319742 0.00120643 0.999968 0.00792409 -0.196683 -0.0010964 -0.00792277 0.999968 41.5883 
0.999999 -0.00112152 0.000938805 -0.0287773 0.00111368 0.999965 0.00831202 -0.208094 -0.000948094 -0.00831096 0.999965 42.2288 
0.999998 -0.00180469 0.000905238 -0.0225718 0.00179776 0.999969 0.00760295 -0.173245 -0.000918931 -0.0076013 0.999971 42.9729 
0.999996 -0.00278875 0.00100616 -0.0223799 0.00278134 0.99997 0.00729713 -0.150468 -0.00102648 -0.0072943 0.999973 43.5886 
0.999994 -0.00316418 0.001184 -0.0239198 0.00315526 0.999967 0.00746448 -0.158721 -0.00120758 -0.00746071 0.999971 44.3246 
0.999992 -0.00398361 0.000791579 -0.0127039 0.00397766 0.999965 0.00737279 -0.132088 -0.000820922 -0.00736958 0.999973 45.0097 
0.999988 -0.00480233 0.000908245 -0.0177864 0.00479553 0.999962 0.00733999 -0.137882 -0.000943459 -0.00733555 0.999973 45.7922 
0.999982 -0.00589555 0.00106757 -0.0299571 0.00588756 0.999956 0.00733557 -0.122725 -0.00111077 -0.00732916 0.999973 46.4629 
0.999977 -0.00671838 0.00127296 -0.0372554 0.00670834 0.999948 0.00773366 -0.131215 -0.00132485 -0.00772494 0.999969 47.128 
0.999973 -0.007209 0.00142191 -0.0428284 0.00719701 0.99994 0.00826527 -0.170606 -0.00148141 -0.00825481 0.999965 47.8128 
0.999975 -0.00700969 0.00114919 -0.0253443 0.00699992 0.999941 0.00829203 -0.201101 -0.00120725 -0.00828378 0.999965 48.4342 
0.999968 -0.00787008 0.00107479 -0.0190868 0.00786098 0.999935 0.00822785 -0.198215 -0.00113948 -0.00821914 0.999966 49.0453 
0.999965 -0.0082727 0.00089836 -0.0079942 0.00826468 0.999929 0.00858642 -0.199151 -0.000969329 -0.00857869 0.999963 49.6786 
0.999972 -0.00742389 0.000939657 -0.00871851 0.00741536 0.999934 0.00878216 -0.205631 -0.00100479 -0.00877495 0.999961 50.25 
0.999982 -0.0058842 0.00109789 -0.0115595 0.00587426 0.999944 0.00884781 -0.209133 -0.00114989 -0.0088412 0.99996 50.8629 
0.999979 -0.00645394 0.00087211 -0.00448219 0.006446 0.99994 0.00882064 -0.196863 -0.000928985 -0.00881483 0.999961 51.4912 
0.999976 -0.00687371 0.000782225 -0.00407254 0.00686593 0.999931 0.00955587 -0.217553 -0.000847855 -0.00955027 0.999954 52.2024 
0.999975 -0.00696094 0.000981683 -0.0115972 0.00695177 0.999935 0.00905234 -0.179518 -0.00104463 -0.00904529 0.999959 52.8529 
0.999974 -0.00719035 0.000883631 -0.00892295 0.00718231 0.999936 0.00879339 -0.16533 -0.000946801 -0.00878682 0.999961 53.5063 
0.999967 -0.00813736 0.000563345 0.0122508 0.00813165 0.999922 0.00947947 -0.208003 -0.000640439 -0.00947458 0.999955 54.1604 
0.999973 -0.00726972 0.000472959 0.00936687 0.00726491 0.999929 0.00948049 -0.188967 -0.000541846 -0.0094768 0.999955 54.8084 
0.999969 -0.00791448 0.000360019 0.0198099 0.00791075 0.999924 0.00940769 -0.184399 -0.000434449 -0.00940454 0.999956 55.5704 
0.999968 -0.00797292 0.000592959 0.00808445 0.00796699 0.999924 0.00941215 -0.184251 -0.000667956 -0.00940712 0.999956 56.2503 
0.99997 -0.00777291 0.000276591 0.0156287 0.00776995 0.999925 0.00944291 -0.194007 -0.000349969 -0.00944047 0.999955 57.0733 
0.999968 -0.00794759 0.000158731 0.0251855 0.00794574 0.999924 0.00943743 -0.185899 -0.000233723 -0.00943587 0.999955 57.769 
0.999961 -0.00878797 0.000290065 0.0157035 0.00878482 0.999916 0.00947757 -0.167442 -0.000373329 -0.00947465 0.999955 58.4082 
0.999972 -0.00752848 0.000197892 0.0234582 0.00752626 0.999927 0.00949898 -0.171277 -0.00026939 -0.00949723 0.999955 59.1382 
0.999985 -0.00550775 0.000390191 0.0222915 0.00550368 0.999937 0.00976116 -0.161503 -0.000443929 -0.00975886 0.999952 59.7872 
0.999983 -0.00576419 0.000414226 0.0212977 0.00575993 0.999937 0.00964838 -0.159353 -0.000469815 -0.00964584 0.999953 60.449 
0.999982 -0.00597023 0.000314974 0.0235827 0.0059668 0.999933 0.00996294 -0.176242 -0.000374434 -0.00996088 0.99995 61.0722 
0.999988 -0.00497904 0.000268853 0.0318435 0.00497606 0.999936 0.0101148 -0.166413 -0.000319198 -0.0101134 0.999949 61.7272 
0.999994 -0.00345847 0.00019894 0.0375431 0.00345627 0.999942 0.0101567 -0.148311 -0.000234055 -0.010156 0.999948 62.2904 
0.999993 -0.00373749 0.000169438 0.0365601 0.00373552 0.999939 0.0104361 -0.161136 -0.000208432 -0.0104354 0.999946 63.0004 
0.999989 -0.0047792 0.000184187 0.0442945 0.00477685 0.999927 0.0111403 -0.179073 -0.000237415 -0.0111393 0.999938 63.6764 
0.999994 -0.00332042 -1.69772e-06 0.0503663 0.00332022 0.999926 0.0116706 -0.188483 -3.70537e-05 -0.0116705 0.999932 64.2969 
0.999996 -0.00295006 9.31636e-06 0.0535218 0.00294971 0.999918 0.0124654 -0.217289 -4.60894e-05 -0.0124654 0.999922 64.8207 
0.999999 -0.00170795 -0.000287288 0.0642072 0.00171142 0.99992 0.0125657 -0.207551 0.000265803 -0.0125661 0.999921 65.5118 
0.999999 -0.00108256 -0.000190901 0.0648512 0.00108487 0.999921 0.0125549 -0.193811 0.000177294 -0.0125551 0.999921 66.1299 
0.999999 -0.00146135 -0.000374854 0.0752664 0.00146583 0.999924 0.012249 -0.174841 0.000356925 -0.0122495 0.999925 66.554 
0.999997 -0.00221201 -0.000523372 0.0829432 0.00221832 0.999921 0.0123878 -0.185678 0.000495929 -0.012389 0.999923 67.2663 
0.999999 -0.00124011 -0.000510521 0.0837675 0.0012464 0.999921 0.0125143 -0.176165 0.000494962 -0.0125149 0.999922 68.0319 
0.999999 -0.00126022 -0.000887444 0.103614 0.00127153 0.999917 0.0128534 -0.180889 0.000871172 -0.0128545 0.999917 68.6895 
0.999999 -0.0012009 -0.000722908 0.102663 0.0012104 0.999911 0.013287 -0.201329 0.000706888 -0.0132878 0.999911 69.544 
0.999997 -0.00219027 -0.000950089 0.108914 0.00220304 0.999904 0.0136541 -0.199223 0.000920092 -0.0136562 0.999906 70.1694 
0.999998 -0.00163476 -0.00110211 0.121502 0.00164916 0.999912 0.013199 -0.176861 0.00108043 -0.0132008 0.999912 70.8589 
0.999998 -0.00134702 -0.00118218 0.128284 0.00136257 0.999911 0.01325 -0.150888 0.00116423 -0.0132516 0.999912 71.5726 
0.999998 -0.00143561 -0.00119129 0.124968 0.00145209 0.999902 0.0139512 -0.170427 0.00117115 -0.013953 0.999902 72.2044 
0.999995 -0.00265529 -0.0013991 0.133263 0.00267429 0.999902 0.0137547 -0.151355 0.00136244 -0.0137584 0.999904 72.7962 
0.999995 -0.00288166 -0.00143918 0.133697 0.0029021 0.999892 0.0144094 -0.185513 0.0013975 -0.0144135 0.999895 73.4955 
0.999991 -0.00396124 -0.00158369 0.133002 0.00398376 0.999887 0.0144733 -0.182329 0.00152618 -0.0144795 0.999894 74.0699 
0.99999 -0.0041082 -0.0016788 0.143956 0.00413266 0.999881 0.0148397 -0.186882 0.00161763 -0.0148464 0.999888 74.7972 
0.99999 -0.00417883 -0.00182503 0.152721 0.00420441 0.99989 0.0142496 -0.13786 0.00176528 -0.0142572 0.999897 75.6519 
0.99999 -0.0039765 -0.0019237 0.159073 0.00400412 0.999886 0.0145734 -0.138898 0.00186553 -0.014581 0.999892 76.4224 
0.999994 -0.00286621 -0.00189423 0.159 0.00289316 0.999892 0.014384 -0.107384 0.0018528 -0.0143894 0.999895 77.2053 
0.999989 -0.00423213 -0.00200613 0.161021 0.00426139 0.999881 0.0148115 -0.12695 0.00194321 -0.0148199 0.999888 77.8337 
0.999986 -0.0049014 -0.00190056 0.155213 0.00492939 0.999875 0.0150139 -0.119555 0.00182674 -0.015023 0.999885 78.4997 
0.999986 -0.00499677 -0.00189027 0.161309 0.00502531 0.999869 0.0154091 -0.14872 0.00181303 -0.0154184 0.999879 79.0888 
0.999977 -0.0064772 -0.00189804 0.166518 0.00650636 0.999854 0.0157817 -0.166379 0.00179555 -0.0157936 0.999874 79.7872 
0.999982 -0.00555868 -0.00202682 0.167893 0.00559024 0.999858 0.0159169 -0.148818 0.00193805 -0.0159279 0.999871 80.5339 
0.999984 -0.00523252 -0.00211331 0.170729 0.00526725 0.999845 0.0167731 -0.190196 0.00202522 -0.0167839 0.999857 81.1629 
0.999986 -0.00483054 -0.00205224 0.167736 0.00486397 0.99985 0.0166099 -0.166354 0.0019717 -0.0166197 0.99986 81.8279 
0.999982 -0.00555514 -0.00204006 0.156961 0.00558828 0.999846 0.0166165 -0.154184 0.00194744 -0.0166276 0.99986 82.4792 
0.999973 -0.00696113 -0.00239654 0.17045 0.00700122 0.999828 0.0171474 -0.17825 0.00227677 -0.0171637 0.99985 83.1773 
0.999976 -0.00627855 -0.00280221 0.180859 0.00632777 0.999819 0.0179173 -0.182539 0.00268921 -0.0179346 0.999836 83.9367 
0.999983 -0.00509437 -0.002815 0.180894 0.00514399 0.999826 0.0179118 -0.170593 0.00272327 -0.0179259 0.999836 84.5607 
0.999981 -0.00553519 -0.00280826 0.184568 0.00558463 0.999824 0.0179136 -0.164805 0.00270861 -0.0179289 0.999836 85.129 
0.999983 -0.00524057 -0.00274203 0.183096 0.00528984 0.999819 0.0182802 -0.168901 0.00264573 -0.0182944 0.999829 85.9357 
0.999978 -0.00604596 -0.00286601 0.185938 0.00609785 0.999811 0.0184561 -0.17196 0.00275388 -0.0184731 0.999826 86.5283 
0.999978 -0.00596926 -0.00278284 0.177279 0.00601981 0.99981 0.0185226 -0.15714 0.00267175 -0.0185389 0.999825 87.2 
0.999972 -0.00683606 -0.00294093 0.190615 0.00689109 0.999793 0.0191259 -0.176115 0.00280957 -0.0191456 0.999813 87.8813 
0.999969 -0.00726302 -0.00307226 0.193819 0.00732322 0.999772 0.0200615 -0.20552 0.00292585 -0.0200834 0.999794 88.3811 
0.999958 -0.008597 -0.00318752 0.187002 0.00865876 0.999765 0.0198971 -0.181526 0.00301572 -0.0199239 0.999797 89.0769 
0.999974 -0.00654881 -0.00312514 0.180883 0.00661116 0.999771 0.020377 -0.201794 0.00299098 -0.0203971 0.999787 89.6887 
0.999971 -0.0069084 -0.00315721 0.177333 0.00697356 0.999753 0.0211169 -0.225947 0.00301054 -0.0211383 0.999772 90.2585 
0.999973 -0.00661041 -0.00323252 0.179347 0.0066792 0.999741 0.0217534 -0.236661 0.00308788 -0.0217744 0.999758 90.8131 
0.999978 -0.0057627 -0.00333699 0.186769 0.00583472 0.999741 0.0219894 -0.235899 0.0032094 -0.0220084 0.999753 91.5495 
0.999979 -0.00581115 -0.00293706 0.165758 0.00587538 0.999733 0.0223584 -0.242824 0.00280634 -0.0223751 0.999746 92.2653 
0.999977 -0.00614144 -0.00286646 0.160046 0.00620474 0.999725 0.0226215 -0.216622 0.00272674 -0.0226388 0.99974 92.8079 
0.999983 -0.00512575 -0.00273489 0.156598 0.00518625 0.999731 0.0225909 -0.207171 0.00261836 -0.0226047 0.999741 93.3733 
0.999987 -0.00424379 -0.00270371 0.154376 0.00430312 0.999741 0.0223275 -0.165161 0.00260826 -0.0223389 0.999747 94.1088 
0.999992 -0.00277098 -0.00296479 0.162882 0.00283655 0.999746 0.0223445 -0.155271 0.00290212 -0.0223528 0.999746 94.7846 
0.999992 -0.00233676 -0.00316395 0.167147 0.00240728 0.999745 0.0224717 -0.140678 0.00311063 -0.0224792 0.999742 95.4545 
0.999993 -0.00202287 -0.00323194 0.16766 0.00209381 0.999754 0.0221014 -0.127651 0.00318644 -0.022108 0.999751 96.1705 
0.999989 -0.0034194 -0.00324509 0.163531 0.00349047 0.999749 0.0221525 -0.108343 0.00316853 -0.0221636 0.999749 96.7547 
0.999991 -0.00303104 -0.00297219 0.15784 0.00309623 0.999749 0.022178 -0.0819775 0.00290422 -0.022187 0.99975 97.4114 
0.999994 -0.00194493 -0.00287923 0.153741 0.00200979 0.99974 0.0226984 -0.10377 0.00283433 -0.0227041 0.999738 98.0277 
0.999995 -0.000667881 -0.00304965 0.177544 0.000738642 0.999729 0.0232613 -0.129938 0.00303329 -0.0232634 0.999725 98.6738 
0.999995 -0.000333182 -0.00304969 0.176333 0.000403487 0.999734 0.0230817 -0.120664 0.00304118 -0.0230828 0.999729 99.3111 
0.999993 -0.00247909 -0.00287863 0.162149 0.00254535 0.999727 0.0232467 -0.118043 0.00282021 -0.0232538 0.999726 99.945 
0.99999 -0.00349161 -0.00286417 0.161245 0.00355833 0.999714 0.023632 -0.112451 0.00278084 -0.0236419 0.999717 100.594 
0.999985 -0.00461514 -0.00307919 0.157731 0.00468689 0.999708 0.0237184 -0.0958691 0.00296883 -0.0237325 0.999714 101.373 
0.999979 -0.0056956 -0.0031959 0.165578 0.00577189 0.999686 0.0243937 -0.113576 0.00305596 -0.0244116 0.999697 102.051 
0.999975 -0.00617996 -0.00330257 0.167906 0.00625979 0.999674 0.0247366 -0.101498 0.00314863 -0.0247566 0.999689 102.907 
0.999979 -0.00553228 -0.00342544 0.176267 0.00561681 0.999667 0.025181 -0.106831 0.00328499 -0.0251997 0.999677 103.666 
0.999978 -0.00566563 -0.00335631 0.16572 0.0057463 0.999682 0.0245353 -0.0664488 0.00321623 -0.0245541 0.999693 104.374 
0.999976 -0.00607263 -0.00328872 0.158949 0.0061508 0.999686 0.0243051 -0.0343478 0.00314009 -0.0243248 0.999699 104.973 
0.99998 -0.00542498 -0.00330492 0.165023 0.00550423 0.999686 0.0244616 -0.0144393 0.00317118 -0.0244793 0.999695 105.753 
0.999986 -0.00421224 -0.00325757 0.162892 0.00429246 0.999678 0.025024 -0.0165959 0.00315111 -0.0250377 0.999682 106.376 
0.999987 -0.00364773 -0.00358882 0.180573 0.00373343 0.999701 0.0241698 0.0307889 0.00349958 -0.0241829 0.999701 107.119 
0.999988 -0.003777 -0.00315248 0.151808 0.00385222 0.9997 0.0242066 0.0437622 0.00306011 -0.0242184 0.999702 107.854 
0.999987 -0.00377946 -0.00334369 0.155345 0.00386129 0.999685 0.0248157 0.0442227 0.00324885 -0.0248283 0.999686 108.728 
0.999983 -0.00463687 -0.00343368 0.156197 0.00472165 0.999674 0.0251087 0.0655539 0.00331614 -0.0251245 0.999679 109.345 
0.999974 -0.00628627 -0.0034918 0.162103 0.00637551 0.999637 0.0261635 0.0281428 0.00332607 -0.026185 0.999652 110.026 
0.999975 -0.00614619 -0.00347505 0.156846 0.00623513 0.999638 0.0261897 0.0374119 0.00331282 -0.0262107 0.999651 110.665 
0.999975 -0.00626938 -0.00337548 0.149255 0.00635658 0.999629 0.0264753 0.0472656 0.00320825 -0.0264961 0.999644 111.356 
0.999978 -0.00569828 -0.00336827 0.145894 0.00578539 0.999633 0.0264461 0.065862 0.00321634 -0.026465 0.999645 111.94 
0.999984 -0.00460509 -0.00337318 0.144495 0.00469317 0.999636 0.026586 0.0770045 0.00324952 -0.0266014 0.999641 112.549 
0.999969 -0.00717779 -0.003368 0.140856 0.00726481 0.99962 0.0265787 0.0982191 0.00317594 -0.0266023 0.999641 113.161 
0.999967 -0.00738358 -0.00332813 0.134486 0.00746937 0.99962 0.0265458 0.109899 0.00313087 -0.0265698 0.999642 113.814 
0.999968 -0.00726203 -0.0034239 0.137825 0.00735011 0.999623 0.0264558 0.13847 0.00323049 -0.0264801 0.999644 114.356 
0.999961 -0.00811563 -0.00337326 0.136407 0.00820449 0.999596 0.0272191 0.119773 0.003151 -0.0272457 0.999624 115.071 
0.99997 -0.00691921 -0.00355496 0.142895 0.00701472 0.999595 0.0275963 0.109151 0.00336258 -0.0276205 0.999613 115.721 
0.999969 -0.00696547 -0.00369664 0.145547 0.00706589 0.999586 0.0278852 0.119652 0.00350088 -0.0279104 0.999604 116.456 
0.999968 -0.00710444 -0.00362172 0.135926 0.00720141 0.999596 0.0275038 0.162109 0.00342486 -0.027529 0.999615 117.137 
0.999975 -0.00597229 -0.00366974 0.138451 0.00607244 0.999592 0.0279141 0.166688 0.00350153 -0.0279357 0.999604 117.79 
0.999977 -0.00589362 -0.00336516 0.123037 0.0059873 0.999575 0.0285446 0.174998 0.0031955 -0.0285641 0.999587 118.389 
0.999982 -0.00518668 -0.00306085 0.100309 0.00527356 0.999563 0.029096 0.173324 0.0029086 -0.0291116 0.999572 119.081 
0.999982 -0.00490632 -0.00340622 0.115908 0.00500331 0.999565 0.0290766 0.189782 0.00326208 -0.0290931 0.999571 119.706 
0.999986 -0.0040572 -0.00337733 0.10871 0.0041542 0.999564 0.0292269 0.19984 0.00325728 -0.0292405 0.999567 120.605 
0.999987 -0.00346528 -0.00380759 0.126041 0.00357533 0.999565 0.0292865 0.224042 0.00370444 -0.0292997 0.999564 121.424 
0.999987 -0.00335854 -0.0037142 0.121765 0.00346754 0.999552 0.0297415 0.209919 0.00361265 -0.029754 0.999551 122.025 
0.999985 -0.00404284 -0.00366223 0.115396 0.00414979 0.999551 0.0296837 0.227167 0.00354057 -0.0296984 0.999553 122.649 
0.999989 -0.00346099 -0.00310684 0.0835353 0.00355354 0.999535 0.0302938 0.21592 0.00300055 -0.0303045 0.999536 123.289 
0.999988 -0.00368582 -0.00331342 0.0887461 0.00378639 0.999516 0.0308746 0.22814 0.00319801 -0.0308868 0.999518 124.022 
