1.000000 0.000000 -0.000000 0.000000 -0.000000 1.000000 0.000000 -0.000000 0.000000 0.000000 1.000000 -0.000000 
1.000000 0.000000 -0.000094 0.000000 -0.000000 1.000000 0.000080 -0.000000 0.000094 -0.000080 1.000000 0.002625 
1.000000 0.000000 -0.000372 0.000001 -0.000000 1.000000 0.000316 -0.000000 0.000372 -0.000316 1.000000 0.010559 
1.000000 0.000001 -0.000826 0.000001 -0.000000 1.000000 0.000703 -0.000000 0.000826 -0.000703 0.999999 0.023804 
0.999999 0.000002 -0.001447 0.000001 -0.000000 0.999999 0.001235 -0.000000 0.001447 -0.001235 0.999998 0.042419 
0.999998 0.000004 -0.002229 0.000000 -0.000000 0.999998 0.001906 -0.000000 0.002229 -0.001906 0.999996 0.066406 
0.999995 0.000009 -0.003163 -0.000004 -0.000000 0.999996 0.002711 0.000008 0.003163 -0.002710 0.999991 0.095825 
0.999991 0.000016 -0.004241 -0.000011 -0.000000 0.999993 0.003643 0.000008 0.004241 -0.003643 0.999984 0.130737 
0.999985 0.000026 -0.005456 -0.000023 -0.000000 0.999989 0.004698 0.000008 0.005456 -0.004698 0.999974 0.171112 
0.999977 0.000040 -0.006799 -0.000043 -0.000001 0.999983 0.005870 0.000008 0.006800 -0.005870 0.999960 0.217041 
0.999966 0.000060 -0.008264 -0.000075 -0.000001 0.999974 0.007153 0.000008 0.008264 -0.007153 0.999940 0.268555 
0.999952 0.000085 -0.009842 -0.000120 -0.000001 0.999964 0.008542 0.000008 0.009842 -0.008541 0.999915 0.325684 
0.999934 0.000116 -0.011525 -0.000184 -0.000001 0.999950 0.010030 0.000008 0.011526 -0.010029 0.999883 0.388428 
0.999911 0.000156 -0.013306 -0.000272 -0.000001 0.999933 0.011613 0.000008 0.013307 -0.011612 0.999844 0.456879 
0.999885 0.000203 -0.015176 -0.000390 -0.000001 0.999912 0.013284 0.000008 0.015177 -0.013282 0.999797 0.531036 
0.999853 0.000259 -0.017128 -0.000544 -0.000001 0.999887 0.015038 0.000008 0.017130 -0.015035 0.999740 0.610962 
0.999816 0.000325 -0.019154 -0.000740 -0.000001 0.999858 0.016869 0.000008 0.019157 -0.016866 0.999674 0.696686 
0.999774 0.000401 -0.021246 -0.000983 -0.000002 0.999824 0.018772 0.000008 0.021250 -0.018767 0.999598 0.787201 
0.999726 0.000487 -0.023396 -0.001290 -0.000002 0.999785 0.020740 0.000015 0.023401 -0.020735 0.999511 0.884338 
0.999672 0.000585 -0.025597 -0.001667 -0.000002 0.999741 0.022769 0.000015 0.025603 -0.022762 0.999413 0.987396 
0.999612 0.000694 -0.027839 -0.002125 -0.000002 0.999691 0.024853 0.000015 0.027848 -0.024843 0.999303 1.096313 
0.999546 0.000815 -0.030117 -0.002675 -0.000002 0.999636 0.026986 0.000015 0.030128 -0.026973 0.999182 1.211182 
0.999474 0.000948 -0.032421 -0.003331 -0.000003 0.999575 0.029161 0.000015 0.032435 -0.029146 0.999049 1.332001 
0.999396 0.001093 -0.034744 -0.004107 -0.000003 0.999508 0.031375 0.000015 0.034761 -0.031356 0.998904 1.458832 
0.999312 0.001250 -0.037078 -0.005015 -0.000003 0.999435 0.033621 0.000015 0.037099 -0.033598 0.998747 1.591705 
0.999222 0.001419 -0.039415 -0.006073 -0.000003 0.999356 0.035893 0.000023 0.039441 -0.035865 0.998578 1.730652 
0.999127 0.001599 -0.041748 -0.007298 -0.000003 0.999271 0.038186 0.000023 0.041778 -0.038152 0.998398 1.875702 
0.999027 0.001789 -0.044068 -0.008706 -0.000003 0.999180 0.040494 0.000023 0.044104 -0.040454 0.998208 2.026855 
0.998922 0.001990 -0.046367 -0.010317 -0.000004 0.999083 0.042811 0.000023 0.046410 -0.042765 0.998007 2.184204 
0.998814 0.002201 -0.048638 -0.012151 -0.000004 0.998981 0.045132 0.000023 0.048688 -0.045078 0.997796 2.347778 
0.998702 0.002421 -0.050873 -0.014228 -0.000004 0.998874 0.047451 0.000023 0.050931 -0.047389 0.997577 2.517548 
0.998588 0.002648 -0.053065 -0.016569 -0.000004 0.998761 0.049763 0.000023 0.053131 -0.049692 0.997350 2.693604 
0.998471 0.002882 -0.055204 -0.019198 -0.000004 0.998644 0.052061 0.000023 0.055280 -0.051982 0.997117 2.875977 
0.998353 0.003122 -0.057285 -0.022139 -0.000004 0.998522 0.054341 0.000023 0.057370 -0.054251 0.996878 3.064697 
0.998235 0.003366 -0.059298 -0.025415 -0.000005 0.998397 0.056597 0.000023 0.059393 -0.056496 0.996635 3.259766 
0.998117 0.003613 -0.061236 -0.029052 -0.000005 0.998268 0.058822 0.000023 0.061343 -0.058711 0.996389 3.461243 
0.998000 0.003861 -0.063092 -0.033078 -0.000005 0.998137 0.061011 0.000023 0.063210 -0.060889 0.996141 3.669189 
0.997886 0.004110 -0.064857 -0.037519 -0.000005 0.998003 0.063160 0.000015 0.064987 -0.063026 0.995894 3.883575 
0.997775 0.004356 -0.066525 -0.042402 -0.000005 0.997868 0.065261 0.000015 0.066667 -0.065116 0.995648 4.104492 
0.997669 0.004599 -0.068087 -0.047759 -0.000005 0.997732 0.067310 0.000008 0.068242 -0.067153 0.995406 4.331909 
0.997568 0.004836 -0.069535 -0.053618 -0.000005 0.997596 0.069301 0.000008 0.069703 -0.069132 0.995169 4.565948 
0.997473 0.005066 -0.070863 -0.060010 -0.000006 0.997460 0.071228 -0.000000 0.071043 -0.071048 0.994940 4.806549 
0.997386 0.005286 -0.072062 -0.066966 -0.000006 0.997326 0.073086 -0.000008 0.072255 -0.072894 0.994719 5.053802 
0.997308 0.005496 -0.073124 -0.074518 -0.000006 0.997193 0.074868 -0.000015 0.073331 -0.074666 0.994509 5.307739 
0.997239 0.005692 -0.074043 -0.082699 -0.000006 0.997064 0.076571 -0.000031 0.074262 -0.076359 0.994311 5.568390 
0.997180 0.005873 -0.074811 -0.091542 -0.000006 0.996939 0.078187 -0.000038 0.075041 -0.077966 0.994128 5.835754 
0.997134 0.006037 -0.075420 -0.101081 -0.000006 0.996818 0.079711 -0.000053 0.075661 -0.079482 0.993961 6.109894 
0.997099 0.006182 -0.075862 -0.111309 -0.000006 0.996703 0.081138 -0.000069 0.076113 -0.080902 0.993812 6.389771 
0.997078 0.006305 -0.076130 -0.122335 -0.000006 0.996594 0.082462 -0.000092 0.076390 -0.082221 0.993682 6.677399 
0.997071 0.006406 -0.076216 -0.134159 -0.000006 0.996493 0.083677 -0.000114 0.076484 -0.083432 0.993574 6.971924 
0.997072 0.006493 -0.076192 -0.146788 -0.000006 0.996396 0.084828 -0.000137 0.076468 -0.084579 0.993478 7.272888 
0.997076 0.006575 -0.076136 -0.160220 -0.000006 0.996299 0.085961 -0.000168 0.076419 -0.085709 0.993385 7.579987 
0.997082 0.006653 -0.076049 -0.174492 -0.000006 0.996202 0.087075 -0.000206 0.076339 -0.086821 0.993295 7.893127 
0.997090 0.006727 -0.075932 -0.189637 -0.000006 0.996105 0.088171 -0.000244 0.076230 -0.087914 0.993207 8.212341 
0.997101 0.006797 -0.075788 -0.205689 -0.000006 0.996009 0.089249 -0.000290 0.076092 -0.088989 0.993122 8.537567 
0.997113 0.006863 -0.075617 -0.222683 -0.000006 0.995914 0.090307 -0.000336 0.075928 -0.090046 0.993039 8.868866 
0.997128 0.006924 -0.075420 -0.240655 -0.000006 0.995819 0.091347 -0.000397 0.075737 -0.091084 0.992959 9.206146 
0.997144 0.006982 -0.075200 -0.259644 -0.000006 0.995725 0.092367 -0.000458 0.075523 -0.092103 0.992881 9.549438 
0.997162 0.007035 -0.074957 -0.279684 -0.000006 0.995632 0.093368 -0.000526 0.075286 -0.093102 0.992806 9.898712 
0.997181 0.007085 -0.074692 -0.300818 -0.000006 0.995539 0.094349 -0.000603 0.075027 -0.094082 0.992733 10.253937 
0.997202 0.007130 -0.074408 -0.323083 -0.000006 0.995448 0.095310 -0.000694 0.074748 -0.095043 0.992663 10.615143 
0.997225 0.007172 -0.074104 -0.346520 -0.000006 0.995357 0.096251 -0.000786 0.074451 -0.095983 0.992595 10.982269 
0.997248 0.007210 -0.073784 -0.371170 -0.000006 0.995268 0.097172 -0.000893 0.074135 -0.096904 0.992529 11.355316 
0.997273 0.007244 -0.073448 -0.397076 -0.000006 0.995179 0.098072 -0.001007 0.073804 -0.097804 0.992465 11.734283 
0.997298 0.007275 -0.073097 -0.424279 -0.000006 0.995092 0.098951 -0.001137 0.073458 -0.098683 0.992404 12.119110 
0.997325 0.007302 -0.072733 -0.452826 -0.000006 0.995007 0.099809 -0.001282 0.073098 -0.099542 0.992345 12.509827 
0.997352 0.007326 -0.072357 -0.482760 -0.000006 0.994922 0.100647 -0.001434 0.072727 -0.100380 0.992288 12.906403 
0.997380 0.007346 -0.071970 -0.514127 -0.000006 0.994839 0.101462 -0.001610 0.072344 -0.101196 0.992233 13.308777 
0.997408 0.007363 -0.071574 -0.546974 -0.000006 0.994758 0.102256 -0.001793 0.071952 -0.101991 0.992180 13.717010 
0.997437 0.007378 -0.071171 -0.581349 -0.000006 0.994678 0.103028 -0.001999 0.071552 -0.102764 0.992129 14.131012 
0.997466 0.007389 -0.070761 -0.617300 -0.000006 0.994600 0.103778 -0.002220 0.071145 -0.103515 0.992080 14.550812 
0.997495 0.007398 -0.070345 -0.654879 -0.000006 0.994524 0.104506 -0.002457 0.070733 -0.104244 0.992033 14.976379 
0.997525 0.007404 -0.069926 -0.694133 -0.000006 0.994450 0.105211 -0.002724 0.070317 -0.104950 0.991988 15.407684 
0.997554 0.007408 -0.069504 -0.735116 -0.000006 0.994377 0.105893 -0.003006 0.069898 -0.105634 0.991945 15.844696 
0.997584 0.007409 -0.069082 -0.777882 -0.000006 0.994307 0.106553 -0.003311 0.069478 -0.106295 0.991904 16.287415 
0.997613 0.007408 -0.068659 -0.822481 -0.000006 0.994239 0.107189 -0.003647 0.069057 -0.106933 0.991865 16.735840 
0.997642 0.007405 -0.068238 -0.868970 -0.000006 0.994172 0.107802 -0.004005 0.068639 -0.107547 0.991828 17.189911 
0.997670 0.007401 -0.067820 -0.917406 -0.000006 0.994108 0.108391 -0.004395 0.068222 -0.108138 0.991792 17.649597 
0.997698 0.007394 -0.067406 -0.967740 -0.000006 0.994047 0.108957 -0.004814 0.067810 -0.108705 0.991759 18.113983 
0.997726 0.007386 -0.066997 -1.020226 -0.000006 0.993987 0.109498 -0.005264 0.067403 -0.109249 0.991727 18.584808 
0.997753 0.007377 -0.066596 -1.074829 -0.000006 0.993930 0.110015 -0.005753 0.067003 -0.109767 0.991696 19.061218 
0.997779 0.007367 -0.066202 -1.131612 -0.000006 0.993875 0.110508 -0.006279 0.066611 -0.110262 0.991668 19.543167 
0.997805 0.007356 -0.065818 -1.190634 -0.000006 0.993823 0.110975 -0.006844 0.066228 -0.110731 0.991641 20.030624 
0.997829 0.007343 -0.065446 -1.251958 -0.000006 0.993774 0.111418 -0.007446 0.065856 -0.111176 0.991616 20.523590 
0.997853 0.007331 -0.065085 -1.315647 -0.000006 0.993727 0.111836 -0.008095 0.065496 -0.111596 0.991593 21.022018 
0.997875 0.007318 -0.064738 -1.381765 -0.000006 0.993682 0.112229 -0.008789 0.065150 -0.111990 0.991571 21.525894 
0.997897 0.007304 -0.064406 -1.450379 -0.000006 0.993641 0.112595 -0.009537 0.064819 -0.112358 0.991551 22.035187 
0.997918 0.007291 -0.064090 -1.521555 -0.000006 0.993602 0.112936 -0.010330 0.064503 -0.112701 0.991533 22.549866 
0.997937 0.007277 -0.063791 -1.595360 -0.000006 0.993566 0.113252 -0.011185 0.064205 -0.113017 0.991516 23.069901 
0.997955 0.007264 -0.063512 -1.671865 -0.000006 0.993533 0.113540 -0.012093 0.063926 -0.113308 0.991501 23.595276 
0.997971 0.007251 -0.063253 -1.751140 -0.000006 0.993503 0.113803 -0.013069 0.063667 -0.113571 0.991488 24.125961 
0.997986 0.007239 -0.063015 -1.833252 -0.000006 0.993476 0.114038 -0.014107 0.063430 -0.113808 0.991476 24.661911 
0.998000 0.007228 -0.062801 -1.918281 -0.000006 0.993452 0.114247 -0.015213 0.063215 -0.114018 0.991465 25.203110 
0.998012 0.007218 -0.062610 -2.006294 -0.000006 0.993431 0.114429 -0.016388 0.063025 -0.114201 0.991457 25.749512 
0.998022 0.007209 -0.062446 -2.097369 -0.000006 0.993414 0.114583 -0.017647 0.062860 -0.114356 0.991449 26.301102 
0.998031 0.007201 -0.062308 -2.191584 -0.000006 0.993399 0.114710 -0.018982 0.062723 -0.114484 0.991443 26.857834 
0.998038 0.007194 -0.062198 -2.289012 -0.000006 0.993388 0.114809 -0.020401 0.062613 -0.114583 0.991439 27.419678 
0.998043 0.007190 -0.062119 -2.389735 -0.000006 0.993379 0.114880 -0.021912 0.062533 -0.114654 0.991435 27.986603 
0.998046 0.007187 -0.062070 -2.493830 -0.000006 0.993374 0.114922 -0.023514 0.062484 -0.114697 0.991433 28.558563 
0.998047 0.007186 -0.062053 -2.601380 -0.000006 0.993373 0.114937 -0.025223 0.062468 -0.114712 0.991433 29.135529 
0.998039 0.007183 -0.062187 -2.712432 -0.000006 0.993406 0.114647 -0.027031 0.062601 -0.114421 0.991458 29.716888 
0.998014 0.007174 -0.062583 -2.827031 -0.000006 0.993505 0.113790 -0.028946 0.062993 -0.113564 0.991532 30.302032 
0.997973 0.007158 -0.063229 -2.945266 -0.000007 0.993665 0.112387 -0.030975 0.063633 -0.112159 0.991651 30.891022 
0.997917 0.007133 -0.064114 -3.067226 -0.000007 0.993881 0.110457 -0.033127 0.064510 -0.110227 0.991811 31.483856 
0.997845 0.007096 -0.065228 -3.192995 -0.000008 0.994149 0.108021 -0.035408 0.065613 -0.107788 0.992006 32.080551 
0.997758 0.007044 -0.066561 -3.322664 -0.000009 0.994462 0.105098 -0.037819 0.066932 -0.104862 0.992232 32.681137 
0.997654 0.006973 -0.068100 -3.456324 -0.000010 0.994814 0.101708 -0.040367 0.068456 -0.101469 0.992481 33.285614 
0.997535 0.006880 -0.069836 -3.594059 -0.000012 0.995199 0.097871 -0.043068 0.070174 -0.097629 0.992746 33.893997 
0.997399 0.006760 -0.071757 -3.735965 -0.000013 0.995609 0.093607 -0.045921 0.072075 -0.093362 0.993020 34.506317 
0.997247 0.006609 -0.073853 -3.881921 -0.000015 0.996037 0.088935 -0.048927 0.074148 -0.088689 0.993296 35.121674 
0.997079 0.006423 -0.076111 -4.032423 -0.000016 0.996476 0.083875 -0.052109 0.076382 -0.083629 0.993565 35.741806 
0.996893 0.006197 -0.078522 -4.187372 -0.000018 0.996918 0.078448 -0.055473 0.078767 -0.078202 0.993821 36.365906 
0.996690 0.005927 -0.081074 -4.346868 -0.000020 0.997356 0.072672 -0.059013 0.081291 -0.072430 0.994055 36.993958 
0.996470 0.005610 -0.083756 -4.511002 -0.000022 0.997782 0.066570 -0.062759 0.083944 -0.066333 0.994260 37.625992 
0.996233 0.005241 -0.086556 -4.679873 -0.000024 0.998189 0.060160 -0.066704 0.086715 -0.059931 0.994429 38.261978 
0.995979 0.004816 -0.089463 -4.853587 -0.000026 0.998570 0.053462 -0.070869 0.089592 -0.053245 0.994554 38.901962 
0.995707 0.004332 -0.092465 -5.032238 -0.000028 0.998918 0.046497 -0.075249 0.092566 -0.046295 0.994630 39.545914 
0.995417 0.003787 -0.095550 -5.215932 -0.000031 0.999228 0.039286 -0.079872 0.095625 -0.039103 0.994649 40.193848 
0.995111 0.003178 -0.098708 -5.404776 -0.000033 0.999493 0.031849 -0.084740 0.098759 -0.031690 0.994607 40.845764 
0.994789 0.002503 -0.101925 -5.598871 -0.000035 0.999707 0.024206 -0.089859 0.101956 -0.024076 0.994498 41.501633 
0.994451 0.001761 -0.105191 -5.798327 -0.000038 0.999866 0.016378 -0.095253 0.105205 -0.016283 0.994317 42.161484 
0.994097 0.000950 -0.108493 -6.003255 -0.000040 0.999965 0.008386 -0.100922 0.108497 -0.008333 0.994062 42.825302 
0.993729 0.000071 -0.111819 -6.213761 -0.000043 1.000000 0.000251 -0.106888 0.111819 -0.000245 0.993729 43.493057 
0.993347 -0.000877 -0.115159 -6.429959 -0.000045 0.999968 -0.008006 -0.113159 0.115162 0.007958 0.993315 44.164764 
0.992952 -0.001892 -0.118499 -6.651967 -0.000048 0.999866 -0.016365 -0.119759 0.118514 0.016255 0.992819 44.840393 
0.992547 -0.002973 -0.121829 -6.879893 -0.000050 0.999692 -0.024804 -0.126686 0.121865 0.024626 0.992241 45.519928 
0.992131 -0.004117 -0.125136 -7.113856 -0.000053 0.999445 -0.033303 -0.133965 0.125204 0.033048 0.991580 46.203354 
0.991707 -0.005323 -0.128409 -7.353978 -0.000055 0.999124 -0.041841 -0.141609 0.128520 0.041501 0.990838 46.890671 
0.991276 -0.006585 -0.131637 -7.600372 -0.000058 0.998729 -0.050396 -0.149635 0.131802 0.049963 0.990016 47.581818 
0.990840 -0.007901 -0.134809 -7.853160 -0.000060 0.998261 -0.058947 -0.158058 0.135040 0.058415 0.989117 48.276810 
0.990401 -0.009265 -0.137912 -8.112467 -0.000062 0.997721 -0.067474 -0.166893 0.138223 0.066835 0.988143 48.975601 
0.989961 -0.010672 -0.140937 -8.378409 -0.000065 0.997111 -0.075956 -0.176170 0.141341 0.075202 0.987101 49.678162 
0.989522 -0.012116 -0.143872 -8.651114 -0.000067 0.996434 -0.084371 -0.185890 0.144382 0.083497 0.985993 50.384460 
0.989086 -0.013590 -0.146708 -8.930705 -0.000069 0.995694 -0.092700 -0.196083 0.147336 0.091699 0.984827 51.094482 
0.988657 -0.015087 -0.149433 -9.217305 -0.000071 0.994894 -0.100921 -0.206772 0.150193 0.099787 0.983608 51.808182 
0.988235 -0.016601 -0.152038 -9.511040 -0.000073 0.994040 -0.109015 -0.217964 0.152942 0.107743 0.982344 52.525497 
0.987825 -0.018122 -0.154513 -9.812039 -0.000075 0.993137 -0.116959 -0.229698 0.155572 0.115547 0.981043 53.246429 
0.987427 -0.019642 -0.156848 -10.120422 -0.000077 0.992190 -0.124735 -0.241982 0.158073 0.123179 0.979714 53.970917 
0.987047 -0.021152 -0.159034 -10.436317 -0.000079 0.991207 -0.132322 -0.254845 0.160434 0.130620 0.978366 54.698898 
0.986685 -0.022643 -0.161062 -10.759854 -0.000081 0.990194 -0.139700 -0.268311 0.162645 0.137853 0.977007 55.430359 
0.986344 -0.024105 -0.162922 -11.091152 -0.000082 0.989159 -0.146848 -0.282402 0.164696 0.144857 0.975649 56.165222 
0.986029 -0.025529 -0.164607 -11.429976 -0.000083 0.988110 -0.153748 -0.297134 0.166575 0.151614 0.974303 56.902649 
0.985740 -0.026905 -0.166108 -11.777155 -0.000085 0.987055 -0.160380 -0.312561 0.168273 0.158107 0.972978 57.644150 
0.985482 -0.028223 -0.167416 -12.132466 -0.000086 0.986004 -0.166724 -0.328690 0.169778 0.164317 0.971687 58.388885 
0.985257 -0.029472 -0.168523 -12.496035 -0.000087 0.984964 -0.172760 -0.345558 0.171081 0.170227 0.970440 59.136826 
0.985067 -0.030642 -0.169422 -12.867986 -0.000088 0.983946 -0.178469 -0.363190 0.172170 0.175819 0.969250 59.887878 
0.984915 -0.031724 -0.170103 -13.248433 -0.000088 0.982958 -0.183833 -0.381615 0.173036 0.181075 0.968127 60.642014 
0.984804 -0.032708 -0.170560 -13.637495 -0.000089 0.982010 -0.188831 -0.400871 0.173668 0.185977 0.967084 61.399124 
0.984736 -0.033584 -0.170783 -14.035338 -0.000089 0.981111 -0.193445 -0.420990 0.174054 0.190508 0.966132 62.159271 
0.984713 -0.034343 -0.170766 -14.441987 -0.000089 0.980271 -0.197657 -0.442001 0.174185 0.194650 0.965283 62.922211 
0.984742 -0.034998 -0.170464 -14.857619 -0.000089 0.979466 -0.201609 -0.463943 0.174019 0.198548 0.964519 63.688095 
0.984830 -0.035566 -0.169840 -15.282368 -0.000089 0.978665 -0.205461 -0.486847 0.173524 0.202359 0.963815 64.456970 
0.984974 -0.036046 -0.168902 -15.716311 -0.000089 0.977870 -0.209212 -0.510757 0.172706 0.206084 0.963173 65.228653 
0.985172 -0.036435 -0.167656 -16.159542 -0.000089 0.977082 -0.212865 -0.535698 0.171569 0.209723 0.962590 66.003006 
0.985423 -0.036731 -0.166107 -16.612146 -0.000090 0.976301 -0.216419 -0.561729 0.170120 0.213279 0.962066 66.779877 
0.985725 -0.036933 -0.164263 -17.074196 -0.000090 0.975528 -0.219876 -0.588882 0.168363 0.216752 0.961599 67.559097 
0.986074 -0.037039 -0.162128 -17.545769 -0.000090 0.974764 -0.223236 -0.617195 0.166305 0.220142 0.961187 68.340485 
0.986469 -0.037048 -0.159709 -18.026943 -0.000090 0.974011 -0.226502 -0.646729 0.163950 0.223451 0.960828 69.123917 
0.986905 -0.036960 -0.157012 -18.517775 -0.000091 0.973268 -0.229672 -0.677513 0.161303 0.226679 0.960520 69.909180 
0.987380 -0.036773 -0.154042 -19.018333 -0.000091 0.972537 -0.232749 -0.709602 0.158370 0.229826 0.960260 70.696152 
0.987890 -0.036488 -0.150805 -19.528687 -0.000091 0.971818 -0.235734 -0.743042 0.155156 0.232893 0.960046 71.484650 
0.988432 -0.036104 -0.147307 -20.048878 -0.000092 0.971112 -0.238626 -0.777885 0.151666 0.235879 0.959874 72.274490 
0.989001 -0.035620 -0.143552 -20.578964 -0.000092 0.970419 -0.241428 -0.814186 0.147906 0.238785 0.959742 73.065521 
0.989595 -0.035038 -0.139548 -21.118999 -0.000093 0.969740 -0.244139 -0.851997 0.143879 0.241612 0.959647 73.857574 
0.990209 -0.034357 -0.135299 -21.669018 -0.000093 0.969076 -0.246762 -0.891373 0.139593 0.244358 0.959585 74.650467 
0.990839 -0.033578 -0.130810 -22.229061 -0.000093 0.968427 -0.249296 -0.932381 0.135051 0.247024 0.959552 75.444031 
0.991480 -0.032702 -0.126087 -22.799173 -0.000094 0.967794 -0.251743 -0.975067 0.130259 0.249610 0.959546 76.238098 
0.992129 -0.031729 -0.121136 -23.379372 -0.000094 0.967177 -0.254103 -1.019501 0.125222 0.252115 0.959561 77.032501 
0.992780 -0.030660 -0.115961 -23.969690 -0.000095 0.966576 -0.256378 -1.065742 0.119946 0.254538 0.959595 77.827042 
0.993431 -0.029498 -0.110568 -24.570156 -0.000096 0.965993 -0.258569 -1.113861 0.114435 0.256881 0.959644 78.621582 
0.994075 -0.028242 -0.104963 -25.180777 -0.000096 0.965427 -0.260675 -1.163933 0.108696 0.259141 0.959704 79.415909 
0.994709 -0.026895 -0.099150 -25.801567 -0.000097 0.964878 -0.262699 -1.216011 0.102733 0.261318 0.959770 80.209885 
0.995328 -0.025458 -0.093135 -26.432549 -0.000097 0.964347 -0.264640 -1.270187 0.096552 0.263413 0.959839 81.003326 
0.995927 -0.023933 -0.086923 -27.073708 -0.000098 0.963835 -0.266500 -1.326515 0.090158 0.265424 0.959907 81.796051 
0.996503 -0.022323 -0.080520 -27.725052 -0.000098 0.963341 -0.268280 -1.385101 0.083557 0.267350 0.959970 82.587891 
0.997050 -0.020628 -0.073931 -28.386585 -0.000099 0.962866 -0.269981 -1.445999 0.076755 0.269192 0.960023 83.378677 
0.997564 -0.018851 -0.067161 -29.058281 -0.000099 0.962410 -0.271602 -1.509315 0.069756 0.270947 0.960063 84.168243 
0.998041 -0.016994 -0.060215 -29.740131 -0.000100 0.961973 -0.273146 -1.575119 0.062568 0.272617 0.960086 84.956421 
0.998476 -0.015061 -0.053100 -30.432125 -0.000100 0.961555 -0.274613 -1.643517 0.055194 0.274200 0.960088 85.743042 
0.998864 -0.013053 -0.045819 -31.134228 -0.000101 0.961157 -0.276003 -1.714592 0.047642 0.275695 0.960064 86.527939 
0.999203 -0.010973 -0.038380 -31.846416 -0.000101 0.960778 -0.277319 -1.788445 0.039917 0.277101 0.960011 87.310928 
0.999487 -0.008823 -0.030786 -32.568665 -0.000102 0.960419 -0.278559 -1.865166 0.032025 0.278419 0.959926 88.091888 
0.999713 -0.006608 -0.023044 -33.300919 -0.000102 0.960080 -0.279726 -1.944878 0.023973 0.279648 0.959803 88.870621 
0.999876 -0.004329 -0.015159 -34.043144 -0.000103 0.959761 -0.280820 -2.027679 0.015765 0.280786 0.959641 89.646988 
0.999973 -0.001989 -0.007137 -34.795303 -0.000103 0.959461 -0.281841 -2.113678 0.007408 0.281834 0.959434 90.420837 
0.999999 0.000408 0.001017 -35.557327 -0.000104 0.959181 -0.282792 -2.203003 -0.001091 0.282791 0.959181 91.192001 
0.999953 0.002859 0.009297 -36.329166 -0.000104 0.958922 -0.283671 -2.295769 -0.009726 0.283657 0.958877 91.960327 
0.999829 0.005361 0.017698 -37.110767 -0.000104 0.958682 -0.284481 -2.392105 -0.018492 0.284431 0.958518 92.725693 
0.999625 0.007910 0.026214 -37.902050 -0.000105 0.958462 -0.285222 -2.492142 -0.027381 0.285112 0.958103 93.487930 
0.999338 0.010503 0.034839 -38.702946 -0.000105 0.958261 -0.285894 -2.596016 -0.036388 0.285701 0.957628 94.246902 
0.998964 0.013138 0.043568 -39.513390 -0.000105 0.958080 -0.286499 -2.703880 -0.045505 0.286198 0.957089 95.002487 
0.998501 0.015809 0.052394 -40.333282 -0.000105 0.957919 -0.287038 -2.815872 -0.054727 0.286602 0.956485 95.754547 
0.997947 0.018515 0.061312 -41.162556 -0.000106 0.957778 -0.287510 -2.932167 -0.064046 0.286913 0.955813 96.502945 
0.997298 0.021250 0.070316 -42.001087 -0.000106 0.957655 -0.287917 -3.052910 -0.073456 0.287132 0.955070 97.247559 
0.996554 0.024012 0.079400 -42.848816 -0.000106 0.957552 -0.288259 -3.178284 -0.082951 0.287258 0.954255 97.988281 
0.995710 0.026798 0.088558 -43.705627 -0.000106 0.957468 -0.288538 -3.308464 -0.092524 0.287291 0.953364 98.724991 
0.994767 0.029602 0.097785 -44.571384 -0.000106 0.957403 -0.288754 -3.443649 -0.102168 0.287233 0.952397 99.457565 
0.993722 0.032422 0.107075 -45.446014 -0.000106 0.957357 -0.288908 -3.584030 -0.111876 0.287082 0.951350 100.185928 
0.992574 0.035255 0.116420 -46.329380 -0.000106 0.957329 -0.288999 -3.729820 -0.121641 0.286841 0.950224 100.909958 
0.991322 0.038096 0.125817 -47.221325 -0.000106 0.957320 -0.289031 -3.881241 -0.131458 0.286509 0.949016 101.629562 
0.989949 0.040907 0.135379 -48.121681 -0.000106 0.957469 -0.288535 -4.038521 -0.141424 0.285621 0.947850 102.345215 
0.988436 0.043634 0.145226 -49.030190 -0.000108 0.957910 -0.287070 -4.201897 -0.151639 0.283735 0.946837 103.057343 
0.986776 0.046248 0.155355 -49.946648 -0.000112 0.958626 -0.284668 -4.371635 -0.162092 0.280886 0.945954 103.765823 
0.984961 0.048722 0.165763 -50.870903 -0.000116 0.959601 -0.281363 -4.548019 -0.172775 0.277112 0.945176 104.470642 
0.982987 0.051028 0.176446 -51.802731 -0.000122 0.960816 -0.277186 -4.731323 -0.183676 0.272449 0.944476 105.171677 
0.980846 0.053137 0.187399 -52.741898 -0.000129 0.962249 -0.272169 -4.921867 -0.194787 0.266932 0.943825 105.868881 
0.978532 0.055022 0.198616 -53.688225 -0.000137 0.963878 -0.266344 -5.119987 -0.206097 0.260599 0.943193 106.562195 
0.976039 0.056656 0.210091 -54.641449 -0.000146 0.965678 -0.259742 -5.326019 -0.217596 0.253488 0.942548 107.251572 
0.973362 0.058014 0.221812 -55.601299 -0.000156 0.967624 -0.252394 -5.540344 -0.229273 0.245637 0.941858 107.936951 
0.970495 0.059070 0.233772 -56.567940 -0.000166 0.969692 -0.244332 -5.763451 -0.241120 0.237084 0.941091 108.618576 
0.967434 0.059799 0.245958 -57.539898 -0.000178 0.971854 -0.235585 -5.995506 -0.253123 0.227870 0.940215 109.295670 
0.964173 0.060180 0.258357 -58.518250 -0.000190 0.974084 -0.226188 -6.237221 -0.265274 0.218035 0.939197 109.969009 
0.960708 0.060190 0.270956 -59.502411 -0.000203 0.976356 -0.216170 -6.488785 -0.277560 0.207621 0.938005 110.638077 
0.957035 0.059811 0.283737 -60.492283 -0.000216 0.978643 -0.205565 -6.750435 -0.289973 0.196672 0.936609 111.302612 
0.953150 0.059022 0.296685 -61.487770 -0.000230 0.980921 -0.194406 -7.022438 -0.302499 0.185230 0.934978 111.962341 
0.949049 0.057810 0.309781 -62.488834 -0.000244 0.983164 -0.182725 -7.305077 -0.315128 0.173340 0.933085 112.617020 
0.944730 0.056158 0.323005 -63.494022 -0.000259 0.985348 -0.170558 -7.598206 -0.327850 0.161048 0.930902 113.265640 
0.940189 0.054056 0.336337 -64.505135 -0.000273 0.987449 -0.157938 -7.902649 -0.340653 0.148400 0.928404 113.909027 
0.935425 0.051493 0.349755 -65.521286 -0.000288 0.989446 -0.144901 -8.218452 -0.353525 0.135444 0.925567 114.546509 
0.930435 0.048463 0.363238 -66.542305 -0.000303 0.991318 -0.131483 -8.545860 -0.366456 0.122227 0.922372 115.177795 
0.925219 0.044960 0.376762 -67.568001 -0.000318 0.993047 -0.117721 -8.885124 -0.379435 0.108797 0.918800 115.802612 
0.919774 0.040982 0.390304 -68.598244 -0.000333 0.994614 -0.103650 -9.236519 -0.392449 0.095205 0.914833 116.420746 
0.914100 0.036531 0.403840 -69.632820 -0.000348 0.996004 -0.089309 -9.600296 -0.405489 0.081497 0.910460 117.031921 
0.908198 0.031609 0.417346 -70.671516 -0.000363 0.997203 -0.074737 -9.976707 -0.418542 0.067724 0.905669 117.635925 
0.902066 0.026223 0.430800 -71.714172 -0.000377 0.998200 -0.059971 -10.366005 -0.431597 0.053935 0.900452 118.232529 
0.895707 0.020381 0.444178 -72.759544 -0.000391 0.998985 -0.045050 -10.768066 -0.444645 0.040178 0.894805 118.821030 
0.889121 0.014096 0.457456 -73.809135 -0.000405 0.999549 -0.030014 -11.183769 -0.457673 0.026501 0.888726 119.402084 
0.882309 0.007383 0.470613 -74.861961 -0.000418 0.999889 -0.014902 -11.613091 -0.470671 0.012951 0.882214 119.975128 
0.875274 0.000258 0.483628 -75.917725 -0.000431 1.000000 0.000246 -12.056244 -0.483628 -0.000424 0.875274 120.540009 
0.868018 -0.007258 0.496480 -76.976143 -0.000443 0.999881 0.015391 -12.513443 -0.496533 -0.013579 0.867912 121.096542 
0.860544 -0.015141 0.509152 -78.036980 -0.000454 0.999535 0.030492 -12.984932 -0.509377 -0.026471 0.860136 121.644638 
0.852855 -0.023367 0.521625 -79.099922 -0.000465 0.998964 0.045511 -13.470917 -0.522148 -0.039057 0.851960 122.184189 
0.844955 -0.031907 0.533884 -80.164635 -0.000475 0.998174 0.060408 -13.971581 -0.534837 -0.051295 0.843397 122.715088 
0.836849 -0.040731 0.545917 -81.230850 -0.000485 0.997173 0.075143 -14.487144 -0.547434 -0.063148 0.834463 123.237320 
0.828540 -0.049806 0.557710 -82.298218 -0.000493 0.995971 0.089678 -15.017776 -0.559929 -0.074577 0.825177 123.750854 
0.820035 -0.059097 0.569254 -83.366386 -0.000501 0.994580 0.103974 -15.563637 -0.572313 -0.085547 0.815561 124.255676 
0.811338 -0.068568 0.580541 -84.435051 -0.000507 0.993014 0.117994 -16.124916 -0.584576 -0.096027 0.805636 124.751877 
0.802456 -0.078179 0.591568 -85.503830 -0.000513 0.991290 0.131699 -16.701744 -0.596711 -0.105986 0.795426 125.239517 
0.793395 -0.087889 0.602329 -86.572342 -0.000518 0.989424 0.145054 -17.294250 -0.608707 -0.115397 0.784958 125.718719 
0.784161 -0.097657 0.612825 -87.640274 -0.000521 0.987436 0.158021 -17.902580 -0.620557 -0.124233 0.774257 126.189682 
0.774761 -0.107440 0.623058 -88.706467 -0.000524 0.985346 0.170565 -18.526413 -0.632254 -0.132473 0.763352 126.652298 
0.765204 -0.117193 0.633031 -89.771950 -0.000526 0.983178 0.182650 -19.166618 -0.643788 -0.140097 0.752270 127.107376 
0.755496 -0.126869 0.642752 -90.835693 -0.000526 0.980953 0.194243 -19.822937 -0.655153 -0.147088 0.741040 127.554977 
0.745646 -0.136423 0.652227 -91.897285 -0.000526 0.978697 0.205310 -20.495407 -0.666342 -0.153431 0.729690 127.995438 
0.735663 -0.145806 0.661468 -92.956306 -0.000524 0.976434 0.215816 -21.184074 -0.677347 -0.159114 0.718250 128.429169 
0.725555 -0.154971 0.670488 -94.012398 -0.000521 0.974190 0.225730 -21.889008 -0.688164 -0.164129 0.706747 128.856674 
0.715331 -0.163868 0.679301 -95.065132 -0.000517 0.971991 0.235019 -22.610184 -0.698786 -0.168467 0.695210 129.278442 
0.705000 -0.172448 0.687922 -96.114082 -0.000512 0.969863 0.243650 -23.347595 -0.709207 -0.172126 0.683665 129.695068 
0.694573 -0.180662 0.696369 -97.158882 -0.000506 0.967833 0.251594 -24.101273 -0.719422 -0.175103 0.672139 130.107239 
0.684059 -0.188459 0.704661 -98.199097 -0.000499 0.965926 0.258818 -24.871124 -0.729427 -0.177398 0.660656 130.515640 
0.673401 -0.196035 0.712812 -99.233948 -0.000439 0.964095 0.265556 -25.657349 -0.739277 -0.179139 0.649137 130.921356 
0.662538 -0.203611 0.720823 -100.262703 -0.000281 0.962277 0.272073 -26.460144 -0.749029 -0.180461 0.637487 131.325577 
0.651471 -0.211177 0.728691 -101.284874 -0.000034 0.960472 0.278378 -27.279297 -0.758673 -0.181379 0.625712 131.729172 
0.640204 -0.218720 0.736410 -102.299957 0.000294 0.958681 0.284482 -28.114639 -0.768205 -0.181910 0.613816 132.133133 
0.628740 -0.226233 0.743979 -103.307526 0.000692 0.956907 0.290395 -28.966003 -0.777616 -0.182068 0.601802 132.538544 
0.617080 -0.233703 0.751395 -104.307068 0.001153 0.955147 0.296128 -29.833130 -0.786899 -0.181868 0.589672 132.946518 
0.605230 -0.241123 0.758655 -105.298065 0.001668 0.953405 0.301690 -30.715714 -0.796049 -0.181326 0.577431 133.358261 
0.593191 -0.248484 0.765755 -106.280060 0.002228 0.951678 0.307089 -31.613510 -0.805059 -0.180456 0.565081 133.775101 
0.580968 -0.255777 0.772693 -107.252495 0.002825 0.949968 0.312335 -32.526138 -0.813921 -0.179273 0.552624 134.198364 
0.568565 -0.262996 0.779466 -108.215347 0.003452 0.948274 0.317435 -33.453659 -0.822631 -0.177792 0.540063 134.629730 
0.555986 -0.270133 0.786071 -109.166924 0.004099 0.946595 0.322398 -34.394623 -0.831182 -0.176027 0.527401 135.070282 
0.543235 -0.277182 0.792506 -110.107269 0.004760 0.944932 0.327232 -35.349060 -0.839567 -0.173992 0.514640 135.521851 
0.530317 -0.284138 0.798767 -111.035759 0.005427 0.943284 0.331942 -36.316376 -0.847782 -0.171700 0.501782 135.986115 
0.517237 -0.290994 0.804853 -111.951881 0.006093 0.941651 0.336537 -37.296051 -0.855821 -0.169166 0.488829 136.464844 
0.503999 -0.297746 0.810760 -112.855087 0.006751 0.940031 0.341023 -38.287521 -0.863678 -0.166402 0.475785 136.959396 
0.490610 -0.304390 0.816486 -113.744934 0.007395 0.938424 0.345405 -39.290344 -0.871348 -0.163421 0.462651 137.470016 
0.477074 -0.310922 0.822027 -114.621086 0.008019 0.936831 0.349691 -40.304245 -0.878827 -0.160237 0.449431 137.996933 
0.463397 -0.317339 0.827381 -115.483154 0.008616 0.935249 0.353885 -41.328888 -0.886109 -0.156860 0.436126 138.540329 
0.449586 -0.323638 0.832545 -116.330719 0.009182 0.933679 0.357993 -42.363937 -0.893190 -0.153304 0.422740 139.100479 
0.435645 -0.329817 0.837517 -117.163399 0.009711 0.932120 0.362021 -43.409119 -0.900066 -0.149579 0.409276 139.677658 
0.421582 -0.335874 0.842293 -117.979866 0.010198 0.930570 0.365971 -44.463058 -0.906733 -0.145697 0.395737 140.271622 
0.407403 -0.341808 0.846871 -118.780899 0.010639 0.929030 0.369850 -45.526886 -0.913187 -0.141668 0.382126 140.883530 
0.393114 -0.347618 0.851248 -119.565445 0.011030 0.927499 0.373662 -46.599655 -0.919424 -0.137503 0.368447 141.513412 
0.378722 -0.353303 0.855422 -120.332893 0.011367 0.925976 0.377411 -47.680923 -0.925441 -0.133210 0.354703 142.161697 
0.364234 -0.358864 0.859390 -121.082573 0.011647 0.924461 0.381100 -48.770264 -0.931235 -0.128800 0.340899 142.828812 
0.349657 -0.364300 0.863149 -121.813789 0.011867 0.922951 0.384733 -49.867279 -0.936803 -0.124281 0.327039 143.515320 
0.334997 -0.369613 0.866697 -122.525742 0.012025 0.921448 0.388315 -50.971436 -0.942142 -0.119662 0.313127 144.221771 
0.320264 -0.374804 0.870031 -123.217033 0.012119 0.919950 0.391848 -52.081497 -0.947251 -0.114950 0.299169 144.948318 
0.305462 -0.379873 0.873149 -123.887535 0.012147 0.918457 0.395335 -53.198105 -0.952127 -0.110153 0.285168 145.696457 
0.290600 -0.384823 0.876050 -124.535767 0.012109 0.916967 0.398780 -54.320068 -0.956768 -0.105277 0.271130 146.466629 
0.275685 -0.389656 0.878730 -125.160454 0.012003 0.915479 0.402186 -55.446625 -0.961173 -0.100329 0.257061 147.259674 
0.260724 -0.394374 0.881188 -125.760223 0.011830 0.913994 0.405556 -56.577026 -0.965341 -0.095314 0.242966 148.076599 
0.245726 -0.398980 0.883422 -126.333466 0.011589 0.912509 0.408893 -57.710327 -0.969270 -0.090238 0.228851 148.918488 
0.230697 -0.403475 0.885430 -126.878326 0.011281 0.911024 0.412199 -58.845413 -0.972960 -0.085104 0.214722 149.786530 
0.215645 -0.407864 0.887211 -127.392403 0.010908 0.909538 0.415477 -59.980408 -0.976411 -0.079918 0.200586 150.681610 
0.200577 -0.412150 0.888764 -127.873817 0.010471 0.908050 0.418730 -61.114914 -0.979622 -0.074681 0.186450 151.606049 
0.185501 -0.416335 0.890087 -128.319473 0.009972 0.906559 0.421961 -62.246613 -0.982593 -0.069398 0.172319 152.561142 
0.170424 -0.420423 0.891179 -128.726059 0.009413 0.905063 0.425173 -63.373398 -0.985326 -0.064071 0.158202 153.548782 
0.155354 -0.424419 0.892039 -129.089691 0.008797 0.903561 0.428368 -64.492554 -0.987820 -0.058701 0.144105 154.570984 
0.140297 -0.428324 0.892667 -129.405716 0.008128 0.902052 0.431550 -65.600769 -0.990076 -0.053289 0.130037 155.630005 
0.125262 -0.432144 0.893063 -129.668671 0.007409 0.900535 0.434721 -66.693954 -0.992096 -0.047837 0.116005 156.728241 
0.110254 -0.435882 0.893225 -129.871994 0.006644 0.899007 0.437883 -67.766800 -0.993881 -0.042344 0.102016 157.868149 
0.095283 -0.439541 0.893154 -130.007858 0.005838 0.897468 0.441041 -68.812592 -0.995433 -0.036809 0.088079 159.052155 
0.080353 -0.443127 0.892851 -130.066971 0.004995 0.895915 0.444198 -69.822678 -0.996754 -0.031232 0.074203 160.282410 
0.065472 -0.446641 0.892314 -130.038452 0.004121 0.894346 0.447356 -70.786499 -0.997846 -0.025612 0.060395 161.560745 
0.050647 -0.450089 0.891546 -129.911072 0.003222 0.892761 0.450519 -71.693207 -0.998711 -0.019945 0.046666 162.885529 
0.035885 -0.453473 0.890547 -129.675079 0.002302 0.891156 0.453691 -72.531723 -0.999353 -0.014231 0.033023 164.248291 
0.021191 -0.456798 0.889318 -129.321777 0.001368 0.889530 0.456875 -73.294205 -0.999775 -0.008465 0.019475 165.642273 
0.006574 -0.460067 0.887860 -128.845261 0.000428 0.887880 0.460074 -73.971634 -0.999978 -0.002644 0.006034 167.054688 
-0.008056 -0.463283 0.886174 -128.243301 -0.000519 0.886204 0.463294 -74.557159 -0.999967 0.003273 -0.007380 168.470627 
-0.022417 -0.466399 0.884290 -127.517731 -0.001447 0.884527 0.466487 -75.047348 -0.999748 0.009178 -0.020503 169.875275 
-0.036520 -0.469370 0.882246 -126.673645 -0.002351 0.882873 0.469606 -75.442001 -0.999330 0.015076 -0.033346 171.254776 
-0.050379 -0.472199 0.880051 -125.719757 -0.003225 0.881242 0.472654 -75.743454 -0.998725 0.020973 -0.045919 172.594849 
-0.064004 -0.474891 0.877714 -124.665741 -0.004066 0.879634 0.475633 -75.957108 -0.997941 0.026873 -0.058232 173.885529 
-0.077410 -0.477450 0.875243 -123.522247 -0.004870 0.878047 0.478549 -76.090027 -0.996987 0.032782 -0.070295 175.119110 
-0.090608 -0.479878 0.872644 -122.299843 -0.005633 0.876481 0.481403 -76.150101 -0.995871 0.038704 -0.082119 176.290466 
-0.103612 -0.482179 0.869924 -121.008904 -0.006351 0.874935 0.484199 -76.145569 -0.994598 0.044644 -0.093716 177.396240 
-0.116434 -0.484355 0.867089 -119.657082 -0.007024 0.873407 0.486941 -76.084351 -0.993174 0.050606 -0.105096 178.436279 
-0.129087 -0.486409 0.864143 -118.252701 -0.007647 0.871896 0.489631 -75.973907 -0.991604 0.056597 -0.116270 179.410004 
-0.141585 -0.488343 0.861089 -116.802437 -0.008220 0.870402 0.492273 -75.821030 -0.989892 0.062620 -0.127250 180.318161 
-0.153940 -0.490159 0.857932 -115.311951 -0.008742 0.868923 0.494870 -75.631836 -0.988042 0.068681 -0.138046 181.162109 
-0.166165 -0.491858 0.854672 -113.786278 -0.009210 0.867458 0.497426 -75.411774 -0.986055 0.074783 -0.148671 181.943329 
-0.178273 -0.493442 0.851313 -112.228577 -0.009624 0.866005 0.499942 -75.165527 -0.983934 0.080933 -0.159135 182.664062 
-0.190278 -0.494910 0.847855 -110.643173 -0.009984 0.864564 0.502423 -74.897446 -0.981680 0.087134 -0.169449 183.325653 
-0.202191 -0.496264 0.844299 -109.033401 -0.010290 0.863134 0.504871 -74.611267 -0.979292 0.093392 -0.179624 183.930374 
-0.214025 -0.497505 0.840644 -107.402344 -0.010541 0.861711 0.507289 -74.309906 -0.976771 0.099712 -0.189672 184.483337 
-0.225793 -0.498631 0.836890 -105.753281 -0.010737 0.860297 0.509681 -73.995941 -0.974116 0.106097 -0.199603 184.989700 
-0.237508 -0.499643 0.833035 -104.088722 -0.010879 0.858888 0.512048 -73.671600 -0.971325 0.112553 -0.209429 185.454300 
-0.249181 -0.500540 0.829077 -102.410751 -0.010968 0.857484 0.514394 -73.338837 -0.968395 0.119084 -0.219159 185.881500 
-0.260825 -0.501320 0.825014 -100.721008 -0.011005 0.856083 0.516721 -72.999374 -0.965323 0.125695 -0.228805 186.275299 
-0.272452 -0.501984 0.820842 -99.020660 -0.010990 0.854684 0.519032 -72.654678 -0.962107 0.132391 -0.238377 186.639343 
-0.284074 -0.502528 0.816559 -97.310715 -0.010924 0.853286 0.521330 -72.306076 -0.958740 0.139176 -0.247886 186.976898 
-0.295701 -0.502950 0.812159 -95.591980 -0.010810 0.851886 0.523616 -71.954712 -0.955220 0.146054 -0.257340 187.290955 
-0.307345 -0.503249 0.807638 -93.864960 -0.010648 0.850483 0.525894 -71.601639 -0.951539 0.153031 -0.266751 187.584259 
-0.319018 -0.503421 0.802991 -92.130150 -0.010441 0.849077 0.528166 -71.247787 -0.947691 0.160110 -0.276127 187.859253 
-0.330729 -0.503464 0.798212 -90.387947 -0.010191 0.847665 0.530434 -70.893997 -0.943671 0.167296 -0.285479 188.118225 
-0.342491 -0.503373 0.793294 -88.639336 -0.009899 0.846247 0.532700 -70.541229 -0.939469 0.174592 -0.294814 188.363129 
-0.354312 -0.503146 0.788231 -86.882759 -0.009568 0.844819 0.534966 -70.189819 -0.935078 0.182003 -0.304144 188.596176 
-0.366202 -0.502776 0.783015 -85.119469 -0.009201 0.843382 0.537235 -69.840668 -0.930490 0.189532 -0.313474 188.818970 
-0.378171 -0.502261 0.777638 -83.349518 -0.008801 0.841934 0.539509 -69.494385 -0.925694 0.197183 -0.322815 189.033173 
-0.390228 -0.501594 0.772092 -81.573044 -0.008370 0.840473 0.541789 -69.151581 -0.920680 0.204959 -0.332174 189.240326 
-0.402381 -0.500771 0.766367 -79.790154 -0.007911 0.838998 0.544077 -68.812820 -0.915438 0.212863 -0.341558 189.441895 
-0.414638 -0.499784 0.760454 -78.000832 -0.007429 0.837508 0.546374 -68.478668 -0.909956 0.220898 -0.350976 189.639252 
-0.427008 -0.498629 0.754343 -76.205170 -0.006928 0.836001 0.548684 -68.149628 -0.904221 0.229067 -0.360433 189.833710 
-0.439496 -0.497297 0.748023 -74.404182 -0.006410 0.834477 0.551006 -67.826431 -0.898222 0.237370 -0.369937 190.026398 
-0.452110 -0.495781 0.741483 -72.595642 -0.005880 0.832933 0.553343 -67.509140 -0.891943 0.245812 -0.379493 190.218750 
-0.464856 -0.494074 0.734711 -70.781059 -0.005344 0.831370 0.555694 -67.198532 -0.885370 0.254391 -0.389107 190.411774 
-0.477737 -0.492168 0.727693 -68.960518 -0.004806 0.829785 0.558062 -66.895111 -0.878490 0.263110 -0.398784 190.606552 
-0.490760 -0.490054 0.720418 -67.133995 -0.004271 0.828179 0.560447 -66.599365 -0.871285 0.271968 -0.408530 190.804169 
-0.503926 -0.487722 0.712871 -65.301620 -0.003745 0.826550 0.562850 -66.311783 -0.863739 0.280966 -0.418347 191.005646 
-0.517240 -0.485164 0.705039 -63.464222 -0.003234 0.824899 0.565271 -66.032990 -0.855835 0.290101 -0.428239 191.211929 
-0.530702 -0.482368 0.696905 -61.619823 -0.002744 0.823224 0.567710 -65.763153 -0.847554 0.299373 -0.438210 191.424286 
