<?xml version="1.0"?>
<opencv_storage>
<imagelist>
"fc2_save_2012-10-31-161114-0000_left.png"
"fc2_save_2012-10-31-161114-0000_right.png"
"fc2_save_2012-10-31-161114-0003_left.png"
"fc2_save_2012-10-31-161114-0003_right.png"
"fc2_save_2012-10-31-161114-0006_left.png"
"fc2_save_2012-10-31-161114-0006_right.png"
"fc2_save_2012-10-31-161114-0009_left.png"
"fc2_save_2012-10-31-161114-0009_right.png"
"fc2_save_2012-10-31-161114-0012_left.png"
"fc2_save_2012-10-31-161114-0012_right.png"
"fc2_save_2012-10-31-161114-0015_left.png"
"fc2_save_2012-10-31-161114-0015_right.png"
"fc2_save_2012-10-31-161114-0018_left.png"
"fc2_save_2012-10-31-161114-0018_right.png"
"fc2_save_2012-10-31-161114-0021_left.png"
"fc2_save_2012-10-31-161114-0021_right.png"
"fc2_save_2012-10-31-161114-0024_left.png"
"fc2_save_2012-10-31-161114-0024_right.png"
"fc2_save_2012-10-31-161114-0027_left.png"
"fc2_save_2012-10-31-161114-0027_right.png"
"fc2_save_2012-10-31-161114-0030_left.png"
"fc2_save_2012-10-31-161114-0030_right.png"
"fc2_save_2012-10-31-161114-0033_left.png"
"fc2_save_2012-10-31-161114-0033_right.png"
"fc2_save_2012-10-31-161114-0036_left.png"
"fc2_save_2012-10-31-161114-0036_right.png"
"fc2_save_2012-10-31-161114-0039_left.png"
"fc2_save_2012-10-31-161114-0039_right.png"
"fc2_save_2012-10-31-161114-0042_left.png"
"fc2_save_2012-10-31-161114-0042_right.png"
"fc2_save_2012-10-31-161114-0045_left.png"
"fc2_save_2012-10-31-161114-0045_right.png"
"fc2_save_2012-10-31-161114-0048_left.png"
"fc2_save_2012-10-31-161114-0048_right.png"
"fc2_save_2012-10-31-161114-0051_left.png"
"fc2_save_2012-10-31-161114-0051_right.png"
"fc2_save_2012-10-31-161114-0054_left.png"
"fc2_save_2012-10-31-161114-0054_right.png"
"fc2_save_2012-10-31-161114-0057_left.png"
"fc2_save_2012-10-31-161114-0057_right.png"
"fc2_save_2012-10-31-161114-0060_left.png"
"fc2_save_2012-10-31-161114-0060_right.png"
"fc2_save_2012-10-31-161114-0063_left.png"
"fc2_save_2012-10-31-161114-0063_right.png"
"fc2_save_2012-10-31-161114-0066_left.png"
"fc2_save_2012-10-31-161114-0066_right.png"
"fc2_save_2012-10-31-161114-0069_left.png"
"fc2_save_2012-10-31-161114-0069_right.png"
"fc2_save_2012-10-31-161114-0072_left.png"
"fc2_save_2012-10-31-161114-0072_right.png"
"fc2_save_2012-10-31-161114-0075_left.png"
"fc2_save_2012-10-31-161114-0075_right.png"
"fc2_save_2012-10-31-161114-0078_left.png"
"fc2_save_2012-10-31-161114-0078_right.png"
"fc2_save_2012-10-31-161114-0081_left.png"
"fc2_save_2012-10-31-161114-0081_right.png"
"fc2_save_2012-10-31-161114-0084_left.png"
"fc2_save_2012-10-31-161114-0084_right.png"
"fc2_save_2012-10-31-161114-0087_left.png"
"fc2_save_2012-10-31-161114-0087_right.png"
"fc2_save_2012-10-31-161114-0090_left.png"
"fc2_save_2012-10-31-161114-0090_right.png"
"fc2_save_2012-10-31-161114-0093_left.png"
"fc2_save_2012-10-31-161114-0093_right.png"
"fc2_save_2012-10-31-161114-0096_left.png"
"fc2_save_2012-10-31-161114-0096_right.png"
"fc2_save_2012-10-31-161114-0099_left.png"
"fc2_save_2012-10-31-161114-0099_right.png"
"fc2_save_2012-10-31-161114-0102_left.png"
"fc2_save_2012-10-31-161114-0102_right.png"
"fc2_save_2012-10-31-161114-0105_left.png"
"fc2_save_2012-10-31-161114-0105_right.png"
"fc2_save_2012-10-31-161114-0108_left.png"
"fc2_save_2012-10-31-161114-0108_right.png"
"fc2_save_2012-10-31-161114-0111_left.png"
"fc2_save_2012-10-31-161114-0111_right.png"
"fc2_save_2012-10-31-161114-0114_left.png"
"fc2_save_2012-10-31-161114-0114_right.png"
"fc2_save_2012-10-31-161114-0117_left.png"
"fc2_save_2012-10-31-161114-0117_right.png"
"fc2_save_2012-10-31-161114-0120_left.png"
"fc2_save_2012-10-31-161114-0120_right.png"
"fc2_save_2012-10-31-161114-0123_left.png"
"fc2_save_2012-10-31-161114-0123_right.png"
"fc2_save_2012-10-31-161114-0126_left.png"
"fc2_save_2012-10-31-161114-0126_right.png"
"fc2_save_2012-10-31-161114-0129_left.png"
"fc2_save_2012-10-31-161114-0129_right.png"
"fc2_save_2012-10-31-161114-0132_left.png"
"fc2_save_2012-10-31-161114-0132_right.png"
"fc2_save_2012-10-31-161114-0135_left.png"
"fc2_save_2012-10-31-161114-0135_right.png"
"fc2_save_2012-10-31-161114-0138_left.png"
"fc2_save_2012-10-31-161114-0138_right.png"
"fc2_save_2012-10-31-161114-0141_left.png"
"fc2_save_2012-10-31-161114-0141_right.png"
"fc2_save_2012-10-31-161114-0144_left.png"
"fc2_save_2012-10-31-161114-0144_right.png"
"fc2_save_2012-10-31-161114-0147_left.png"
"fc2_save_2012-10-31-161114-0147_right.png"
"fc2_save_2012-10-31-161114-0150_left.png"
"fc2_save_2012-10-31-161114-0150_right.png"
"fc2_save_2012-10-31-161114-0153_left.png"
"fc2_save_2012-10-31-161114-0153_right.png"
"fc2_save_2012-10-31-161114-0156_left.png"
"fc2_save_2012-10-31-161114-0156_right.png"
"fc2_save_2012-10-31-161114-0159_left.png"
"fc2_save_2012-10-31-161114-0159_right.png"
"fc2_save_2012-10-31-161114-0162_left.png"
"fc2_save_2012-10-31-161114-0162_right.png"
"fc2_save_2012-10-31-161114-0165_left.png"
"fc2_save_2012-10-31-161114-0165_right.png"
"fc2_save_2012-10-31-161114-0168_left.png"
"fc2_save_2012-10-31-161114-0168_right.png"
"fc2_save_2012-10-31-161114-0171_left.png"
"fc2_save_2012-10-31-161114-0171_right.png"
"fc2_save_2012-10-31-161114-0174_left.png"
"fc2_save_2012-10-31-161114-0174_right.png"
"fc2_save_2012-10-31-161114-0177_left.png"
"fc2_save_2012-10-31-161114-0177_right.png"
"fc2_save_2012-10-31-161114-0180_left.png"
"fc2_save_2012-10-31-161114-0180_right.png"
"fc2_save_2012-10-31-161114-0183_left.png"
"fc2_save_2012-10-31-161114-0183_right.png"
"fc2_save_2012-10-31-161114-0186_left.png"
"fc2_save_2012-10-31-161114-0186_right.png"
"fc2_save_2012-10-31-161114-0189_left.png"
"fc2_save_2012-10-31-161114-0189_right.png"
"fc2_save_2012-10-31-161114-0192_left.png"
"fc2_save_2012-10-31-161114-0192_right.png"
"fc2_save_2012-10-31-161114-0195_left.png"
"fc2_save_2012-10-31-161114-0195_right.png"
"fc2_save_2012-10-31-161114-0198_left.png"
"fc2_save_2012-10-31-161114-0198_right.png"
"fc2_save_2012-10-31-161114-0201_left.png"
"fc2_save_2012-10-31-161114-0201_right.png"
"fc2_save_2012-10-31-161114-0204_left.png"
"fc2_save_2012-10-31-161114-0204_right.png"
"fc2_save_2012-10-31-161114-0207_left.png"
"fc2_save_2012-10-31-161114-0207_right.png"
"fc2_save_2012-10-31-161114-0210_left.png"
"fc2_save_2012-10-31-161114-0210_right.png"
"fc2_save_2012-10-31-161114-0213_left.png"
"fc2_save_2012-10-31-161114-0213_right.png"
"fc2_save_2012-10-31-161114-0216_left.png"
"fc2_save_2012-10-31-161114-0216_right.png"
"fc2_save_2012-10-31-161114-0219_left.png"
"fc2_save_2012-10-31-161114-0219_right.png"
"fc2_save_2012-10-31-161114-0222_left.png"
"fc2_save_2012-10-31-161114-0222_right.png"
"fc2_save_2012-10-31-161114-0225_left.png"
"fc2_save_2012-10-31-161114-0225_right.png"
"fc2_save_2012-10-31-161114-0228_left.png"
"fc2_save_2012-10-31-161114-0228_right.png"
"fc2_save_2012-10-31-161114-0231_left.png"
"fc2_save_2012-10-31-161114-0231_right.png"
"fc2_save_2012-10-31-161114-0234_left.png"
"fc2_save_2012-10-31-161114-0234_right.png"
"fc2_save_2012-10-31-161114-0237_left.png"
"fc2_save_2012-10-31-161114-0237_right.png"
"fc2_save_2012-10-31-161114-0240_left.png"
"fc2_save_2012-10-31-161114-0240_right.png"
"fc2_save_2012-10-31-161114-0243_left.png"
"fc2_save_2012-10-31-161114-0243_right.png"
"fc2_save_2012-10-31-161114-0246_left.png"
"fc2_save_2012-10-31-161114-0246_right.png"
"fc2_save_2012-10-31-161114-0249_left.png"
"fc2_save_2012-10-31-161114-0249_right.png"
"fc2_save_2012-10-31-161114-0252_left.png"
"fc2_save_2012-10-31-161114-0252_right.png"
"fc2_save_2012-10-31-161114-0255_left.png"
"fc2_save_2012-10-31-161114-0255_right.png"
"fc2_save_2012-10-31-161114-0258_left.png"
"fc2_save_2012-10-31-161114-0258_right.png"
"fc2_save_2012-10-31-161114-0261_left.png"
"fc2_save_2012-10-31-161114-0261_right.png"
"fc2_save_2012-10-31-161114-0264_left.png"
"fc2_save_2012-10-31-161114-0264_right.png"
"fc2_save_2012-10-31-161114-0267_left.png"
"fc2_save_2012-10-31-161114-0267_right.png"
"fc2_save_2012-10-31-161114-0270_left.png"
"fc2_save_2012-10-31-161114-0270_right.png"
