<?xml version="1.0"?>
<opencv_storage>
<imagelist>
"disp_001820.png"
"disp_001821.png"
"disp_001822.png"
"disp_001823.png"
"disp_001824.png"
"disp_001825.png"
"disp_001826.png"
"disp_001827.png"
"disp_001828.png"
"disp_001829.png"
"disp_001830.png"
"disp_001831.png"
"disp_001832.png"
"disp_001833.png"
"disp_001834.png"
"disp_001835.png"
"disp_001836.png"
"disp_001837.png"
"disp_001838.png"
"disp_001839.png"
"disp_001840.png"
"disp_001841.png"
"disp_001842.png"
"disp_001843.png"
"disp_001844.png"
"disp_001845.png"
"disp_001846.png"
"disp_001847.png"
"disp_001848.png"
"disp_001849.png"
"disp_001850.png"
"disp_001851.png"
"disp_001852.png"
"disp_001853.png"
"disp_001854.png"
"disp_001855.png"
"disp_001856.png"
"disp_001857.png"
"disp_001858.png"
"disp_001859.png"
"disp_001860.png"
"disp_001861.png"
"disp_001862.png"
"disp_001863.png"
"disp_001864.png"
"disp_001865.png"
"disp_001866.png"
"disp_001867.png"
"disp_001868.png"
"disp_001869.png"
"disp_001870.png"
"disp_001871.png"
"disp_001872.png"
"disp_001873.png"
"disp_001874.png"
"disp_001875.png"
"disp_001876.png"
"disp_001877.png"
"disp_001878.png"
"disp_001879.png"
"disp_001880.png"
"disp_001881.png"
"disp_001882.png"
"disp_001883.png"
"disp_001884.png"
"disp_001885.png"
"disp_001886.png"
"disp_001887.png"
"disp_001888.png"
"disp_001889.png"
"disp_001890.png"
"disp_001891.png"
"disp_001892.png"
"disp_001893.png"
"disp_001894.png"
"disp_001895.png"
"disp_001896.png"
"disp_001897.png"
"disp_001898.png"
"disp_001899.png"
"disp_001900.png"
"disp_001901.png"
"disp_001902.png"
"disp_001903.png"
"disp_001904.png"
"disp_001905.png"
"disp_001906.png"
"disp_001907.png"
"disp_001908.png"
"disp_001909.png"
"disp_001910.png"
"disp_001911.png"
"disp_001912.png"
"disp_001913.png"
"disp_001914.png"
"disp_001915.png"
"disp_001916.png"
"disp_001917.png"
"disp_001918.png"
"disp_001919.png"
"disp_001920.png"
"disp_001921.png"
"disp_001922.png"
"disp_001923.png"
"disp_001924.png"
"disp_001925.png"
"disp_001926.png"
"disp_001927.png"
"disp_001928.png"
"disp_001929.png"
"disp_001930.png"
"disp_001931.png"
"disp_001932.png"
"disp_001933.png"
"disp_001934.png"
"disp_001935.png"
"disp_001936.png"
"disp_001937.png"
"disp_001938.png"
"disp_001939.png"
"disp_001940.png"
"disp_001941.png"
"disp_001942.png"
"disp_001943.png"
"disp_001944.png"
"disp_001945.png"
"disp_001946.png"
"disp_001947.png"
"disp_001948.png"
"disp_001949.png"
"disp_001950.png"
"disp_001951.png"
"disp_001952.png"
"disp_001953.png"
"disp_001954.png"
"disp_001955.png"
"disp_001956.png"
"disp_001957.png"
"disp_001958.png"
"disp_001959.png"
"disp_001960.png"
"disp_001961.png"
"disp_001962.png"
"disp_001963.png"
"disp_001964.png"
"disp_001965.png"
"disp_001966.png"
"disp_001967.png"
"disp_001968.png"
"disp_001969.png"
"disp_001970.png"
"disp_001971.png"
"disp_001972.png"
"disp_001973.png"
"disp_001974.png"
"disp_001975.png"
</imagelist>
</opencv_storage>
