<?xml version="1.0"?>
<opencv_storage>
<imagelist>
"disp_000000.png"
"disp_000001.png"
"disp_000002.png"
"disp_000003.png"
"disp_000004.png"
"disp_000005.png"
"disp_000006.png"
"disp_000007.png"
"disp_000008.png"
"disp_000009.png"
"disp_000010.png"
"disp_000011.png"
"disp_000012.png"
"disp_000013.png"
"disp_000014.png"
"disp_000015.png"
"disp_000016.png"
"disp_000017.png"
"disp_000018.png"
"disp_000019.png"
"disp_000020.png"
"disp_000021.png"
"disp_000022.png"
"disp_000023.png"
"disp_000024.png"
"disp_000025.png"
"disp_000026.png"
"disp_000027.png"
"disp_000028.png"
"disp_000029.png"
"disp_000030.png"
"disp_000031.png"
"disp_000032.png"
"disp_000033.png"
"disp_000034.png"
"disp_000035.png"
"disp_000036.png"
"disp_000037.png"
"disp_000038.png"
"disp_000039.png"
"disp_000040.png"
"disp_000041.png"
"disp_000042.png"
"disp_000043.png"
"disp_000044.png"
"disp_000045.png"
"disp_000046.png"
"disp_000047.png"
"disp_000048.png"
"disp_000049.png"
"disp_000050.png"
"disp_000051.png"
"disp_000052.png"
"disp_000053.png"
"disp_000054.png"
"disp_000055.png"
"disp_000056.png"
"disp_000057.png"
"disp_000058.png"
"disp_000059.png"
"disp_000060.png"
"disp_000061.png"
"disp_000062.png"
"disp_000063.png"
"disp_000064.png"
"disp_000065.png"
"disp_000066.png"
"disp_000067.png"
"disp_000068.png"
"disp_000069.png"
"disp_000070.png"
"disp_000071.png"
"disp_000072.png"
"disp_000073.png"
"disp_000074.png"
"disp_000075.png"
"disp_000076.png"
"disp_000077.png"
"disp_000078.png"
"disp_000079.png"
"disp_000080.png"
"disp_000081.png"
"disp_000082.png"
"disp_000083.png"
"disp_000084.png"
"disp_000085.png"
"disp_000086.png"
"disp_000087.png"
"disp_000088.png"
"disp_000089.png"
"disp_000090.png"
"disp_000091.png"
"disp_000092.png"
"disp_000093.png"
"disp_000094.png"
"disp_000095.png"
"disp_000096.png"
"disp_000097.png"
"disp_000098.png"
"disp_000099.png"
"disp_000100.png"
"disp_000101.png"
"disp_000102.png"
"disp_000103.png"
"disp_000104.png"
"disp_000105.png"
"disp_000106.png"
"disp_000107.png"
"disp_000108.png"
"disp_000109.png"
"disp_000110.png"
"disp_000111.png"
"disp_000112.png"
"disp_000113.png"
"disp_000114.png"
"disp_000115.png"
"disp_000116.png"
"disp_000117.png"
"disp_000118.png"
"disp_000119.png"
"disp_000120.png"
"disp_000121.png"
"disp_000122.png"
"disp_000123.png"
"disp_000124.png"
"disp_000125.png"
"disp_000126.png"
"disp_000127.png"
"disp_000128.png"
"disp_000129.png"
"disp_000130.png"
"disp_000131.png"
"disp_000132.png"
"disp_000133.png"
"disp_000134.png"
"disp_000135.png"
"disp_000136.png"
"disp_000137.png"
"disp_000138.png"
"disp_000139.png"
"disp_000140.png"
"disp_000141.png"
"disp_000142.png"
"disp_000143.png"
"disp_000144.png"
"disp_000145.png"
"disp_000146.png"
"disp_000147.png"
"disp_000148.png"
"disp_000149.png"
"disp_000150.png"
"disp_000151.png"
"disp_000152.png"
"disp_000153.png"
"disp_000154.png"
"disp_000155.png"
"disp_000156.png"
"disp_000157.png"
"disp_000158.png"
"disp_000159.png"
"disp_000160.png"
"disp_000161.png"
"disp_000162.png"
"disp_000163.png"
"disp_000164.png"
"disp_000165.png"
"disp_000166.png"
"disp_000167.png"
"disp_000168.png"
"disp_000169.png"
"disp_000170.png"
"disp_000171.png"
"disp_000172.png"
"disp_000173.png"
"disp_000174.png"
"disp_000175.png"
"disp_000176.png"
"disp_000177.png"
"disp_000178.png"
"disp_000179.png"
"disp_000180.png"
"disp_000181.png"
"disp_000182.png"
"disp_000183.png"
"disp_000184.png"
"disp_000185.png"
"disp_000186.png"
"disp_000187.png"
"disp_000188.png"
"disp_000189.png"
"disp_000190.png"
"disp_000191.png"
"disp_000192.png"
"disp_000193.png"
"disp_000194.png"
"disp_000195.png"
"disp_000196.png"
"disp_000197.png"
"disp_000198.png"
"disp_000199.png"
"disp_000200.png"
"disp_000201.png"
"disp_000202.png"
"disp_000203.png"
"disp_000204.png"
"disp_000205.png"
"disp_000206.png"
"disp_000207.png"
"disp_000208.png"
"disp_000209.png"
"disp_000210.png"
"disp_000211.png"
"disp_000212.png"
"disp_000213.png"
"disp_000214.png"
"disp_000215.png"
"disp_000216.png"
"disp_000217.png"
"disp_000218.png"
"disp_000219.png"
"disp_000220.png"
"disp_000221.png"
"disp_000222.png"
"disp_000223.png"
"disp_000224.png"
"disp_000225.png"
"disp_000226.png"
"disp_000227.png"
"disp_000228.png"
"disp_000229.png"
"disp_000230.png"
"disp_000231.png"
"disp_000232.png"
"disp_000233.png"
"disp_000234.png"
"disp_000235.png"
"disp_000236.png"
"disp_000237.png"
"disp_000238.png"
"disp_000239.png"
"disp_000240.png"
"disp_000241.png"
"disp_000242.png"
"disp_000243.png"
"disp_000244.png"
"disp_000245.png"
"disp_000246.png"
"disp_000247.png"
"disp_000248.png"
"disp_000249.png"
"disp_000250.png"
"disp_000251.png"
"disp_000252.png"
"disp_000253.png"
"disp_000254.png"
"disp_000255.png"
"disp_000256.png"
"disp_000257.png"
"disp_000258.png"
"disp_000259.png"
"disp_000260.png"
"disp_000261.png"
"disp_000262.png"
"disp_000263.png"
"disp_000264.png"
"disp_000265.png"
"disp_000266.png"
"disp_000267.png"
"disp_000268.png"
"disp_000269.png"
"disp_000270.png"
"disp_000271.png"
"disp_000272.png"
"disp_000273.png"
"disp_000274.png"
"disp_000275.png"
"disp_000276.png"
"disp_000277.png"
"disp_000278.png"
"disp_000279.png"
"disp_000280.png"
"disp_000281.png"
"disp_000282.png"
"disp_000283.png"
"disp_000284.png"
"disp_000285.png"
"disp_000286.png"
"disp_000287.png"
"disp_000288.png"
"disp_000289.png"
"disp_000290.png"
"disp_000291.png"
"disp_000292.png"
"disp_000293.png"
"disp_000294.png"
"disp_000295.png"
"disp_000296.png"
"disp_000297.png"
"disp_000298.png"
"disp_000299.png"
"disp_000300.png"
"disp_000301.png"
"disp_000302.png"
"disp_000303.png"
"disp_000304.png"
"disp_000305.png"
"disp_000306.png"
"disp_000307.png"
"disp_000308.png"
"disp_000309.png"
"disp_000310.png"
"disp_000311.png"
"disp_000312.png"
"disp_000313.png"
"disp_000314.png"
"disp_000315.png"
"disp_000316.png"
"disp_000317.png"
"disp_000318.png"
"disp_000319.png"
"disp_000320.png"
"disp_000321.png"
"disp_000322.png"
"disp_000323.png"
"disp_000324.png"
"disp_000325.png"
"disp_000326.png"
"disp_000327.png"
"disp_000328.png"
"disp_000329.png"
"disp_000330.png"
"disp_000331.png"
"disp_000332.png"
"disp_000333.png"
"disp_000334.png"
"disp_000335.png"
"disp_000336.png"
"disp_000337.png"
"disp_000338.png"
"disp_000339.png"
"disp_000340.png"
"disp_000341.png"
"disp_000342.png"
"disp_000343.png"
"disp_000344.png"
"disp_000345.png"
"disp_000346.png"
"disp_000347.png"
"disp_000348.png"
"disp_000349.png"
"disp_000350.png"
"disp_000351.png"
"disp_000352.png"
"disp_000353.png"
"disp_000354.png"
"disp_000355.png"
"disp_000356.png"
"disp_000357.png"
"disp_000358.png"
"disp_000359.png"
"disp_000360.png"
"disp_000361.png"
"disp_000362.png"
"disp_000363.png"
"disp_000364.png"
"disp_000365.png"
"disp_000366.png"
"disp_000367.png"
"disp_000368.png"
"disp_000369.png"
"disp_000370.png"
"disp_000371.png"
"disp_000372.png"
"disp_000373.png"
"disp_000374.png"
"disp_000375.png"
"disp_000376.png"
"disp_000377.png"
"disp_000378.png"
"disp_000379.png"
"disp_000380.png"
"disp_000381.png"
"disp_000382.png"
"disp_000383.png"
"disp_000384.png"
"disp_000385.png"
"disp_000386.png"
"disp_000387.png"
"disp_000388.png"
"disp_000389.png"
"disp_000390.png"
"disp_000391.png"
"disp_000392.png"
"disp_000393.png"
"disp_000394.png"
"disp_000395.png"
"disp_000396.png"
"disp_000397.png"
"disp_000398.png"
"disp_000399.png"
"disp_000400.png"
"disp_000401.png"
"disp_000402.png"
"disp_000403.png"
"disp_000404.png"
"disp_000405.png"
"disp_000406.png"
"disp_000407.png"
"disp_000408.png"
"disp_000409.png"
"disp_000410.png"
"disp_000411.png"
"disp_000412.png"
"disp_000413.png"
"disp_000414.png"
"disp_000415.png"
"disp_000416.png"
"disp_000417.png"
"disp_000418.png"
"disp_000419.png"
"disp_000420.png"
"disp_000421.png"
"disp_000422.png"
"disp_000423.png"
"disp_000424.png"
"disp_000425.png"
"disp_000426.png"
"disp_000427.png"
"disp_000428.png"
"disp_000429.png"
"disp_000430.png"
"disp_000431.png"
"disp_000432.png"
"disp_000433.png"
"disp_000434.png"
"disp_000435.png"
"disp_000436.png"
"disp_000437.png"
"disp_000438.png"
"disp_000439.png"
"disp_000440.png"
