1 0 0 0 0 1 0 0 0 0 1 0 
0.99999 3.62552e-05 0.00446234 -0.00418678 -2.6856e-05 0.999998 -0.00210637 -0.0271881 -0.00446241 0.00210623 0.999988 0.335428 
0.999945 0.000939201 0.0104746 -0.0090659 -0.000891233 0.999989 -0.00458318 -0.0439574 -0.0104788 0.00457359 0.999935 0.701692 
0.999857 0.00183062 0.0167937 -0.00433061 -0.00172437 0.999978 -0.0063386 -0.0681998 -0.016805 0.00630874 0.999839 1.02776 
0.999697 0.00239128 0.0244914 0.00240944 -0.00217511 0.999958 -0.00884917 -0.0932189 -0.0245116 0.00879322 0.999661 1.34382 
0.999404 0.00356761 0.0343304 0.0152383 -0.00325431 0.999953 -0.00917745 -0.123379 -0.0343616 0.00906026 0.999368 1.65724 
0.998949 0.00287624 0.045756 0.0371228 -0.0024606 0.999955 -0.0091376 -0.142596 -0.0457802 0.0090154 0.998911 1.98522 
0.998223 0.0026741 0.05953 0.057286 -0.00224378 0.999971 -0.00729431 -0.168263 -0.0595477 0.00714778 0.9982 2.30446 
0.997149 0.0017545 0.0754325 0.0878641 -0.00135401 0.999985 -0.00535998 -0.198454 -0.0754408 0.00524257 0.997137 2.6191 
0.995522 0.00239997 0.094495 0.125341 -0.00185578 0.999981 -0.00584633 -0.215566 -0.0945073 0.00564479 0.995508 2.91971 
0.993199 0.00276039 0.116394 0.172765 -0.00208573 0.99998 -0.0059177 -0.236545 -0.116408 0.00563469 0.993186 3.19683 
0.989711 0.0032986 0.143044 0.228122 -0.00232415 0.999973 -0.00697871 -0.254078 -0.143063 0.00657445 0.989692 3.46305 
0.984774 0.00265753 0.173817 0.295923 -0.00124486 0.999965 -0.00823588 -0.28325 -0.173833 0.00789411 0.984743 3.71135 
0.977552 0.00261007 0.210679 0.371411 -0.00126962 0.999978 -0.00649753 -0.308205 -0.210691 0.00608419 0.977534 3.978 
0.968024 0.000635356 0.250857 0.471999 -0.000337622 0.999999 -0.00122991 -0.328251 -0.250857 0.00110588 0.968023 4.24842 
0.956131 -0.00230375 0.292929 0.587434 0.0012916 0.999993 0.00364866 -0.346326 -0.292935 -0.00311025 0.956127 4.51087 
0.940952 -0.00331984 0.338524 0.716416 0.00177551 0.999987 0.00487153 -0.359113 -0.338536 -0.00398282 0.940945 4.75461 
0.921551 -0.00528224 0.388222 0.873014 0.00424538 0.999985 0.00352846 -0.374313 -0.388235 -0.0016035 0.921559 4.99646 
0.896971 -0.00915444 0.441994 1.04009 0.00810945 0.999958 0.0042537 -0.392342 -0.442014 -0.00023112 0.897008 5.23075 
0.867605 -0.0163136 0.496986 1.25465 0.013972 0.999867 0.00842937 -0.390141 -0.497057 -0.000369466 0.867718 5.49154 
0.833466 -0.0216896 0.552146 1.46925 0.0163026 0.99976 0.014664 -0.41655 -0.552331 -0.00322047 0.833619 5.72321 
0.795165 -0.0209776 0.606031 1.70445 0.0151058 0.999777 0.0147869 -0.42768 -0.606205 -0.00260349 0.795304 5.9513 
0.751763 -0.022444 0.659051 1.94232 0.0140129 0.999739 0.0180619 -0.44242 -0.659284 -0.00434312 0.751881 6.15445 
0.704606 -0.0259864 0.709123 2.24639 0.0136872 0.999641 0.0230327 -0.438356 -0.709467 -0.00652306 0.704709 6.3758 
0.653597 -0.0318493 0.756173 2.53971 0.0173602 0.999482 0.027092 -0.448793 -0.756644 -0.00457995 0.653811 6.55748 
0.599182 -0.0353812 0.799831 2.84199 0.0226657 0.999372 0.0272284 -0.456478 -0.800292 0.001814 0.599607 6.70858 
0.54117 -0.0386392 0.840025 3.15327 0.0253043 0.99924 0.0296609 -0.470853 -0.840532 0.00520461 0.541737 6.84766 
0.480152 -0.0409189 0.87623 3.52762 0.0235657 0.999153 0.0337459 -0.464498 -0.876869 0.00444585 0.48071 6.99544 
0.416723 -0.042031 0.908061 3.91303 0.021209 0.999108 0.0365121 -0.454862 -0.908786 0.00404363 0.417243 7.11642 
0.352351 -0.0461594 0.934729 4.32046 0.0207127 0.998923 0.0415217 -0.455145 -0.935639 0.00473055 0.352927 7.20571 
0.286389 -0.0538083 0.956601 4.75369 0.0216446 0.99853 0.0496868 -0.453174 -0.957869 0.00647549 0.287133 7.28076 
0.219754 -0.0569516 0.973892 5.20398 0.017974 0.998361 0.0543269 -0.457169 -0.97539 0.00556616 0.220418 7.33043 
0.154802 -0.0568517 0.986308 5.67546 0.00924519 0.998383 0.0560967 -0.44862 -0.987902 0.000434759 0.155077 7.37184 
0.0940006 -0.0601966 0.993751 6.15974 -0.000642026 0.998166 0.0605248 -0.447101 -0.995572 -0.00632738 0.0937896 7.3837 
0.0292455 -0.0499554 0.998323 6.65055 0.00801655 0.99873 0.0497409 -0.450407 -0.99954 0.00654841 0.0296088 7.35547 
-0.0307957 -0.0415784 0.998661 7.17344 0.0149029 0.999004 0.0420523 -0.480666 -0.999415 0.016178 -0.0301454 7.26401 
-0.0852962 -0.0400852 0.995549 7.73408 0.0144239 0.999036 0.0414614 -0.506857 -0.996251 0.0178962 -0.0846358 7.15627 
-0.133384 -0.0461547 0.989989 8.34516 0.0072956 0.998842 0.0475504 -0.498795 -0.991038 0.013565 -0.132893 7.04885 
-0.174178 -0.0637698 0.982647 8.87615 0.0105249 0.997723 0.0666138 -0.503532 -0.984658 0.021945 -0.173111 6.93754 
-0.208873 -0.0711262 0.975353 9.46962 0.0149517 0.997003 0.0759069 -0.492177 -0.977829 0.0304381 -0.207183 6.76698 
-0.23955 -0.064062 0.968768 10.0895 0.0166533 0.997403 0.0700734 -0.468752 -0.970741 0.0329192 -0.237861 6.58352 
-0.263667 -0.056852 0.962937 10.6582 0.0158521 0.997871 0.0632551 -0.451557 -0.964484 0.0319428 -0.262204 6.42644 
-0.283436 -0.0591518 0.957165 11.2893 0.0148969 0.997704 0.0660684 -0.45189 -0.958875 0.0329849 -0.281904 6.25028 
-0.301084 -0.0616744 0.951601 11.9937 0.0142515 0.997504 0.0691586 -0.425516 -0.953491 0.0343843 -0.299454 6.03174 
-0.317065 -0.0618186 0.946387 12.6185 0.0130649 0.997494 0.069534 -0.408366 -0.948314 0.0344112 -0.315462 5.83949 
-0.331584 -0.061334 0.94143 13.3121 0.0136757 0.997467 0.0698016 -0.38936 -0.943326 0.0360198 -0.329906 5.59611 
-0.343636 -0.0623235 0.937033 13.9494 0.0163405 0.997248 0.072321 -0.38065 -0.938961 0.0401636 -0.341671 5.35797 
-0.354096 -0.0663656 0.932851 14.6282 0.0180644 0.996807 0.0777726 -0.367631 -0.935034 0.0443904 -0.351767 5.08626 
-0.365901 -0.0683908 0.928137 15.3058 0.0160827 0.996683 0.079782 -0.358726 -0.930515 0.0441193 -0.363588 4.83636 
-0.377244 -0.0681784 0.923601 16.0099 0.0138694 0.996759 0.0792437 -0.335265 -0.92601 0.042704 -0.375076 4.59159 
-0.387568 -0.0666848 0.919426 16.7086 0.0138945 0.996844 0.0781568 -0.326325 -0.921736 0.0430661 -0.385418 4.30551 
-0.395884 -0.0631425 0.916127 17.4277 0.0145432 0.997077 0.0750063 -0.298804 -0.918186 0.0430172 -0.393808 3.98453 
-0.403038 -0.0605457 0.913178 18.1579 0.0175284 0.997116 0.0738473 -0.280544 -0.915015 0.0457698 -0.400814 3.66806 
-0.410283 -0.0644569 0.909677 18.8724 0.0170504 0.996783 0.078319 -0.27153 -0.911799 0.0476433 -0.407864 3.36921 
-0.416501 -0.0657571 0.906754 19.5716 0.015503 0.996722 0.0794025 -0.247414 -0.909003 0.0471287 -0.414117 3.06046 
-0.420993 -0.0612486 0.904994 20.3215 0.0162702 0.997047 0.0750473 -0.229502 -0.906918 0.0463189 -0.418753 2.73034 
-0.423693 -0.0577941 0.90396 21.08 0.0197065 0.997138 0.072988 -0.221623 -0.905591 0.0487384 -0.421342 2.37871 
-0.425227 -0.0591102 0.903154 21.8988 0.0184154 0.997093 0.0739288 -0.193893 -0.904899 0.0480685 -0.422903 1.99081 
-0.425049 -0.0617988 0.903058 22.5686 0.0199684 0.996784 0.0776114 -0.189134 -0.90495 0.0510212 -0.422448 1.68378 
-0.422084 -0.0629363 0.904369 23.1691 0.021352 0.99662 0.0793215 -0.206061 -0.906305 0.0527904 -0.419314 1.45251 
-0.418902 -0.061847 0.905923 23.8469 0.0223225 0.996675 0.0783646 -0.199264 -0.907757 0.0530495 -0.416128 1.18179 
-0.415515 -0.0611935 0.907526 24.6555 0.0241069 0.996643 0.07824 -0.181245 -0.909267 0.0543875 -0.412645 0.826981 
-0.412628 -0.0623682 0.908762 25.4484 0.02431 0.996544 0.0794307 -0.135033 -0.910575 0.0548674 -0.409685 0.467968 
-0.410022 -0.0589159 0.910171 26.2053 0.0367379 0.996035 0.0810239 -0.127768 -0.911336 0.0666593 -0.406231 0.148071 
-0.408048 -0.051905 0.911484 26.9547 0.0501878 0.995598 0.0791627 -0.103707 -0.91158 0.0780476 -0.403647 -0.177025 
-0.40661 -0.0656896 0.911237 27.7024 0.0310288 0.995843 0.0856343 -0.0908435 -0.913075 0.0630943 -0.402881 -0.46602 
-0.4028 -0.0843904 0.911389 28.3132 0.00743103 0.995406 0.0954542 -0.142626 -0.915258 0.0452215 -0.400323 -0.766028 
-0.399456 -0.0779665 0.913431 28.9484 0.0255073 0.995046 0.0960875 -0.129412 -0.916398 0.0616818 -0.395488 -1.0933 
-0.402082 -0.052204 0.914114 29.5063 0.0249181 0.99738 0.0679197 -0.182018 -0.915264 0.0500873 -0.399728 -1.27896 
-0.404869 -0.0482732 0.9131 30.3054 0.00819997 0.998374 0.0564173 -0.131339 -0.914338 0.030329 -0.403815 -1.62734 
-0.401066 -0.06827 0.913502 31.0678 0.00985777 0.99684 0.0788262 -0.0708442 -0.915996 0.0406196 -0.399125 -2.01739 
-0.399469 -0.0983829 0.911453 31.8022 0.0199745 0.993055 0.115945 -0.0438267 -0.916529 0.0645223 -0.394729 -2.3884 
-0.399353 -0.098847 0.911453 32.4242 0.0226489 0.992804 0.117593 -0.047453 -0.916517 0.0676045 -0.39424 -2.74585 
-0.399392 -0.0771458 0.913529 33.2344 0.0230786 0.995291 0.0941404 -0.0111987 -0.91649 0.0586819 -0.395731 -3.09261 
-0.398289 -0.0699368 0.91459 33.8903 0.0190329 0.996244 0.0844693 0.0118953 -0.917063 0.0510505 -0.395462 -3.4318 
-0.397948 -0.0788267 0.914015 34.6672 0.0214602 0.995229 0.0951743 0.0435466 -0.917157 0.0574893 -0.394358 -3.76644 
-0.396975 -0.084716 0.913911 35.3194 0.02524 0.994347 0.103136 0.0194277 -0.917482 0.0640094 -0.392593 -4.08553 
-0.39899 -0.0807717 0.913391 36.0514 0.0280602 0.994571 0.100208 0.0389659 -0.916526 0.0656119 -0.394558 -4.38512 
-0.401316 -0.0776927 0.912639 36.8384 0.0275276 0.994923 0.0968022 0.0875798 -0.915526 0.0639711 -0.39714 -4.70991 
-0.404904 -0.0757928 0.911213 37.3981 0.0278901 0.995071 0.0951611 0.102778 -0.913934 0.0639448 -0.400794 -4.90735 
-0.407837 -0.0744766 0.910012 38.2171 0.0294977 0.995073 0.0946579 0.141485 -0.912578 0.0654483 -0.403631 -5.27323 
-0.411153 -0.0712799 0.908775 38.9858 0.0341416 0.995034 0.0934922 0.171483 -0.910927 0.0694666 -0.406678 -5.60956 
-0.413967 -0.0699619 0.907599 39.6816 0.0366749 0.994951 0.0934232 0.190698 -0.909553 0.0719603 -0.409311 -5.92093 
-0.416034 -0.0740284 0.906331 40.1966 0.0372285 0.994459 0.0983157 0.162366 -0.908586 0.074644 -0.410973 -6.17487 
-0.417105 -0.0750614 0.905753 40.9144 0.0397025 0.994128 0.100668 0.191798 -0.907991 0.0779499 -0.411675 -6.52558 
-0.418785 -0.0737292 0.905087 41.6319 0.0427049 0.993997 0.100732 0.217485 -0.90708 0.0808366 -0.413123 -6.84004 
-0.419912 -0.0714348 0.904749 42.2966 0.0462368 0.993919 0.0999346 0.241867 -0.906386 0.0837964 -0.414055 -7.14976 
-0.41998 -0.0720037 0.904672 43.0472 0.0459384 0.993883 0.10043 0.260715 -0.90637 0.083738 -0.414104 -7.47771 
-0.417778 -0.0722697 0.90567 43.7326 0.0470859 0.99377 0.10102 0.283351 -0.907328 0.0848483 -0.411772 -7.77279 
-0.412635 -0.0714484 0.90809 44.4376 0.0494297 0.993694 0.100644 0.308948 -0.909554 0.086416 -0.406501 -8.07926 
-0.407282 -0.071018 0.910537 45.2162 0.0492295 0.993816 0.0995337 0.340717 -0.911975 0.0853636 -0.401267 -8.40761 
-0.400877 -0.0718183 0.913312 45.9472 0.0489768 0.993817 0.099646 0.375486 -0.914822 0.084677 -0.394881 -8.70354 
-0.394971 -0.0722642 0.915847 46.7214 0.0507013 0.993668 0.10027 0.392443 -0.917293 0.0860384 -0.388806 -9.02169 
-0.38814 -0.0706783 0.918886 47.5732 0.0530478 0.993688 0.0988395 0.423022 -0.920072 0.0871085 -0.381941 -9.36237 
-0.381962 -0.0692788 0.921578 48.3093 0.0542929 0.993782 0.0972092 0.442091 -0.922582 0.0871654 -0.375826 -9.63863 
-0.374042 -0.0662712 0.925041 49.0027 0.0575652 0.993861 0.0944782 0.455005 -0.925623 0.0885889 -0.367931 -9.89955 
-0.367748 -0.0670982 0.927501 49.7553 0.0559042 0.993994 0.0940741 0.478973 -0.928243 0.0864469 -0.361789 -10.1542 
-0.360507 -0.0683267 0.930251 50.51 0.0554095 0.993983 0.0944811 0.493941 -0.931109 0.0856058 -0.354552 -10.424 
-0.352794 -0.066388 0.933343 51.2556 0.0596078 0.993859 0.0932236 0.518652 -0.933801 0.0885232 -0.34667 -10.6975 
-0.346039 -0.0659549 0.935899 52.0114 0.0609652 0.993837 0.0925792 0.539308 -0.936237 0.0890933 -0.339885 -10.9557 
-0.341225 -0.0695681 0.937404 52.5791 0.0584081 0.993761 0.0950117 0.511659 -0.938165 0.0871723 -0.335033 -11.0392 
-0.334214 -0.0723931 0.939713 53.2745 0.0563471 0.993728 0.0965945 0.534447 -0.940811 0.0852333 -0.328039 -11.2577 
-0.328876 -0.0744123 0.941437 53.8394 0.0535139 0.993821 0.097247 0.530559 -0.942856 0.0823621 -0.322861 -11.3615 
-0.321575 -0.0711244 0.944209 54.583 0.053602 0.994209 0.0931463 0.543714 -0.945366 0.080565 -0.3159 -11.578 
-0.313811 -0.0707221 0.946848 55.2438 0.0535869 0.994314 0.0920275 0.528827 -0.947972 0.0796179 -0.308237 -11.7236 
-0.302082 -0.0710305 0.950632 55.9633 0.0537452 0.994365 0.0913767 0.550211 -0.951766 0.0786951 -0.296562 -11.9227 
-0.290473 -0.0729354 0.954099 56.6885 0.0514201 0.99446 0.0916755 0.574981 -0.955501 0.0756892 -0.285114 -12.0824 
-0.277146 -0.0737091 0.957996 57.4103 0.0508347 0.994532 0.0912265 0.600422 -0.959482 0.0739825 -0.271884 -12.2309 
-0.260836 -0.0722501 0.962676 58.0313 0.0514046 0.994741 0.0885847 0.609914 -0.964013 0.072592 -0.255751 -12.3529 
-0.242897 -0.0723858 0.967348 58.7562 0.0474437 0.995132 0.0863778 0.641244 -0.968891 0.0668755 -0.23828 -12.4891 
-0.222379 -0.0731408 0.972213 59.5003 0.051158 0.994933 0.0865517 0.628599 -0.973617 0.0689838 -0.217511 -12.6121 
-0.200573 -0.0715053 0.977066 60.2313 0.0547668 0.994955 0.084057 0.614023 -0.978147 0.0703703 -0.195645 -12.7086 
-0.176964 -0.0672319 0.981918 61.0045 0.0588895 0.995153 0.0787514 0.632126 -0.982454 0.0717609 -0.172148 -12.8216 
-0.152389 -0.0638777 0.986254 61.704 0.0681078 0.994858 0.0749585 0.64514 -0.985971 0.0785945 -0.147255 -12.893 
-0.125715 -0.0640194 0.989999 62.3953 0.0736722 0.994558 0.0736695 0.65109 -0.989327 0.0821967 -0.120315 -12.969 
-0.100377 -0.0598965 0.993145 63.1406 0.0750875 0.994884 0.0675904 0.647594 -0.992112 0.0813573 -0.0953662 -13.0063 
-0.073468 -0.059182 0.99554 63.8245 0.0799856 0.994672 0.0650331 0.649789 -0.994085 0.0844068 -0.0683428 -13.0023 
-0.0461187 -0.0606642 0.997092 64.4615 0.0858918 0.994217 0.0644621 0.654392 -0.995236 0.088615 -0.0406414 -12.993 
-0.0188515 -0.0663732 0.997617 65.1377 0.0897266 0.993656 0.0678052 0.625992 -0.995788 0.090791 -0.0127764 -12.9703 
0.00919716 -0.0619186 0.998039 65.9063 0.0889831 0.994172 0.0608587 0.640792 -0.995991 0.0882489 0.0146533 -12.9148 
0.0385513 -0.0575763 0.997596 66.5928 0.0936053 0.994157 0.0537605 0.576566 -0.994863 0.0913078 0.0437155 -12.8427 
0.0672582 -0.0548142 0.996229 67.3042 0.0963392 0.994181 0.0481974 0.534203 -0.993074 0.0927343 0.0721476 -12.7543 
0.0970235 -0.0575188 0.993619 68.0291 0.095173 0.99429 0.0482644 0.518265 -0.990721 0.0898829 0.101944 -12.6481 
0.126067 -0.0625778 0.990046 68.7427 0.0941053 0.994262 0.0508614 0.487575 -0.987548 0.0867566 0.131233 -12.4953 
0.156791 -0.0645473 0.98552 69.4498 0.0926879 0.99442 0.0503841 0.469204 -0.983273 0.083446 0.161899 -12.3421 
0.187819 -0.064028 0.980115 70.1133 0.0916164 0.994665 0.0474221 0.43457 -0.977922 0.0808878 0.192683 -12.2012 
0.213341 -0.0629092 0.97495 70.7442 0.0919569 0.994787 0.044067 0.408181 -0.97264 0.0802521 0.218014 -11.9443 
0.244273 -0.0619099 0.967728 71.5078 0.090722 0.995042 0.0407573 0.36863 -0.965453 0.0778384 0.248679 -11.7092 
0.27398 -0.0605597 0.959827 72.2099 0.0884341 0.995374 0.0375592 0.345184 -0.957661 0.0745909 0.278068 -11.4557 
0.299394 -0.0561793 0.952474 72.7572 0.0851178 0.995857 0.0319828 0.398605 -0.950325 0.071497 0.302936 -11.1303 
0.326838 -0.0526905 0.94361 73.3427 0.0815877 0.99629 0.0273726 0.411523 -0.941552 0.0680406 0.329925 -10.8362 
0.35596 -0.0507172 0.933124 74.0111 0.0814186 0.996412 0.0230981 0.380813 -0.930947 0.0677516 0.358813 -10.5334 
0.383359 -0.053152 0.922069 74.4974 0.0818061 0.996373 0.0234235 0.26722 -0.919969 0.0664512 0.386317 -10.1895 
0.413927 -0.0511067 0.908875 75.1876 0.0792882 0.996652 0.0199325 0.228972 -0.906851 0.0638124 0.416593 -9.8258 
0.442299 -0.0503896 0.895451 75.7562 0.0760677 0.996931 0.0185273 0.168682 -0.893636 0.0599203 0.444775 -9.46078 
0.470272 -0.0488885 0.881166 76.2881 0.0725439 0.997227 0.0166116 0.0959708 -0.879535 0.0561112 0.472515 -9.0891 
0.500363 -0.0492125 0.864416 76.8705 0.0726802 0.997247 0.0147041 0.023151 -0.86276 0.0554685 0.502562 -8.71888 
0.529803 -0.049393 0.846681 77.4928 0.0731549 0.997243 0.0124004 -0.0291089 -0.84496 0.0553691 0.531956 -8.27947 
0.558398 -0.0450567 0.828349 78.193 0.0690954 0.99758 0.00768384 -0.0495918 -0.826691 0.0529444 0.56016 -7.77237 
0.588375 -0.0443874 0.807369 78.8948 0.0665849 0.997761 0.00633056 -0.112595 -0.805842 0.0500338 0.590013 -7.28863 
0.61655 -0.0437663 0.786098 79.4315 0.0673848 0.997723 0.00269764 -0.197812 -0.784427 0.0513079 0.618096 -6.85519 
0.643408 -0.0446623 0.76422 80.0424 0.069653 0.997571 -0.000342129 -0.262733 -0.762348 0.0534503 0.644956 -6.30066 
0.669353 -0.0440652 0.741637 80.54 0.0671357 0.997743 -0.0013103 -0.316843 -0.739905 0.0506674 0.6708 -5.81631 
0.694549 -0.0446033 0.718061 80.994 0.0669981 0.997749 -0.00282779 -0.373276 -0.716319 0.0500728 0.695974 -5.3351 
0.718189 -0.0437187 0.694473 81.3622 0.0647884 0.99789 -0.00418138 -0.423392 -0.692825 0.0479968 0.719506 -4.89771 
0.742135 -0.0422154 0.66892 81.891 0.0632141 0.997974 -0.00715112 -0.483492 -0.667263 0.0475923 0.7433 -4.36274 
0.762534 -0.0377983 0.645843 82.3773 0.0573981 0.998308 -0.00934235 -0.516483 -0.644397 0.044194 0.763413 -3.76288 
0.78081 -0.0351469 0.623779 82.8415 0.0545347 0.99844 -0.0120063 -0.560543 -0.622383 0.0433922 0.781509 -3.14157 
0.798449 -0.039329 0.600777 83.2582 0.0591574 0.99816 -0.0132786 -0.657307 -0.59915 0.0461427 0.799306 -2.61524 
0.813929 -0.041408 0.579487 83.6397 0.0612697 0.998012 -0.0147431 -0.746824 -0.577725 0.0475048 0.814848 -2.06469 
0.827948 -0.0381928 0.559503 84.0109 0.0564344 0.998288 -0.0153659 -0.790261 -0.557959 0.0442974 0.828686 -1.48138 
0.841221 -0.0382366 0.539338 84.3506 0.0562523 0.998272 -0.0169654 -0.850349 -0.537757 0.0446106 0.841919 -0.910335 
0.853411 -0.0406983 0.519648 84.7513 0.0590462 0.998078 -0.0188024 -0.921719 -0.517884 0.0467294 0.854174 -0.238237 
0.864319 -0.0388718 0.50144 85.1143 0.0575454 0.998105 -0.0218159 -0.990625 -0.499642 0.0477115 0.864917 0.419013 
0.873326 -0.0403503 0.485462 85.4599 0.0595836 0.997929 -0.0242433 -1.05537 -0.483478 0.0500979 0.873922 1.07975 
0.881406 -0.0389983 0.470747 85.8054 0.0585257 0.997923 -0.0269096 -1.11364 -0.46872 0.0512691 0.881858 1.75492 
0.888481 -0.0391973 0.457237 86.1681 0.0584839 0.997893 -0.0280971 -1.18132 -0.455173 0.0517048 0.888901 2.4893 
0.894645 -0.0406041 0.444928 86.5107 0.0594152 0.997829 -0.0284079 -1.24258 -0.442809 0.0518505 0.895115 3.2115 
0.899511 -0.0408565 0.434983 86.8012 0.0591431 0.99784 -0.0285796 -1.31094 -0.432876 0.051434 0.899985 3.85496 
0.903687 -0.037119 0.426582 87.09 0.0550909 0.998035 -0.0298628 -1.38117 -0.424635 0.0504874 0.903956 4.50951 
0.906874 -0.0306548 0.420286 87.3819 0.0492976 0.99822 -0.0335641 -1.45341 -0.418509 0.0511575 0.906771 5.19567 
0.909412 -0.0336257 0.414535 87.6877 0.0500828 0.998327 -0.0288913 -1.51341 -0.41287 0.0470352 0.909574 5.87824 
0.911079 -0.034048 0.410822 88.0075 0.0488694 0.998476 -0.0256261 -1.57214 -0.409324 0.043424 0.911355 6.61467 
0.912291 -0.0367687 0.407888 88.302 0.051233 0.998384 -0.0245904 -1.64749 -0.406325 0.043331 0.912701 7.2602 
0.913627 -0.0386665 0.40471 88.5836 0.0570899 0.997805 -0.0335479 -1.71118 -0.402525 0.0537551 0.913829 7.91293 
0.915122 -0.0370342 0.401472 88.8461 0.0649132 0.996315 -0.0560581 -1.78951 -0.397916 0.0773608 0.914154 8.45753 
0.916251 -0.0274237 0.399665 89.0726 0.0702327 0.993199 -0.092862 -1.89523 -0.3944 0.113154 0.911946 8.98445 
0.917353 -0.0253115 0.397269 89.3759 0.0709304 0.992399 -0.100559 -1.9984 -0.391704 0.120427 0.912176 9.67373 
0.919405 -0.0394274 0.39133 89.6835 0.0750963 0.994256 -0.0762604 -2.08488 -0.386076 0.0995017 0.917085 10.3527 
0.921178 -0.0665462 0.383409 89.9789 0.0819304 0.996351 -0.0239148 -2.1998 -0.380419 0.0534427 0.923269 10.9031 
0.922723 -0.073728 0.378347 90.2591 0.0854494 0.99624 -0.0142604 -2.29387 -0.375873 0.0454879 0.925554 11.5446 
0.923256 -0.0647363 0.378691 90.5116 0.0850906 0.995677 -0.0372441 -2.35997 -0.374643 0.0666089 0.924773 12.2226 
0.924474 -0.0572806 0.376918 90.7525 0.083047 0.995164 -0.0524547 -2.4044 -0.372091 0.0797949 0.92476 12.7571 
0.924504 -0.058864 0.376599 91.0574 0.0810043 0.995777 -0.0432114 -2.48447 -0.372465 0.0704553 0.925368 13.5699 
0.924699 -0.0649323 0.375122 91.3623 0.0832534 0.995988 -0.0328228 -2.57109 -0.371486 0.0615814 0.926394 14.3185 
0.925028 -0.0662345 0.37408 91.6357 0.0858265 0.995662 -0.0359411 -2.66217 -0.370076 0.0653525 0.9267 14.8989 
0.925519 -0.0692618 0.372314 91.9532 0.0912106 0.994961 -0.0416432 -2.74279 -0.367554 0.0725006 0.927172 15.6435 
0.926455 -0.071179 0.369615 92.2236 0.092317 0.994934 -0.0397956 -2.85008 -0.36491 0.0709905 0.928332 16.2279 
0.927568 -0.0717676 0.366697 92.5036 0.0924112 0.994956 -0.0390298 -2.93306 -0.362046 0.0700897 0.929522 16.8667 
0.928669 -0.0705961 0.36413 92.7377 0.0931575 0.994645 -0.044749 -2.99082 -0.359021 0.0754784 0.930273 17.4222 
0.929666 -0.0702311 0.361647 93.0088 0.0944501 0.994288 -0.0497091 -3.08428 -0.35609 0.0803705 0.930989 18.0077 
0.930402 -0.0707439 0.35965 93.3087 0.0947884 0.994259 -0.0496415 -3.18952 -0.354073 0.0802771 0.931766 18.7899 
0.930791 -0.0721532 0.35836 93.5967 0.0953779 0.994306 -0.047535 -3.26628 -0.352889 0.0784248 0.932373 19.5699 
0.931612 -0.0742854 0.355781 93.878 0.09662 0.994286 -0.0453973 -3.35661 -0.350376 0.0766682 0.933466 20.3181 
0.932192 -0.0768541 0.35371 94.1934 0.0987516 0.994128 -0.0442528 -3.4548 -0.348232 0.0761816 0.934308 21.0246 
0.93305 -0.0747109 0.351904 94.5498 0.0970421 0.994206 -0.0462258 -3.53447 -0.346411 0.0772805 0.934894 21.7639 
0.933139 -0.0739292 0.351834 94.8422 0.0972005 0.994062 -0.0489188 -3.62534 -0.346128 0.0798464 0.934783 22.5865 
0.933144 -0.0736142 0.351886 95.0911 0.0977056 0.993899 -0.0511766 -3.7215 -0.345971 0.0821363 0.934643 23.2809 
0.932659 -0.0752973 0.352813 95.3766 0.0994033 0.993756 -0.0506848 -3.80311 -0.346794 0.0823424 0.93432 24.0338 
0.931667 -0.0762603 0.355219 95.5198 0.0994263 0.993916 -0.0473956 -3.86277 -0.349444 0.0794751 0.933581 24.5665 
0.93142 -0.0823931 0.354498 95.8712 0.105161 0.993418 -0.0454124 -4.01532 -0.348423 0.0795775 0.933953 25.2329 
0.931089 -0.0886023 0.353868 96.1586 0.111404 0.992776 -0.0445507 -4.14257 -0.347364 0.080903 0.934234 25.8186 
0.930757 -0.0884152 0.354787 96.4787 0.111071 0.99284 -0.0439647 -4.21909 -0.34836 0.080327 0.933913 26.4821 
0.930617 -0.0914067 0.354396 96.8486 0.113902 0.992557 -0.0430944 -4.33312 -0.347819 0.0804707 0.934102 27.2159 
0.930032 -0.0936856 0.355337 97.1376 0.117142 0.992094 -0.0450311 -4.43884 -0.348309 0.0835053 0.933653 28.0125 
0.930376 -0.0917027 0.354952 97.4396 0.116489 0.99198 -0.0490516 -4.54025 -0.347607 0.0869842 0.933597 28.8574 
0.930982 -0.0924087 0.353176 97.7665 0.117357 0.991838 -0.049841 -4.64709 -0.345688 0.0878487 0.934228 29.6763 
0.931526 -0.0959767 0.350782 97.9849 0.119653 0.991731 -0.0464012 -4.73346 -0.343428 0.085196 0.935307 30.3288 
0.931546 -0.097218 0.350386 98.2914 0.120607 0.991657 -0.0455037 -4.84339 -0.343039 0.0846478 0.935499 31.15 
0.932417 -0.0973422 0.348029 98.6274 0.121654 0.99138 -0.0486441 -4.90518 -0.340293 0.0876958 0.936221 31.8551 
0.932601 -0.0996257 0.346886 98.8558 0.124706 0.990898 -0.0506852 -5.02679 -0.338679 0.0905278 0.936537 32.4303 
0.932878 -0.10463 0.344662 99.1668 0.129766 0.990252 -0.0506155 -5.14737 -0.336007 0.0919433 0.937361 33.0913 
0.933007 -0.106891 0.343617 99.4614 0.132974 0.989691 -0.0531879 -5.22543 -0.334389 0.0953168 0.937603 33.8496 
0.933163 -0.106227 0.343399 99.7517 0.131892 0.989889 -0.0521933 -5.30712 -0.334382 0.0939962 0.937738 34.5231 
0.933287 -0.108138 0.342463 100.125 0.133256 0.989788 -0.0506113 -5.43727 -0.333493 0.0928702 0.938167 35.4258 
0.932742 -0.108918 0.3437 100.402 0.134169 0.989672 -0.0504853 -5.53344 -0.334651 0.0932036 0.937722 36.263 
0.932658 -0.107305 0.344433 100.72 0.133474 0.989628 -0.0531102 -5.61127 -0.335162 0.0955064 0.937307 37.1255 
0.932575 -0.10821 0.344375 101.067 0.134182 0.989569 -0.0524227 -5.72005 -0.335111 0.0950971 0.937367 38.0893 
0.932931 -0.109626 0.342961 101.38 0.135247 0.989466 -0.0516235 -5.84345 -0.333689 0.0945456 0.93793 38.7914 
0.932897 -0.112799 0.342021 101.739 0.1395 0.988726 -0.0544177 -5.93681 -0.332027 0.0984782 0.938115 39.6799 
0.932949 -0.11085 0.342519 101.962 0.1383 0.988766 -0.0567056 -5.9869 -0.332385 0.100274 0.937798 40.3421 
0.932756 -0.111269 0.342907 102.307 0.138875 0.988671 -0.0569459 -6.10169 -0.332686 0.100738 0.937642 41.3078 
0.932374 -0.113795 0.343118 102.46 0.1413 0.988372 -0.0561686 -6.1899 -0.332736 0.100853 0.937611 41.8298 
0.932159 -0.113884 0.343671 102.725 0.141089 0.988461 -0.0551328 -6.31598 -0.333427 0.0998806 0.93747 42.6427 
0.931591 -0.118652 0.343598 103.083 0.146148 0.987724 -0.0551638 -6.4158 -0.332834 0.101606 0.937495 43.6059 
0.931474 -0.118362 0.344016 103.424 0.145824 0.987781 -0.0549846 -6.53736 -0.333304 0.101382 0.937353 44.5352 
0.930431 -0.123499 0.34503 103.595 0.150796 0.987126 -0.0533174 -6.67419 -0.334003 0.101637 0.937076 45.1114 
0.930261 -0.123287 0.345564 103.786 0.151298 0.986947 -0.0551832 -6.80537 -0.33425 0.103618 0.936771 45.7869 
0.929962 -0.125459 0.345588 104.135 0.153853 0.986512 -0.0558802 -6.90756 -0.333916 0.105136 0.936721 46.6984 
0.929549 -0.127461 0.345965 104.473 0.155329 0.986389 -0.0539355 -7.01719 -0.334382 0.103874 0.936696 47.6231 
0.929512 -0.127272 0.346135 104.768 0.15547 0.986317 -0.0548374 -7.12773 -0.334419 0.104786 0.936581 48.3443 
0.929048 -0.130392 0.346218 105.06 0.159908 0.985428 -0.0579724 -7.2309 -0.333614 0.109222 0.936361 49.0827 
0.928858 -0.128257 0.347525 105.303 0.157897 0.985737 -0.0582292 -7.31538 -0.3351 0.10896 0.935861 49.7965 
0.928951 -0.130233 0.34654 105.679 0.159424 0.985565 -0.0569757 -7.44033 -0.334118 0.108174 0.936303 50.565 
0.928765 -0.126145 0.348545 106.007 0.156053 0.985986 -0.0589844 -7.5584 -0.33622 0.109174 0.935434 51.5231 
0.928263 -0.128266 0.349107 106.214 0.158243 0.985659 -0.0586207 -7.69027 -0.336582 0.109659 0.935247 52.1148 
0.92822 -0.130767 0.348294 106.436 0.160527 0.985334 -0.0578679 -7.76691 -0.335618 0.109625 0.935598 52.763 
0.928275 -0.135176 0.346457 106.747 0.164747 0.984674 -0.0572262 -7.89499 -0.333412 0.1102 0.936319 53.4958 
0.928713 -0.135788 0.345042 107.063 0.165928 0.984358 -0.0592255 -7.99498 -0.331603 0.112256 0.936717 54.3341 
0.929409 -0.137015 0.342674 107.313 0.167315 0.984056 -0.0603315 -8.05046 -0.328944 0.113407 0.937515 54.9269 
0.929745 -0.137032 0.341756 107.537 0.167106 0.98411 -0.0600191 -8.15306 -0.328101 0.112912 0.93787 55.6335 
0.930238 -0.13801 0.340016 107.843 0.168928 0.983618 -0.0629208 -8.26408 -0.325763 0.11597 0.938312 56.464 
0.930824 -0.140114 0.337543 108.187 0.170968 0.98324 -0.0633251 -8.38489 -0.323013 0.116653 0.939178 57.3203 
0.930628 -0.142565 0.337056 108.319 0.173006 0.982973 -0.0619105 -8.45709 -0.322491 0.115929 0.939447 57.8976 
0.930916 -0.140755 0.33702 108.592 0.170859 0.983391 -0.0612379 -8.58246 -0.322803 0.11459 0.939504 58.712 
0.93167 -0.141149 0.334764 108.972 0.171078 0.983336 -0.0615097 -8.6782 -0.320504 0.114577 0.940292 59.4926 
0.931524 -0.141131 0.335178 109.178 0.170921 0.983398 -0.0609496 -8.78781 -0.321012 0.114065 0.940181 60.1361 
0.931915 -0.142444 0.333534 109.519 0.172215 0.98315 -0.0612991 -8.87804 -0.319182 0.114565 0.940743 60.848 
0.931713 -0.141598 0.334457 109.768 0.172057 0.983063 -0.063109 -8.98086 -0.319856 0.116345 0.940296 61.5463 
0.931673 -0.14212 0.334347 110.052 0.173692 0.982563 -0.0663458 -9.08123 -0.319087 0.119886 0.940112 62.3589 
0.931547 -0.141345 0.335026 110.321 0.173535 0.982476 -0.0680173 -9.18542 -0.319541 0.1215 0.939751 63.1601 
0.931452 -0.142075 0.334979 110.584 0.174637 0.982211 -0.0690141 -9.29646 -0.319215 0.122783 0.939695 63.9107 
0.931955 -0.141832 0.333681 110.918 0.174336 0.982237 -0.0694096 -9.39066 -0.31791 0.122859 0.940127 64.5781 
0.931871 -0.144057 0.332963 111.233 0.176998 0.981672 -0.0706458 -9.47922 -0.316684 0.124767 0.94029 65.458 
0.931844 -0.142979 0.333503 111.509 0.175555 0.982012 -0.0695128 -9.59198 -0.317566 0.123323 0.940183 66.2734 
0.932055 -0.142827 0.332977 111.777 0.175201 0.982101 -0.0691542 -9.69182 -0.31714 0.122793 0.940396 66.9652 
0.931984 -0.143564 0.33286 112.013 0.175829 0.982016 -0.0687612 -9.81252 -0.317002 0.122611 0.940466 67.6903 
0.931971 -0.144412 0.33253 112.24 0.177036 0.981724 -0.0698255 -9.91795 -0.316369 0.123945 0.940504 68.3214 
0.931905 -0.144513 0.332668 112.455 0.177543 0.981551 -0.0709614 -10.0369 -0.316276 0.125192 0.94037 68.9724 
0.931876 -0.144114 0.332924 112.698 0.177944 0.981307 -0.073295 -10.1217 -0.316138 0.127544 0.940101 69.7021 
0.932032 -0.144372 0.332376 112.951 0.178419 0.981158 -0.0741356 -10.2303 -0.31541 0.128399 0.940229 70.42 
0.932082 -0.14638 0.331355 113.187 0.179918 0.980989 -0.0727344 -10.3542 -0.314409 0.127411 0.940698 71.035 
0.932546 -0.147699 0.329457 113.476 0.180882 0.980846 -0.0722713 -10.4634 -0.312473 0.126989 0.9414 71.7963 
0.93251 -0.149079 0.328939 113.74 0.182718 0.980402 -0.0736578 -10.5698 -0.311511 0.12879 0.941474 72.5365 
0.932718 -0.147734 0.328956 114.01 0.182071 0.980346 -0.0759697 -10.6815 -0.311267 0.130752 0.941285 73.405 
0.932691 -0.147633 0.329077 114.228 0.182277 0.980239 -0.0768591 -10.7895 -0.311227 0.131669 0.94117 74.0795 
0.933158 -0.147926 0.327619 114.517 0.183071 0.979921 -0.0789902 -10.8959 -0.309356 0.133688 0.941502 74.8602 
0.933468 -0.146935 0.327181 114.769 0.182525 0.979884 -0.0806956 -11.0084 -0.308743 0.135045 0.94151 75.5999 
0.933576 -0.14781 0.326478 115.01 0.183736 0.979556 -0.0819151 -11.126 -0.307696 0.13646 0.941649 76.317 
0.933816 -0.149435 0.325049 115.254 0.184511 0.979592 -0.0797244 -11.2393 -0.306502 0.134423 0.942331 77.048 
0.934128 -0.148089 0.324768 115.476 0.182894 0.979936 -0.0792203 -11.3457 -0.30652 0.1334 0.94247 77.7583 
0.9349 -0.145994 0.323492 115.715 0.181012 0.980158 -0.08078 -11.4452 -0.30528 0.134077 0.942777 78.4789 
0.935238 -0.145913 0.322553 115.938 0.181118 0.980053 -0.0818035 -11.5441 -0.304183 0.134926 0.94301 79.1854 
0.935707 -0.145817 0.321232 116.196 0.180922 0.980063 -0.082121 -11.6673 -0.302853 0.134959 0.943433 79.9688 
0.935986 -0.147166 0.319801 116.472 0.182253 0.979781 -0.0825368 -11.7609 -0.301188 0.135538 0.943883 80.7641 
0.936517 -0.149666 0.317073 116.777 0.18477 0.979226 -0.0835228 -11.8741 -0.297985 0.136806 0.944716 81.5034 
0.936614 -0.152304 0.315529 117.047 0.187435 0.978681 -0.0839764 -11.9827 -0.296012 0.137795 0.945193 82.3114 
0.936551 -0.154905 0.314446 117.295 0.18984 0.978257 -0.0835056 -12.1039 -0.294674 0.137902 0.945595 83.072 
0.936735 -0.153849 0.314416 117.539 0.188208 0.978715 -0.0818241 -12.2312 -0.295135 0.135823 0.945752 83.8618 
0.936468 -0.153984 0.315146 117.736 0.18855 0.978625 -0.0821146 -12.3456 -0.295766 0.136318 0.945484 84.5068 
0.936249 -0.153524 0.31602 117.982 0.187838 0.978858 -0.0809603 -12.4607 -0.29691 0.135159 0.945292 85.2575 
0.936111 -0.156282 0.315074 118.274 0.18926 0.978924 -0.0767427 -12.5767 -0.29644 0.131471 0.945959 86.067 
0.936017 -0.157563 0.314715 118.536 0.189801 0.979003 -0.0743594 -12.686 -0.29639 0.129335 0.946269 86.894 
0.935604 -0.162272 0.313548 118.778 0.191792 0.979248 -0.0654981 -12.784 -0.296413 0.121416 0.947311 87.616 
0.936237 -0.163114 0.311215 119.027 0.185765 0.981592 -0.0443706 -12.8824 -0.298249 0.0993543 0.949303 88.4111 
0.93641 -0.166915 0.308667 119.317 0.185256 0.982205 -0.0308781 -12.9634 -0.29802 0.086097 0.950669 89.2482 
0.936377 -0.169122 0.307563 119.538 0.187245 0.98185 -0.0301719 -13.0491 -0.296878 0.085842 0.951049 89.9205 
0.935592 -0.166762 0.311222 119.764 0.188876 0.981098 -0.0420944 -13.1319 -0.298319 0.0981654 0.949405 90.6292 
0.935234 -0.165733 0.312842 120.01 0.190827 0.98029 -0.0511484 -13.2189 -0.298199 0.107534 0.948427 91.3924 
0.935003 -0.165872 0.313458 120.23 0.191054 0.980245 -0.0511745 -13.3031 -0.298778 0.107736 0.948222 92.0914 
0.934911 -0.165024 0.31418 120.443 0.191283 0.980024 -0.0544438 -13.3788 -0.298919 0.110997 0.947801 92.7535 
0.934934 -0.164047 0.314621 120.652 0.189871 0.980375 -0.0530465 -13.4617 -0.299745 0.109332 0.947734 93.4325 
0.934935 -0.163259 0.31503 120.852 0.189096 0.980524 -0.0530523 -13.545 -0.300233 0.109171 0.947598 94.0642 
0.935391 -0.159121 0.315791 121.062 0.185551 0.981079 -0.0552641 -13.6334 -0.301022 0.110289 0.947218 94.7306 
0.936146 -0.152811 0.316669 121.266 0.180692 0.98168 -0.0604507 -13.7171 -0.30163 0.11381 0.946608 95.4149 
0.9363 -0.151514 0.316836 121.463 0.180097 0.981643 -0.0627846 -13.7884 -0.301507 0.115846 0.9464 96.0356 
0.936306 -0.151109 0.317013 121.679 0.179769 0.981688 -0.0630159 -13.8719 -0.301686 0.115991 0.946325 96.7296 
0.937308 -0.144194 0.317274 121.869 0.172987 0.982818 -0.0643762 -13.9564 -0.30254 0.115224 0.946146 97.3557 
0.937643 -0.144547 0.316121 122.028 0.17264 0.982994 -0.062591 -14.0578 -0.301698 0.113263 0.946652 97.8855 
0.937679 -0.146347 0.315182 122.178 0.174653 0.982589 -0.0633601 -14.1538 -0.300422 0.114459 0.946914 98.3952 
0.937491 -0.146439 0.315698 122.346 0.175273 0.982385 -0.0647983 -14.2406 -0.300648 0.116081 0.946644 98.9352 
0.937661 -0.144594 0.316044 122.521 0.173065 0.982842 -0.0638012 -14.3165 -0.301396 0.11452 0.946597 99.5133 
0.938269 -0.141608 0.315591 122.695 0.169849 0.983408 -0.0637101 -14.3948 -0.301333 0.11338 0.946754 100.082 
0.938004 -0.143802 0.315388 122.881 0.171359 0.983299 -0.0613056 -14.4671 -0.301305 0.111549 0.946981 100.677 
0.937425 -0.148153 0.315095 123.044 0.174891 0.982867 -0.0581815 -14.5347 -0.301076 0.109648 0.947275 101.185 
0.936672 -0.15108 0.315944 123.202 0.177959 0.982336 -0.0578517 -14.5952 -0.301623 0.110413 0.947012 101.69 
0.936117 -0.154235 0.316064 123.355 0.181139 0.981781 -0.0574017 -14.6459 -0.301452 0.110986 0.947 102.148 
0.935857 -0.156466 0.315738 123.516 0.183422 0.98136 -0.0573464 -14.7076 -0.30088 0.111581 0.947112 102.616 
0.93553 -0.158982 0.31545 123.663 0.186463 0.980705 -0.0587323 -14.7649 -0.300026 0.113765 0.947123 103.045 
0.934709 -0.162931 0.315866 123.806 0.191062 0.979741 -0.0600165 -14.8239 -0.299689 0.116448 0.946904 103.467 
0.934112 -0.165351 0.316376 123.942 0.194913 0.978733 -0.0639609 -14.8752 -0.299072 0.121412 0.946475 103.852 
0.934034 -0.163597 0.317515 124.053 0.194832 0.978405 -0.0690231 -14.9228 -0.299366 0.126332 0.945738 104.192 
0.934163 -0.160311 0.318811 124.141 0.192481 0.978664 -0.0718845 -14.9688 -0.300485 0.128517 0.945088 104.491 
0.934405 -0.157307 0.319596 124.229 0.190416 0.97884 -0.0749321 -15.0076 -0.301046 0.130873 0.944586 104.77 
0.934512 -0.154455 0.320673 124.313 0.189186 0.978682 -0.0799395 -15.0384 -0.30149 0.135371 0.943811 105.041 
0.934441 -0.154729 0.320747 124.391 0.19045 0.978185 -0.0829633 -15.0721 -0.300913 0.13861 0.943525 105.263 
0.93393 -0.154552 0.322318 124.454 0.191318 0.977797 -0.0854974 -15.1035 -0.301948 0.141514 0.942763 105.466 
0.933867 -0.154592 0.32248 124.513 0.192105 0.977444 -0.0877427 -15.131 -0.301642 0.14389 0.942501 105.639 
0.93393 -0.153705 0.322722 124.567 0.191272 0.977591 -0.0879224 -15.1593 -0.301976 0.143841 0.942401 105.804 
0.93383 -0.153481 0.323117 124.612 0.191302 0.977529 -0.0885489 -15.1816 -0.302265 0.144503 0.942207 105.944 
0.933795 -0.15319 0.323358 124.651 0.191284 0.977462 -0.0893208 -15.2043 -0.302387 0.14526 0.942052 106.063 
0.933687 -0.152763 0.323869 124.688 0.191911 0.977053 -0.0924036 -15.2189 -0.302322 0.14843 0.941579 106.174 
0.933527 -0.152574 0.324421 124.732 0.193064 0.976446 -0.0963259 -15.2298 -0.302083 0.152557 0.940995 106.295 
0.933689 -0.151256 0.324571 124.772 0.191956 0.976589 -0.0970891 -15.2491 -0.302287 0.152954 0.940865 106.416 
0.934312 -0.148604 0.324003 124.809 0.189034 0.977175 -0.0969262 -15.2666 -0.302204 0.151807 0.941078 106.534 
0.9352 -0.139947 0.325293 124.835 0.179676 0.979095 -0.0953356 -15.2801 -0.305151 0.147605 0.940795 106.664 
0.937271 -0.12928 0.323742 124.862 0.166402 0.981977 -0.0896186 -15.2932 -0.306322 0.137868 0.941891 106.819 
0.937381 -0.140081 0.318895 124.917 0.176697 0.980251 -0.0888004 -15.3094 -0.300158 0.139588 0.943621 106.945 
0.932648 -0.163807 0.321456 125.002 0.204758 0.973916 -0.0977827 -15.3304 -0.297054 0.157018 0.941862 107.053 
0.92854 -0.175796 0.32697 125.07 0.221225 0.969326 -0.107082 -15.3515 -0.298116 0.171764 0.938949 107.161 
0.931054 -0.163988 0.325953 125.09 0.210552 0.971043 -0.112887 -15.3829 -0.298002 0.173734 0.938622 107.271 
0.935115 -0.140902 0.325126 125.089 0.188257 0.974888 -0.118965 -15.4138 -0.300199 0.172453 0.938158 107.396 
0.936228 -0.128297 0.327134 125.105 0.177009 0.976411 -0.12365 -15.4356 -0.303554 0.17367 0.936853 107.508 
0.935508 -0.133712 0.327025 125.156 0.183163 0.975066 -0.125289 -15.4564 -0.302118 0.177108 0.936674 107.63 
0.934105 -0.142452 0.327346 125.21 0.192502 0.973198 -0.125809 -15.478 -0.300651 0.180534 0.936492 107.744 
0.933657 -0.143558 0.32814 125.259 0.194164 0.972727 -0.126897 -15.5024 -0.300974 0.182192 0.936067 107.875 
0.9346 -0.136674 0.328395 125.292 0.187424 0.973893 -0.128078 -15.5335 -0.302317 0.181251 0.935816 108.016 
0.934828 -0.132881 0.329301 125.333 0.18431 0.974219 -0.130103 -15.5543 -0.303523 0.182317 0.935219 108.157 
0.934025 -0.13614 0.330248 125.393 0.187995 0.973476 -0.130394 -15.583 -0.303737 0.183876 0.934844 108.307 
0.93311 -0.139638 0.331371 125.451 0.192243 0.972492 -0.131535 -15.609 -0.303889 0.18644 0.934287 108.459 
0.932628 -0.137586 0.33358 125.505 0.19156 0.972211 -0.134575 -15.6371 -0.305795 0.189409 0.933067 108.624 
0.933057 -0.126204 0.336864 125.548 0.182572 0.973006 -0.141163 -15.6673 -0.309955 0.193215 0.930911 108.785 
0.933557 -0.114969 0.339491 125.583 0.174789 0.972933 -0.151162 -15.6943 -0.312923 0.200458 0.928384 108.944 
0.933302 -0.132882 0.333601 125.673 0.190905 0.970459 -0.147528 -15.7358 -0.304143 0.201375 0.931099 109.115 
0.929528 -0.153505 0.33528 125.767 0.209014 0.968396 -0.136098 -15.7818 -0.303792 0.196585 0.932236 109.273 
0.927717 -0.159165 0.337651 125.84 0.212031 0.969142 -0.125724 -15.8348 -0.307221 0.188228 0.932837 109.458 
0.930605 -0.148174 0.334691 125.886 0.198963 0.972287 -0.122765 -15.8818 -0.307225 0.180837 0.934297 109.652 
0.931116 -0.137395 0.337855 125.932 0.188788 0.97414 -0.12414 -15.9149 -0.312062 0.179371 0.932975 109.838 
0.929828 -0.141877 0.339544 126.01 0.194834 0.972558 -0.127166 -15.9469 -0.312185 0.184397 0.931954 110.032 
0.928058 -0.152221 0.339907 126.104 0.205987 0.970154 -0.127948 -15.9838 -0.310286 0.18876 0.931715 110.246 
0.926458 -0.155228 0.342899 126.193 0.209527 0.96949 -0.127227 -16.0339 -0.312688 0.189717 0.930717 110.483 
0.926928 -0.15004 0.343936 126.283 0.204473 0.970508 -0.127689 -16.0888 -0.314634 0.188684 0.930271 110.761 
0.927251 -0.146061 0.344779 126.374 0.199429 0.97196 -0.124587 -16.1479 -0.316914 0.184282 0.930379 111.039 
0.92629 -0.149308 0.345968 126.479 0.201448 0.972144 -0.119809 -16.2127 -0.318443 0.180673 0.930565 111.319 
0.924695 -0.155895 0.347326 126.603 0.208294 0.970825 -0.118798 -16.2793 -0.318673 0.182198 0.930189 111.63 
0.922986 -0.160525 0.349756 126.737 0.21443 0.969211 -0.121036 -16.3438 -0.319558 0.186713 0.928989 111.966 
0.921933 -0.161234 0.352197 126.861 0.21601 0.968745 -0.121955 -16.4184 -0.321526 0.188513 0.927946 112.289 
0.920462 -0.163041 0.355201 126.986 0.217519 0.968775 -0.118998 -16.4953 -0.324708 0.186796 0.927185 112.617 
0.918289 -0.163524 0.360562 127.124 0.218599 0.968728 -0.117392 -16.5611 -0.33009 0.186618 0.925318 112.963 
0.915091 -0.162773 0.368935 127.262 0.220615 0.967931 -0.120156 -16.6243 -0.337546 0.191347 0.921656 113.302 
0.911251 -0.159392 0.379758 127.404 0.22068 0.967501 -0.123456 -16.6913 -0.347738 0.196304 0.916811 113.633 
0.905423 -0.161675 0.392519 127.563 0.224859 0.966922 -0.120414 -16.7536 -0.360067 0.197287 0.911828 113.951 
0.896445 -0.16886 0.409722 127.726 0.234025 0.96551 -0.114113 -16.8228 -0.376322 0.198181 0.905045 114.257 
0.885009 -0.175199 0.431352 127.909 0.245898 0.962624 -0.11353 -16.8786 -0.39534 0.206544 0.895012 114.572 
0.872835 -0.173322 0.456199 128.093 0.251949 0.960632 -0.117078 -16.9387 -0.417948 0.217129 0.882142 114.869 
0.858655 -0.167482 0.484419 128.293 0.252686 0.960596 -0.115782 -16.9986 -0.44594 0.221823 0.86714 115.203 
