1 0 0 0 0 1 0 0 0 0 1 0 
0.999989 0.00110723 0.0046139 -0.000748753 -0.00109879 0.999998 -0.00183129 -0.0305425 -0.00461591 0.0018262 0.999988 0.355145 
0.99994 0.00273239 0.0106478 -0.00263908 -0.00269366 0.99999 -0.00364977 -0.0534822 -0.0106576 0.00362087 0.999937 0.704053 
0.999849 0.00437571 0.0167972 0.00375014 -0.00428039 0.999975 -0.00570647 -0.0734721 -0.0168217 0.00563371 0.999843 1.03826 
0.999691 0.00501343 0.0243528 0.0152065 -0.00481389 0.999954 -0.00824521 -0.0930862 -0.024393 0.00812543 0.999669 1.37743 
0.99939 0.00605379 0.0344029 0.0274281 -0.0057606 0.999946 -0.008615 -0.116739 -0.0344532 0.00841156 0.999371 1.70457 
0.998909 0.00546297 0.0463728 0.0480771 -0.00508505 0.999953 -0.00826363 -0.140174 -0.0464158 0.00801881 0.99889 2.03206 
0.998204 0.00414495 0.0597557 0.0747925 -0.003771 0.999973 -0.00636932 -0.167407 -0.0597805 0.00613254 0.998193 2.34935 
0.997149 0.00418659 0.0753413 0.106972 -0.00386593 0.999983 -0.00440155 -0.196854 -0.0753584 0.00409773 0.997148 2.64956 
0.995591 0.00370607 0.0937294 0.151775 -0.00330357 0.999985 -0.00444907 -0.219091 -0.0937444 0.00411982 0.995588 2.9509 
0.993271 0.0038271 0.115753 0.202883 -0.00333546 0.999985 -0.00444071 -0.24044 -0.115768 0.00402474 0.993268 3.24208 
0.989824 0.00532334 0.142196 0.265342 -0.0045481 0.999973 -0.00577636 -0.253314 -0.142223 0.00507086 0.989822 3.52966 
0.984839 0.00602176 0.173364 0.343045 -0.00470002 0.999957 -0.00803364 -0.271199 -0.173405 0.00709704 0.984825 3.81721 
0.977852 0.00447634 0.209252 0.43537 -0.00299337 0.999968 -0.00740317 -0.281837 -0.209278 0.00661284 0.977834 4.11466 
0.968528 0.00134066 0.248902 0.551201 -0.00112366 0.999999 -0.00101389 -0.308751 -0.248903 0.000702302 0.968528 4.40588 
0.956781 -0.00225438 0.2908 0.675297 0.00100174 0.99999 0.00445634 -0.326495 -0.290807 -0.00397244 0.956773 4.67593 
0.941687 -0.00398061 0.336467 0.820092 0.00217958 0.999981 0.0057303 -0.338503 -0.336483 -0.0046628 0.941678 4.94746 
0.922091 -0.00650122 0.386918 0.979882 0.00495657 0.999975 0.00498981 -0.353778 -0.386941 -0.00268327 0.922101 5.19933 
0.89783 -0.0103291 0.44022 1.17097 0.00871113 0.999946 0.00569586 -0.368566 -0.440255 -0.0012791 0.897872 5.44966 
0.868577 -0.0174691 0.495246 1.37693 0.0136292 0.999843 0.0113649 -0.387409 -0.495367 -0.00312148 0.868678 5.69176 
0.83492 -0.0233882 0.549874 1.6136 0.016676 0.999713 0.017201 -0.402673 -0.550118 -0.00519182 0.83507 5.93534 
0.797005 -0.0241829 0.603488 1.85547 0.0164047 0.999696 0.0183947 -0.419391 -0.60375 -0.00476059 0.79716 6.16163 
0.754339 -0.0252752 0.655998 2.12301 0.0148806 0.99966 0.021405 -0.432144 -0.656316 -0.00638499 0.754459 6.3806 
0.707239 -0.0299999 0.706338 2.42494 0.0140458 0.999498 0.0283875 -0.438281 -0.706835 -0.0101556 0.707306 6.60072 
0.657017 -0.0366715 0.752983 2.73691 0.0179103 0.999294 0.0330396 -0.452128 -0.753663 -0.00822141 0.65721 6.78475 
0.603287 -0.0403875 0.796501 3.06598 0.0221706 0.99918 0.0338721 -0.4644 -0.797216 -0.00277566 0.603688 6.94268 
0.545991 -0.043612 0.836655 3.42582 0.0246587 0.999048 0.035985 -0.473284 -0.837428 0.000983348 0.546546 7.08814 
0.485062 -0.0476808 0.873179 3.78926 0.0233629 0.998863 0.0415655 -0.481266 -0.874167 0.000238135 0.485624 7.22496 
0.421994 -0.0495075 0.905246 4.18826 0.0187061 0.998771 0.0459023 -0.484939 -0.906405 -0.0024369 0.422402 7.34536 
0.35744 -0.0539847 0.932374 4.60987 0.0171752 0.998539 0.0512312 -0.480907 -0.933778 -0.00229835 0.357845 7.44056 
0.292451 -0.0627484 0.95422 5.07903 0.0205987 0.998027 0.059316 -0.474626 -0.956059 0.0023087 0.293166 7.5082 
0.225403 -0.066507 0.971993 5.57224 0.0167873 0.997784 0.0643788 -0.466987 -0.974121 0.00180591 0.22602 7.57796 
0.160859 -0.0684158 0.984603 6.03493 0.00820882 0.997653 0.0679815 -0.477584 -0.986943 -0.00285303 0.161044 7.60166 
0.0997816 -0.0723492 0.992376 6.57556 -0.0020992 0.997335 0.0729219 -0.474073 -0.995007 -0.00935946 0.0993639 7.61402 
0.035773 -0.0619427 0.997438 7.11967 0.00614299 0.998072 0.0617617 -0.460509 -0.999341 0.00391785 0.0360846 7.57366 
-0.0254984 -0.0535627 0.998239 7.64249 0.0124209 0.998469 0.0538924 -0.47426 -0.999598 0.0137732 -0.0247941 7.50382 
-0.080073 -0.0513959 0.995463 8.21531 0.014099 0.998512 0.0526874 -0.457319 -0.996689 0.0182539 -0.0792292 7.41111 
-0.128714 -0.0572776 0.990026 8.83822 0.00555335 0.998273 0.0584767 -0.440749 -0.991666 0.0130247 -0.128173 7.31166 
-0.169904 -0.073884 0.982687 9.4973 0.0112661 0.996975 0.0769061 -0.435084 -0.985396 0.0241377 -0.168557 7.16825 
-0.205579 -0.0813266 0.975255 10.1412 0.0178228 0.996065 0.0868188 -0.419539 -0.978478 0.0352299 -0.203321 7.00417 
-0.236776 -0.0751846 0.968651 10.8473 0.0176662 0.996503 0.0816647 -0.398782 -0.971404 0.0364486 -0.23462 6.81297 
-0.26143 -0.0684898 0.962789 11.5155 0.0176825 0.996972 0.0757228 -0.381631 -0.96506 0.0368207 -0.259427 6.62192 
-0.280838 -0.0714653 0.957091 12.1742 0.0166274 0.996712 0.0793028 -0.387857 -0.959611 0.0381852 -0.278726 6.43266 
-0.298254 -0.0750747 0.951529 12.915 0.0166108 0.996343 0.083817 -0.403469 -0.954342 0.0408044 -0.295916 6.20607 
-0.313847 -0.0765649 0.946382 13.667 0.0160692 0.996172 0.0859221 -0.400631 -0.949338 0.0421739 -0.311415 5.95717 
-0.328091 -0.076941 0.941508 14.4362 0.0144362 0.996153 0.0864373 -0.372827 -0.944536 0.041951 -0.325718 5.69227 
-0.34119 -0.0789045 0.936677 15.2305 0.0150271 0.995885 0.0893659 -0.329377 -0.939874 0.0445662 -0.3386 5.41893 
-0.352746 -0.0844684 0.931899 15.9852 0.0152192 0.995268 0.0959731 -0.316199 -0.935595 0.0480369 -0.349791 5.14051 
-0.364079 -0.0872292 0.927274 16.7735 0.0141747 0.99497 0.0991629 -0.301211 -0.93126 0.049247 -0.361012 4.84645 
-0.374914 -0.0871668 0.922953 17.4659 0.0124612 0.995006 0.0990336 -0.274529 -0.926976 0.0486301 -0.371955 4.57366 
-0.385928 -0.0869751 0.91842 18.1683 0.010436 0.995071 0.0986193 -0.265149 -0.92247 0.0476446 -0.383118 4.29384 
-0.395407 -0.0859205 0.914478 18.9162 0.0066096 0.995323 0.0963743 -0.233605 -0.918482 0.0441514 -0.39299 4.00114 
-0.403367 -0.0846467 0.911114 19.6763 0.00795382 0.99535 0.0959939 -0.211114 -0.915004 0.0459677 -0.400819 3.69001 
-0.410145 -0.0891299 0.907655 20.4868 0.00660334 0.994897 0.100681 -0.178761 -0.911996 0.0472872 -0.407463 3.32736 
-0.416947 -0.0912214 0.904342 21.2534 0.00457939 0.994728 0.10245 -0.14957 -0.908919 0.0468576 -0.414331 2.9971 
-0.421601 -0.0865012 0.902646 22.0506 0.00580788 0.995162 0.0980797 -0.122999 -0.906763 0.046593 -0.419059 2.6287 
-0.424553 -0.0851111 0.901394 22.8729 0.00665357 0.995252 0.0971071 -0.0909366 -0.905378 0.0472247 -0.421971 2.25034 
-0.426086 -0.0859578 0.90059 23.6531 0.00819029 0.995069 0.0988504 -0.0640748 -0.904646 0.0494948 -0.423281 1.88509 
-0.42614 -0.0884479 0.900323 24.4966 0.00903842 0.994743 0.102002 -0.00850685 -0.904612 0.0516045 -0.4231 1.49736 
-0.423566 -0.0903279 0.90135 25.3139 0.00774456 0.994619 0.103314 0.0175184 -0.905832 0.0507409 -0.420588 1.13442 
-0.420319 -0.090241 0.902878 26.1314 0.0073019 0.994674 0.102815 0.0410541 -0.907347 0.0498079 -0.417422 0.763157 
-0.417077 -0.090221 0.904382 26.928 0.00909558 0.994597 0.103415 0.076792 -0.908826 0.0513581 -0.414003 0.411289 
-0.413833 -0.0924523 0.905646 27.6752 0.0121565 0.99418 0.107045 0.0920454 -0.910272 0.0553083 -0.4103 0.0856868 
-0.410694 -0.0886451 0.907454 28.5415 0.0243595 0.993841 0.108108 0.143795 -0.911448 0.0665045 -0.406005 -0.310772 
-0.408716 -0.0820211 0.908968 29.2996 0.0386187 0.993507 0.107014 0.161864 -0.911844 0.0788417 -0.402895 -0.668201 
-0.406826 -0.0951267 0.908539 30.1282 0.0192321 0.993451 0.112629 0.231276 -0.913303 0.0632935 -0.402332 -0.98572 
-0.403368 -0.113558 0.907964 30.931 -0.00659944 0.992605 0.121213 0.285302 -0.915014 0.0429013 -0.401135 -1.31116 
-0.401858 -0.107664 0.909351 31.7163 0.00937872 0.992528 0.121657 0.312998 -0.915654 0.0574173 -0.397846 -1.65894 
-0.403543 -0.0815168 0.911322 32.5349 0.00688761 0.995724 0.0921164 0.350699 -0.914935 0.0434498 -0.401256 -2.02814 
-0.406606 -0.0795563 0.910133 33.3164 -0.0108201 0.996551 0.0822763 0.361131 -0.913539 0.0236064 -0.406065 -2.32462 
-0.404036 -0.0997874 0.909284 34.1338 -0.00786081 0.994374 0.105633 0.401585 -0.914709 0.0355317 -0.402548 -2.67832 
-0.403343 -0.129676 0.905814 34.9445 0.00153665 0.98981 0.142385 0.465723 -0.915047 0.0588219 -0.399034 -3.04719 
-0.404803 -0.129346 0.90521 35.7784 0.00477153 0.989633 0.143543 0.530875 -0.914392 0.0624259 -0.399989 -3.41488 
-0.405495 -0.108582 0.907625 36.5479 0.00341617 0.992733 0.12029 0.591595 -0.914091 0.0518777 -0.402177 -3.74284 
-0.405227 -0.101873 0.908522 37.3117 0.000792611 0.993732 0.111782 0.601383 -0.914216 0.0460171 -0.402607 -4.08833 
-0.404976 -0.110951 0.907571 38.1215 0.00405254 0.992383 0.123127 0.656251 -0.914318 0.0535416 -0.401442 -4.44609 
-0.405567 -0.11559 0.906727 38.8905 0.00703428 0.991548 0.129549 0.705166 -0.914038 0.058919 -0.401326 -4.7807 
-0.408056 -0.112201 0.906036 39.7246 0.00674361 0.992022 0.125887 0.769712 -0.912932 0.0574788 -0.404044 -5.13869 
-0.410528 -0.107948 0.905436 40.562 0.00772369 0.992521 0.121832 0.836687 -0.911815 0.0570088 -0.406623 -5.51387 
-0.413435 -0.10595 0.904348 41.3861 0.00946163 0.992654 0.120621 0.885295 -0.910484 0.0584257 -0.409395 -5.87997 
-0.416245 -0.10471 0.903203 42.1709 0.0111291 0.992686 0.120213 0.949798 -0.909184 0.0600898 -0.412036 -6.24589 
-0.419596 -0.101232 0.902048 42.9809 0.0164689 0.992749 0.119072 1.00672 -0.907561 0.0648177 -0.414887 -6.63531 
-0.423105 -0.101221 0.900409 43.7582 0.0178557 0.992616 0.119977 1.04828 -0.905905 0.0668403 -0.418173 -6.98706 
-0.426193 -0.103285 0.898717 44.5463 0.0196579 0.992169 0.123347 1.10373 -0.904419 0.0702364 -0.420825 -7.35546 
-0.428004 -0.104937 0.897664 45.3232 0.0215027 0.991773 0.12619 1.15135 -0.903521 0.0733122 -0.422227 -7.72441 
-0.429387 -0.104356 0.897071 46.0807 0.0233698 0.991685 0.126549 1.20308 -0.902818 0.0753028 -0.423378 -8.09179 
-0.431832 -0.103694 0.895974 46.8685 0.0223988 0.99183 0.125583 1.26344 -0.901676 0.0742996 -0.425981 -8.45243 
-0.431997 -0.105524 0.89568 47.5396 0.0218958 0.991611 0.127387 1.28302 -0.901609 0.0746422 -0.426062 -8.75517 
-0.429971 -0.105976 0.896602 48.2632 0.0237864 0.991413 0.128589 1.33172 -0.902529 0.0766165 -0.423758 -9.07092 
-0.425653 -0.106013 0.898655 49.0054 0.0242838 0.991418 0.128459 1.39015 -0.90456 0.0765016 -0.419426 -9.40757 
-0.420492 -0.106297 0.901048 49.7582 0.0232737 0.991523 0.127831 1.45432 -0.906998 0.0747228 -0.414454 -9.733 
-0.41468 -0.108537 0.903471 50.5108 0.0223822 0.991344 0.129367 1.49635 -0.909692 0.0738675 -0.408661 -10.0516 
-0.409042 -0.109017 0.90598 51.2713 0.0231389 0.99128 0.129728 1.55671 -0.912222 0.0740275 -0.402953 -10.373 
-0.403124 -0.108111 0.908737 52.0231 0.0240772 0.991401 0.128626 1.61727 -0.914828 0.0737323 -0.397055 -10.6781 
-0.396125 -0.105929 0.912066 52.7914 0.0272304 0.991531 0.126985 1.67021 -0.917793 0.075138 -0.389886 -11.0078 
-0.388435 -0.104694 0.915509 53.5487 0.0285856 0.991678 0.125533 1.70964 -0.921033 0.0749316 -0.38221 -11.3267 
-0.381128 -0.105448 0.918489 54.3005 0.0289278 0.991628 0.125849 1.75417 -0.924069 0.0745344 -0.374887 -11.6138 
-0.373893 -0.106666 0.921318 55.0502 0.0293054 0.99151 0.126685 1.80596 -0.927009 0.0743661 -0.367592 -11.8983 
-0.366995 -0.106041 0.924159 55.7924 0.0323421 0.991426 0.126603 1.84531 -0.929661 0.0763519 -0.360418 -12.1731 
-0.360097 -0.106831 0.926778 56.513 0.0332103 0.991324 0.127175 1.88445 -0.932323 0.0765738 -0.353425 -12.4402 
-0.351943 -0.109861 0.929552 57.3199 0.0309787 0.991177 0.128874 1.93737 -0.935509 0.0741525 -0.345435 -12.7266 
-0.344639 -0.113183 0.931887 58.0863 0.0298264 0.990883 0.131379 1.99119 -0.938261 0.0730734 -0.338121 -12.9846 
-0.336551 -0.115441 0.934562 58.8447 0.0297327 0.99066 0.133077 2.01914 -0.941196 0.0725744 -0.329975 -13.2379 
-0.328189 -0.112547 0.937884 59.6293 0.0310231 0.991057 0.129783 2.0581 -0.944103 0.0716894 -0.321762 -13.5002 
-0.318443 -0.111228 0.941394 60.4085 0.0320565 0.991261 0.127964 2.10315 -0.9474 0.0709269 -0.312094 -13.7478 
-0.306727 -0.113731 0.944978 61.2174 0.0320476 0.991038 0.129677 2.14521 -0.951258 0.0700596 -0.300333 -13.9794 
-0.293219 -0.116897 0.948872 62.1159 0.0312483 0.990795 0.131718 2.20914 -0.955534 0.0682728 -0.286867 -14.2419 
-0.277862 -0.119287 0.953186 62.8728 0.0318631 0.99057 0.133254 2.24674 -0.960092 0.0673977 -0.271441 -14.4397 
-0.260805 -0.118896 0.958042 63.7035 0.0332677 0.990691 0.132004 2.29225 -0.964818 0.0662992 -0.254422 -14.6464 
-0.239801 -0.120632 0.963298 64.6181 0.0332369 0.990648 0.132331 2.31007 -0.970253 0.0637502 -0.233549 -14.8888 
-0.21799 -0.122464 0.968237 65.4667 0.0367025 0.990365 0.133526 2.33964 -0.975261 0.0646441 -0.211395 -15.062 
-0.195158 -0.119534 0.97346 66.3239 0.0369262 0.990946 0.129084 2.42364 -0.980076 0.061138 -0.188977 -15.2109 
-0.171293 -0.115821 0.978389 67.159 0.0400508 0.991426 0.124376 2.4878 -0.984406 0.06049 -0.165185 -15.3343 
-0.145911 -0.112117 0.982924 67.9296 0.0505277 0.991416 0.120586 2.55114 -0.988007 0.0672597 -0.138994 -15.4498 
-0.119151 -0.111088 0.986642 68.7612 0.0573724 0.99129 0.11854 2.61143 -0.991217 0.0707302 -0.11174 -15.5404 
-0.0937826 -0.106822 0.989845 69.6192 0.0602128 0.991799 0.112738 2.65941 -0.99377 0.0701742 -0.0865814 -15.5822 
-0.0668292 -0.106289 0.992087 70.4855 0.0645976 0.991763 0.110605 2.69541 -0.995671 0.0714781 -0.0594127 -15.5836 
-0.0399452 -0.108454 0.993299 71.2988 0.0706058 0.991301 0.111075 2.72287 -0.996704 0.0745696 -0.0319402 -15.5828 
-0.0117072 -0.112771 0.993552 72.1325 0.0742846 0.990776 0.113331 2.75601 -0.997168 0.0751324 -0.00322212 -15.5846 
0.0174105 -0.110723 0.993699 72.8771 0.0784821 0.990934 0.10904 2.76508 -0.996763 0.0760891 0.0259424 -15.5439 
0.0468362 -0.104639 0.993407 73.6853 0.0786522 0.991797 0.100761 2.78561 -0.995801 0.0734143 0.0546821 -15.4689 
0.07554 -0.100428 0.992073 74.5356 0.0791245 0.992382 0.0944342 2.83426 -0.993999 0.0713637 0.0829108 -15.3626 
0.105536 -0.103782 0.988985 75.3078 0.0801119 0.992194 0.09557 2.85218 -0.991183 0.0691434 0.113026 -15.2555 
0.136552 -0.107995 0.984729 76.0705 0.0809018 0.991935 0.0975665 2.87901 -0.987324 0.0663434 0.144187 -15.1324 
0.167592 -0.1093 0.979779 76.8652 0.0796387 0.992088 0.0970509 2.899 -0.982635 0.0617633 0.17497 -14.962 
0.198024 -0.108445 0.97418 77.659 0.0786787 0.992413 0.0944812 2.91297 -0.977034 0.0579376 0.205054 -14.7605 
0.229493 -0.107681 0.967335 78.407 0.0789964 0.992643 0.0917572 2.91613 -0.970099 0.0553583 0.236311 -14.5731 
0.257455 -0.107436 0.960299 79.0635 0.0782323 0.992855 0.0901042 2.87837 -0.963118 0.0519286 0.26402 -14.2967 
0.287873 -0.106374 0.951742 79.8103 0.0793763 0.993043 0.0869812 2.90511 -0.954373 0.0505062 0.294314 -14.0295 
0.318127 -0.107551 0.941928 80.4629 0.0822827 0.992927 0.0855844 2.88431 -0.944471 0.0502777 0.324726 -13.7737 
0.349101 -0.109089 0.930714 81.2187 0.0843062 0.992829 0.0847473 2.86235 -0.933285 0.0488796 0.355795 -13.4707 
0.379029 -0.108457 0.919007 81.9368 0.087263 0.992872 0.0811835 2.86763 -0.921261 0.0494244 0.385792 -13.1455 
0.409982 -0.109934 0.905444 82.677 0.090028 0.99274 0.0797684 2.84678 -0.907639 0.0488117 0.416903 -12.7915 
0.44013 -0.108223 0.891388 83.3576 0.0900396 0.993026 0.0761049 2.85131 -0.893408 0.0467642 0.446805 -12.4186 
0.470978 -0.107883 0.875523 84.1234 0.0917313 0.993103 0.0730256 2.85885 -0.877363 0.0459195 0.477626 -11.9764 
0.501842 -0.106322 0.8584 84.861 0.092144 0.993341 0.0691667 2.87846 -0.860037 0.0443857 0.508297 -11.5396 
0.530999 -0.103538 0.841023 85.516 0.0907019 0.99375 0.0650729 2.8988 -0.842504 0.0417288 0.537071 -11.0834 
0.560695 -0.102768 0.82162 86.2193 0.0915541 0.993878 0.0618347 2.91565 -0.822945 0.0405523 0.566672 -10.5932 
0.588462 -0.103323 0.801896 86.7486 0.0934483 0.993846 0.0594794 2.88341 -0.803107 0.0399345 0.594495 -10.162 
0.615766 -0.105161 0.78088 87.3576 0.0945799 0.993753 0.0592468 2.83496 -0.782232 0.0373734 0.621865 -9.63756 
0.64211 -0.103339 0.759616 87.9507 0.0964893 0.993887 0.0536467 2.83455 -0.760516 0.0388477 0.648156 -9.06281 
0.668562 -0.104158 0.736326 88.5403 0.100164 0.993733 0.0496235 2.80349 -0.73688 0.0405767 0.674805 -8.5154 
0.69385 -0.106245 0.712239 89.0857 0.103586 0.993496 0.0472894 2.78047 -0.71263 0.0409662 0.700343 -7.96493 
0.716835 -0.104321 0.689395 89.5909 0.102268 0.993781 0.0440429 2.77345 -0.689702 0.0389316 0.723046 -7.35553 
0.739439 -0.102007 0.66545 90.074 0.0998897 0.994137 0.0413954 2.75473 -0.665771 0.0358622 0.745293 -6.77538 
0.76069 -0.0998586 0.641388 90.594 0.09819 0.994428 0.0383698 2.73084 -0.641646 0.0337903 0.766257 -6.11098 
0.779885 -0.0972724 0.618318 91.0604 0.0945257 0.994824 0.0372782 2.69707 -0.618744 0.0293742 0.785043 -5.46782 
0.796603 -0.0962292 0.596794 91.5071 0.0931212 0.994999 0.0361386 2.66345 -0.597287 0.0267861 0.80158 -4.81623 
0.811714 -0.0958227 0.576141 91.9648 0.0939745 0.995024 0.0330918 2.62809 -0.576445 0.0272815 0.81668 -4.09171 
0.826427 -0.0954109 0.554902 92.4304 0.0942749 0.995073 0.0306892 2.58487 -0.555096 0.026951 0.83135 -3.38858 
0.839534 -0.0934992 0.535201 92.7988 0.0915522 0.99534 0.0302732 2.5537 -0.535538 0.0235834 0.844182 -2.75397 
0.852128 -0.0931028 0.514985 93.1903 0.0914683 0.995397 0.0286059 2.5221 -0.515277 0.0227289 0.856722 -2.0761 
0.862876 -0.0938348 0.496628 93.5387 0.0930876 0.99531 0.0263209 2.4781 -0.496769 0.0235183 0.867564 -1.42151 
0.872937 -0.0912217 0.479227 93.8891 0.0917775 0.995529 0.022323 2.44075 -0.479121 0.0244957 0.877407 -0.730981 
0.881331 -0.0915995 0.463535 94.2271 0.0930191 0.995466 0.0198552 2.40658 -0.463252 0.0256186 0.885856 -0.0354789 
0.888934 -0.0910279 0.4489 94.5557 0.0928026 0.99552 0.0180994 2.36887 -0.448536 0.0255699 0.893399 0.648263 
0.895284 -0.0891898 0.436476 94.8802 0.0910446 0.995707 0.0167159 2.32434 -0.436093 0.0247733 0.899561 1.36022 
0.900751 -0.0901179 0.424884 95.1922 0.091397 0.995662 0.0174191 2.27946 -0.424611 0.0231428 0.90508 2.04154 
0.905798 -0.0902399 0.41399 95.5132 0.0908313 0.995698 0.0183024 2.23349 -0.41386 0.021025 0.910098 2.75046 
0.909902 -0.0823531 0.406566 95.7969 0.0829507 0.996422 0.016188 2.2004 -0.406445 0.0189954 0.913478 3.44066 
0.913092 -0.0761839 0.400573 96.0916 0.0773753 0.996914 0.0132261 2.163 -0.400345 0.0189178 0.916169 4.15802 
0.915441 -0.0785458 0.394713 96.3932 0.0774589 0.99682 0.0187147 2.13437 -0.394928 0.0134418 0.918614 4.86484 
0.916935 -0.0798258 0.39097 96.6947 0.0764477 0.996779 0.0242246 2.10308 -0.391644 0.00767632 0.920085 5.57877 
0.917756 -0.0801699 0.388968 96.9954 0.0760533 0.996765 0.0259973 2.0657 -0.389794 0.00572307 0.920884 6.27779 
0.918544 -0.0810709 0.386917 97.2869 0.0804431 0.996599 0.0178455 2.03064 -0.387048 0.0147329 0.921942 6.99281 
0.919151 -0.0789244 0.385918 97.5569 0.0872707 0.996176 -0.00412612 1.97076 -0.384116 0.0374718 0.922524 7.62066 
0.919764 -0.066373 0.386818 97.8299 0.0891531 0.995164 -0.041228 1.90247 -0.382211 0.072406 0.921234 8.28477 
0.920618 -0.0647924 0.385052 98.114 0.0903262 0.994727 -0.0485781 1.83356 -0.379874 0.0795021 0.921616 8.9705 
0.922015 -0.0785154 0.379109 98.441 0.0944585 0.995249 -0.0236075 1.78894 -0.375454 0.0575765 0.925051 9.77038 
0.92266 -0.104775 0.371108 98.743 0.101521 0.994429 0.0283543 1.72931 -0.372011 0.0115138 0.928157 10.5043 
0.923558 -0.111261 0.366964 99.0448 0.104698 0.993785 0.03781 1.68595 -0.36889 0.00350064 0.929467 11.2381 
0.92432 -0.10207 0.367715 99.326 0.103492 0.994503 0.0159081 1.65333 -0.367317 0.0233512 0.929802 11.989 
0.925107 -0.0943945 0.367785 99.612 0.100906 0.994895 0.00153248 1.61377 -0.366052 0.035694 0.92991 12.7268 
0.925442 -0.0947671 0.366848 99.9246 0.0975502 0.99517 0.010992 1.57732 -0.366117 0.0256136 0.930216 13.5359 
0.925494 -0.1001 0.365296 100.231 0.0992065 0.99484 0.0212651 1.53297 -0.365539 0.016559 0.930649 14.3048 
0.925483 -0.10309 0.36449 100.548 0.104106 0.994422 0.0169183 1.49682 -0.364201 0.0222882 0.931054 15.0554 
0.925379 -0.101474 0.365208 100.852 0.104218 0.994479 0.0122474 1.45694 -0.364434 0.0267278 0.930846 15.8212 
0.925862 -0.100525 0.364245 101.173 0.102584 0.994629 0.0137428 1.43858 -0.363671 0.024642 0.931202 16.6452 
0.92657 -0.1004 0.362476 101.488 0.101768 0.994689 0.0153701 1.38863 -0.362094 0.022647 0.931866 17.5017 
0.9273 -0.0984295 0.361145 101.797 0.101203 0.994802 0.0112774 1.34033 -0.360378 0.0260913 0.932441 18.3247 
0.927496 -0.0966321 0.361127 102.088 0.101263 0.994841 0.00612695 1.29981 -0.359856 0.030886 0.932497 19.1067 
0.927828 -0.0961808 0.360394 102.392 0.100626 0.994903 0.00645771 1.25386 -0.359178 0.0302732 0.932778 19.9044 
0.928091 -0.0960832 0.359744 102.708 0.0994294 0.995002 0.00923843 1.20479 -0.358833 0.027195 0.933005 20.7865 
0.928791 -0.0963124 0.357872 103.083 0.0984863 0.995064 0.0121938 1.13544 -0.357279 0.0239199 0.933691 21.674 
0.928881 -0.100254 0.356551 103.398 0.101991 0.994687 0.0139777 1.07488 -0.356058 0.0233816 0.934171 22.5323 
0.92917 -0.100052 0.355856 103.767 0.101819 0.994707 0.0138128 1.02387 -0.355354 0.0233984 0.934439 23.4877 
0.9292 -0.0995621 0.355914 104.093 0.101845 0.994723 0.0123679 0.977733 -0.355267 0.024756 0.934437 24.3373 
0.929173 -0.097798 0.356474 104.393 0.100104 0.994904 0.0120223 0.905728 -0.355833 0.0245138 0.934228 25.1331 
0.928516 -0.0967624 0.358462 104.718 0.0982154 0.995064 0.0142002 0.862861 -0.358067 0.0220214 0.933436 26.0359 
0.927709 -0.0948095 0.361064 105.1 0.0945888 0.995348 0.0183279 0.78894 -0.361122 0.0171496 0.932361 27.0365 
0.926623 -0.0964919 0.3634 105.462 0.0955483 0.995211 0.020618 0.73358 -0.36365 0.0156171 0.931405 27.9221 
0.925294 -0.0959737 0.366907 105.77 0.0944409 0.995284 0.0221733 0.674418 -0.367304 0.0141342 0.929993 28.7628 
0.924374 -0.0961257 0.369179 106.151 0.0940464 0.995286 0.0236701 0.625274 -0.369715 0.01284 0.929057 29.714 
0.923692 -0.0960289 0.370906 106.511 0.0935566 0.995308 0.0246983 0.589598 -0.371537 0.011887 0.928342 30.6283 
0.923208 -0.0972694 0.371787 106.859 0.0957234 0.99515 0.0226609 0.534705 -0.372188 0.014668 0.928041 31.533 
0.923525 -0.0932601 0.372026 107.226 0.0933019 0.995476 0.0179329 0.512491 -0.372016 0.0181492 0.928049 32.4698 
0.92374 -0.0915599 0.371916 107.563 0.0913541 0.995652 0.0182148 0.465121 -0.371966 0.0171503 0.928088 33.3807 
0.924071 -0.0914471 0.37112 107.885 0.0895875 0.99573 0.0222874 0.41608 -0.371574 0.0126526 0.928317 34.2052 
0.924236 -0.0919014 0.370596 108.206 0.0895461 0.995703 0.0235965 0.370212 -0.371173 0.0113768 0.928494 35.108 
0.924222 -0.0921348 0.370575 108.516 0.0900676 0.995672 0.0229203 0.30058 -0.371082 0.0121933 0.92852 35.9293 
0.924245 -0.092533 0.370416 108.885 0.0909925 0.995616 0.0216728 0.22685 -0.370798 0.0136742 0.928613 36.8219 
0.924244 -0.0935993 0.370152 109.316 0.091927 0.995518 0.0221985 0.176353 -0.370571 0.0135102 0.928706 37.8258 
0.923799 -0.0947799 0.370962 109.677 0.0936772 0.99538 0.0210352 0.132729 -0.371242 0.0153184 0.92841 38.7189 
0.923583 -0.0935202 0.371817 110.009 0.0913027 0.995543 0.0236076 0.0790952 -0.372368 0.0121443 0.928006 39.5742 
0.923434 -0.0961324 0.371522 110.435 0.0926743 0.995325 0.0271973 0.0114714 -0.372399 0.00931558 0.928026 40.5805 
0.923343 -0.0977229 0.371332 110.796 0.0938743 0.995177 0.0284742 -0.0327819 -0.372323 0.00856704 0.928064 41.4752 
0.923315 -0.0955238 0.371973 111.163 0.0916836 0.995393 0.028042 -0.0732358 -0.372938 0.0082122 0.92782 42.4145 
0.923198 -0.0954209 0.372292 111.516 0.090625 0.995421 0.0304039 -0.115713 -0.373488 0.00567014 0.927618 43.3004 
0.923047 -0.0948829 0.372803 111.895 0.0900037 0.995474 0.0305142 -0.138118 -0.374011 0.00538767 0.927409 44.2206 
0.922798 -0.0959788 0.373137 112.272 0.0913195 0.995364 0.030188 -0.178688 -0.374304 0.00621721 0.927285 45.1521 
0.922796 -0.0972358 0.372818 112.706 0.0930089 0.995232 0.029355 -0.220398 -0.373895 0.00758673 0.92744 46.1802 
0.922636 -0.0990804 0.372727 113.11 0.0944388 0.995056 0.0307405 -0.300965 -0.37393 0.00683759 0.927432 47.1706 
0.922496 -0.100653 0.372652 113.467 0.0954859 0.994905 0.0323499 -0.357561 -0.37401 0.0057404 0.927407 48.055 
0.922509 -0.0982704 0.373256 113.811 0.0929589 0.995147 0.0322517 -0.372551 -0.374614 0.00494498 0.927168 48.9099 
0.92168 -0.101041 0.374563 114.176 0.0949477 0.994876 0.0347382 -0.430063 -0.376154 0.00354637 0.92655 49.8194 
0.921245 -0.104179 0.374773 114.471 0.0975701 0.994555 0.0366232 -0.508744 -0.376547 0.00282763 0.926393 50.5586 
0.920725 -0.102626 0.376475 114.819 0.095309 0.99472 0.0380663 -0.550882 -0.378393 0.000832805 0.925644 51.4422 
0.920977 -0.0993566 0.376735 115.164 0.0926384 0.99505 0.035959 -0.582852 -0.378443 0.00178275 0.925623 52.3562 
0.920799 -0.10154 0.376589 115.557 0.0944624 0.994831 0.037268 -0.630941 -0.378427 0.00125721 0.92563 53.3095 
0.920425 -0.10122 0.377588 115.91 0.0932188 0.994863 0.0394575 -0.631538 -0.379642 -0.0011194 0.925133 54.1882 
0.920155 -0.09942 0.378722 116.295 0.0917704 0.995045 0.0382455 -0.643025 -0.380648 -0.000436361 0.92472 55.1222 
0.919864 -0.100248 0.379211 116.665 0.0938449 0.994958 0.0353827 -0.672407 -0.380846 0.00303976 0.924633 56.0081 
0.919689 -0.0988353 0.380004 117.073 0.0918417 0.995103 0.0365403 -0.713758 -0.381755 0.00129449 0.924263 56.9756 
0.919453 -0.0986916 0.380613 117.465 0.0915821 0.995118 0.0367941 -0.721547 -0.382386 0.00102687 0.924002 57.8984 
0.919393 -0.0971232 0.381162 117.816 0.090288 0.995271 0.0358214 -0.795902 -0.382839 0.00148042 0.923814 58.6724 
0.918887 -0.0978772 0.382188 118.134 0.0913783 0.995195 0.0351676 -0.844755 -0.383794 0.00260862 0.923415 59.4957 
0.91895 -0.0976033 0.382106 118.494 0.0903831 0.995225 0.0368478 -0.867918 -0.383878 0.00067467 0.923384 60.3866 
0.918906 -0.0982413 0.382048 118.869 0.0905574 0.995163 0.0380906 -0.891562 -0.383942 -0.000404353 0.923357 61.295 
0.919465 -0.0963316 0.381189 119.238 0.0893381 0.995349 0.0360461 -0.899793 -0.382889 0.000911631 0.923794 62.2093 
0.919963 -0.0958753 0.380099 119.617 0.0891535 0.995392 0.0352951 -0.90074 -0.381731 0.00141692 0.924272 63.1151 
0.92075 -0.0965221 0.378025 119.988 0.0892824 0.995331 0.0366766 -0.94527 -0.3798 -1.90089e-05 0.925069 63.9822 
0.92114 -0.0978829 0.376722 120.334 0.0912936 0.995196 0.0353535 -0.992846 -0.378373 0.00182673 0.925652 64.8389 
0.922019 -0.0980493 0.374523 120.744 0.0917199 0.995179 0.0347351 -1.02148 -0.376123 0.00232479 0.926567 65.8054 
0.922024 -0.0991591 0.374219 121.096 0.0921665 0.995071 0.0365848 -1.05848 -0.376002 0.000758393 0.926618 66.7291 
0.921996 -0.0968518 0.37489 121.444 0.0890911 0.995297 0.0380238 -1.08735 -0.376809 -0.00165849 0.926289 67.6588 
0.922067 -0.0971393 0.374642 121.72 0.0887845 0.995266 0.0395422 -1.14426 -0.37671 -0.00319805 0.926326 68.43 
0.922029 -0.0989372 0.374265 122.065 0.0907931 0.995091 0.0393778 -1.15517 -0.376324 -0.00232675 0.926485 69.2431 
0.922166 -0.0992563 0.373843 122.438 0.0912543 0.99506 0.0390921 -1.16465 -0.375876 -0.0019346 0.926668 70.1199 
0.921888 -0.101218 0.374002 122.812 0.0935013 0.994864 0.0387719 -1.22705 -0.376005 -0.000773702 0.926617 71.0109 
0.921894 -0.100877 0.37408 123.125 0.0941336 0.994897 0.0363053 -1.24301 -0.375833 0.00174378 0.926686 71.7732 
0.92166 -0.101041 0.37461 123.462 0.0944712 0.99488 0.0359133 -1.26647 -0.376321 0.00229004 0.926487 72.6105 
0.921487 -0.102368 0.374677 123.801 0.0962096 0.99474 0.0351605 -1.2983 -0.376305 0.00364757 0.926488 73.4881 
0.921317 -0.102373 0.375092 124.098 0.0957618 0.994743 0.0362777 -1.33231 -0.376834 0.00249621 0.926277 74.2313 
0.921257 -0.102808 0.375121 124.414 0.0962072 0.994698 0.0363389 -1.36377 -0.376868 0.00261191 0.926263 75.0372 
0.921047 -0.104324 0.375219 124.707 0.0968681 0.994543 0.0387359 -1.40993 -0.377212 0.000669182 0.926127 75.8147 
0.921102 -0.105145 0.374853 125.023 0.0975928 0.994457 0.0391331 -1.42806 -0.37689 0.000537321 0.926258 76.589 
0.921262 -0.106096 0.374192 125.383 0.0985236 0.994356 0.0393672 -1.44777 -0.376257 0.000599219 0.926515 77.4291 
0.921171 -0.10604 0.374431 125.664 0.0987344 0.994361 0.038701 -1.46395 -0.376424 0.00131896 0.926447 78.1297 
0.920976 -0.106434 0.3748 125.932 0.0990311 0.994319 0.0390174 -1.5269 -0.376823 0.00118269 0.926284 78.8462 
0.920904 -0.106632 0.374922 126.245 0.099955 0.994294 0.0372733 -1.53122 -0.376757 0.00315015 0.926307 79.6169 
0.920895 -0.107476 0.374701 126.534 0.101075 0.9942 0.0367585 -1.55246 -0.376478 0.00402215 0.926417 80.3386 
0.920962 -0.108626 0.374206 126.834 0.101797 0.994078 0.0380293 -1.57724 -0.376121 0.00306965 0.926566 81.0508 
0.921304 -0.108905 0.373281 127.124 0.101452 0.994051 0.0396189 -1.61002 -0.375375 0.00136906 0.926872 81.7714 
0.921398 -0.109952 0.372742 127.446 0.103089 0.993932 0.0383616 -1.61926 -0.374698 0.00307928 0.927142 82.5638 
0.921729 -0.108375 0.372384 127.732 0.101776 0.994104 0.0373973 -1.64385 -0.374241 0.00342959 0.927325 83.2822 
0.921775 -0.10685 0.372712 128.008 0.100523 0.994268 0.0364291 -1.67682 -0.374468 0.0038869 0.927232 84.0012 
0.922128 -0.10778 0.371568 128.327 0.102002 0.99416 0.0352321 -1.69697 -0.373196 0.00541229 0.927737 84.7871 
0.922341 -0.106311 0.371463 128.58 0.100592 0.994319 0.0348008 -1.73813 -0.373053 0.00526798 0.927795 85.4761 
0.92254 -0.106423 0.370937 128.885 0.101166 0.9943 0.0336641 -1.75602 -0.372406 0.00646978 0.928048 86.2508 
0.922694 -0.106935 0.370406 129.172 0.100519 0.99426 0.0366443 -1.7864 -0.372198 0.00342137 0.928147 87.0032 
0.922775 -0.107577 0.370019 129.474 0.100915 0.994193 0.03738 -1.8001 -0.371892 0.00284706 0.928272 87.7839 
0.923407 -0.105612 0.369007 129.767 0.099227 0.994403 0.0362965 -1.82061 -0.370775 0.00309897 0.928718 88.5519 
0.923772 -0.105882 0.368014 130.058 0.0995433 0.994374 0.0362228 -1.8439 -0.369779 0.00317177 0.929114 89.3088 
0.924142 -0.105027 0.367329 130.362 0.0989257 0.994463 0.0354554 -1.86066 -0.369019 0.00357247 0.929415 90.1156 
0.924292 -0.105483 0.366821 130.658 0.099177 0.994416 0.0360547 -1.88557 -0.368576 0.00305522 0.929592 90.8759 
0.924488 -0.10722 0.365821 130.95 0.101151 0.994228 0.0357777 -1.9251 -0.367546 0.00392708 0.929997 91.6127 
0.924646 -0.109357 0.364788 131.25 0.103105 0.993996 0.0366382 -1.95923 -0.366604 0.00373393 0.93037 92.3541 
0.924767 -0.110957 0.363998 131.547 0.10464 0.993818 0.0370977 -1.97762 -0.365864 0.00378214 0.930661 93.1314 
0.92499 -0.111801 0.363172 131.841 0.104476 0.99373 0.0398159 -2.01234 -0.365346 0.00111354 0.930871 93.8819 
0.924852 -0.110992 0.363771 132.128 0.103449 0.993821 0.0402209 -2.02149 -0.365987 0.000433172 0.93062 94.6459 
0.924487 -0.110545 0.364832 132.414 0.102366 0.99387 0.0417512 -2.04564 -0.367211 -0.00125217 0.930137 95.3871 
0.924454 -0.110558 0.364912 132.707 0.100393 0.993848 0.0467746 -2.07054 -0.367838 -0.00660625 0.929866 96.1392 
0.924332 -0.111105 0.365056 132.986 0.0996621 0.993759 0.0501031 -2.08399 -0.368345 -0.00992962 0.929636 96.8566 
0.92399 -0.115526 0.36455 133.286 0.100389 0.993121 0.0602747 -2.09731 -0.369005 -0.0190963 0.929231 97.5947 
0.924112 -0.117643 0.363561 133.546 0.0938117 0.992158 0.082593 -2.09106 -0.370427 -0.0422189 0.927902 98.3699 
0.924006 -0.122367 0.362269 133.816 0.0930525 0.990889 0.0973615 -2.08252 -0.370882 -0.0562526 0.926975 99.0788 
0.924096 -0.122061 0.362142 134.086 0.0921957 0.990837 0.0987026 -2.08228 -0.370872 -0.0578228 0.926882 99.7839 
0.923601 -0.11725 0.364986 134.346 0.0917404 0.992016 0.0865306 -2.0683 -0.372217 -0.0464357 0.926983 100.461 
0.923169 -0.114483 0.366951 134.59 0.0918989 0.992669 0.0784992 -2.07248 -0.373248 -0.0387456 0.926922 101.127 
0.922945 -0.114156 0.367615 134.864 0.0911997 0.992671 0.0792855 -2.06319 -0.373972 -0.0396498 0.926592 101.86 
0.922939 -0.11424 0.367604 135.139 0.0919581 0.992732 0.0776313 -2.05797 -0.3738 -0.0378448 0.926737 102.548 
0.922978 -0.112897 0.36792 135.393 0.0895657 0.992767 0.0799436 -2.05884 -0.374285 -0.0408332 0.926414 103.234 
0.922851 -0.111622 0.368629 135.662 0.0878431 0.992858 0.0807269 -2.04617 -0.375007 -0.0421174 0.926065 103.951 
0.923098 -0.106401 0.369552 135.904 0.0825893 0.99339 0.0797161 -2.05106 -0.375592 -0.0430648 0.925784 104.592 
0.923432 -0.0994686 0.370646 136.143 0.0769333 0.994201 0.0751365 -2.04304 -0.37597 -0.0408685 0.92573 105.237 
0.923553 -0.099882 0.370235 136.402 0.0776456 0.994192 0.0745258 -2.04647 -0.375529 -0.0400813 0.925944 105.874 
0.923869 -0.0996945 0.369496 136.644 0.0776273 0.994221 0.0741575 -2.04062 -0.374754 -0.0398288 0.926269 106.477 
0.924495 -0.0940447 0.369412 136.874 0.0721307 0.99474 0.0727253 -2.0383 -0.374309 -0.0405882 0.926416 107.081 
0.92506 -0.0919774 0.368517 137.098 0.0695761 0.994854 0.0736521 -2.03364 -0.373395 -0.0424926 0.926699 107.675 
0.925584 -0.0933301 0.366856 137.345 0.0718487 0.994827 0.0718135 -2.01863 -0.371661 -0.0401113 0.927502 108.29 
0.92606 -0.094383 0.365382 137.585 0.0738712 0.994826 0.0697501 -2.01038 -0.370075 -0.0376015 0.928241 108.876 
0.926436 -0.0914361 0.365179 137.797 0.070529 0.995035 0.0702164 -1.997 -0.369786 -0.0392953 0.928286 109.435 
0.926893 -0.0910314 0.364118 138.008 0.0695834 0.995001 0.0716253 -1.99484 -0.368818 -0.0410524 0.928595 109.981 
0.927213 -0.0936693 0.362631 138.241 0.0717994 0.994718 0.0733561 -1.98048 -0.367587 -0.0419801 0.929041 110.562 
0.926829 -0.0996622 0.362017 138.464 0.0769947 0.994089 0.0765493 -1.97597 -0.367506 -0.0430747 0.929023 111.124 
0.926677 -0.103922 0.361207 138.684 0.080992 0.993651 0.0780959 -1.96712 -0.36703 -0.0431147 0.92921 111.68 
0.926415 -0.108268 0.360601 138.894 0.0851347 0.993194 0.0794818 -1.95208 -0.366753 -0.0429334 0.929327 112.197 
0.92631 -0.110372 0.360233 139.085 0.0876565 0.993025 0.0788517 -1.93966 -0.366424 -0.0414643 0.929524 112.675 
0.92628 -0.11239 0.359687 139.262 0.0899035 0.992836 0.078706 -1.93419 -0.365956 -0.0405666 0.929748 113.131 
0.925691 -0.117682 0.359509 139.43 0.0960577 0.992354 0.0775007 -1.93244 -0.36588 -0.0372082 0.929918 113.537 
0.924983 -0.119818 0.360624 139.585 0.0992798 0.992227 0.0750208 -1.93685 -0.36681 -0.0335903 0.929689 113.92 
0.924929 -0.119283 0.360939 139.738 0.10066 0.992453 0.0700383 -1.93433 -0.36657 -0.0284484 0.929956 114.293 
0.925082 -0.116746 0.361377 139.861 0.098851 0.992798 0.0676856 -1.93153 -0.366676 -0.0268923 0.92996 114.626 
0.925186 -0.113666 0.362092 139.969 0.09646 0.993192 0.065312 -1.92633 -0.367051 -0.0254983 0.929851 114.917 
0.925299 -0.111674 0.362424 140.068 0.0958591 0.9935 0.0613921 -1.92765 -0.366924 -0.0220645 0.929989 115.181 
0.925302 -0.111351 0.362515 140.16 0.096472 0.993588 0.0589533 -1.9314 -0.366755 -0.0195771 0.930112 115.417 
0.924989 -0.112142 0.36307 140.245 0.0980934 0.993545 0.0569663 -1.93521 -0.367115 -0.0170783 0.930019 115.626 
0.925121 -0.111402 0.362961 140.318 0.0980109 0.993655 0.0551652 -1.93661 -0.366803 -0.0154604 0.93017 115.812 
0.925228 -0.1107 0.362903 140.38 0.0972285 0.993728 0.0552423 -1.93956 -0.366742 -0.0158273 0.930188 115.979 
0.925277 -0.109527 0.363135 140.439 0.0960093 0.993853 0.0551273 -1.93899 -0.366941 -0.0161437 0.930104 116.132 
0.925386 -0.109888 0.362746 140.491 0.0967415 0.993829 0.0542704 -1.9416 -0.366471 -0.0151285 0.930306 116.265 
0.925267 -0.109137 0.363276 140.538 0.0969232 0.993946 0.0517402 -1.94219 -0.366724 -0.0126637 0.930244 116.386 
0.924993 -0.109471 0.363874 140.585 0.098344 0.993944 0.0490303 -1.94466 -0.367038 -0.00956777 0.930157 116.501 
0.925212 -0.108297 0.363669 140.631 0.0973933 0.994076 0.0482473 -1.94629 -0.36674 -0.00922007 0.930278 116.623 
0.925475 -0.104708 0.364051 140.672 0.0932448 0.994438 0.0489761 -1.9434 -0.367154 -0.0113803 0.93009 116.754 
0.925936 -0.0966429 0.365106 140.707 0.0833726 0.995162 0.0519782 -1.94464 -0.368363 -0.0176886 0.929514 116.891 
0.927455 -0.0875192 0.363549 140.744 0.0708593 0.995743 0.0589407 -1.94236 -0.36716 -0.028904 0.929709 117.04 
0.9281 -0.098041 0.359191 140.808 0.0814189 0.994802 0.0611556 -1.94523 -0.36332 -0.0275135 0.931258 117.172 
0.924317 -0.121653 0.361715 140.894 0.110299 0.992539 0.0519583 -1.9529 -0.365338 -0.00812903 0.93084 117.275 
0.9207 -0.132867 0.366958 140.97 0.126229 0.991105 0.0421458 -1.9624 -0.369294 0.0075172 0.929282 117.387 
0.922913 -0.120229 0.365756 141 0.114624 0.992716 0.0370884 -1.97449 -0.367551 0.00769513 0.929972 117.517 
0.926309 -0.0978592 0.363833 141.014 0.0925179 0.995193 0.0321262 -1.98496 -0.365228 0.00390225 0.93091 117.655 
0.926848 -0.0855863 0.365552 141.043 0.0806603 0.996327 0.0287566 -1.99167 -0.366671 0.00283256 0.930346 117.787 
0.926609 -0.091197 0.364801 141.107 0.0872437 0.995812 0.0273417 -1.9943 -0.365767 0.00649158 0.930684 117.915 
0.925775 -0.0994236 0.364769 141.175 0.0961375 0.994996 0.0272075 -2.00003 -0.365649 0.00987997 0.9307 118.045 
0.925267 -0.0999059 0.365924 141.233 0.0969059 0.994938 0.0266074 -2.00131 -0.36673 0.0108413 0.930264 118.189 
0.925839 -0.0934901 0.366171 141.273 0.090404 0.995576 0.0256081 -2.01097 -0.366945 0.00939433 0.930195 118.337 
0.92586 -0.0895997 0.36709 141.329 0.0867698 0.995933 0.024241 -2.0134 -0.367769 0.00940856 0.92987 118.503 
0.925028 -0.0919091 0.368613 141.395 0.0894822 0.995706 0.023713 -2.01522 -0.36921 0.0110491 0.92928 118.666 
0.924119 -0.0953724 0.37001 141.465 0.0935505 0.995351 0.0229106 -2.01834 -0.370475 0.0134425 0.928745 118.827 
0.923752 -0.0924827 0.371656 141.53 0.0917297 0.995588 0.0197473 -2.01779 -0.371843 0.0158503 0.92816 118.996 
0.923684 -0.0798427 0.374744 141.582 0.0810564 0.99663 0.0125502 -2.0141 -0.374483 0.0187829 0.927044 119.178 
0.923966 -0.0681968 0.376345 141.635 0.0727523 0.997348 0.00211321 -2.00866 -0.375491 0.0254274 0.926477 119.356 
0.924835 -0.085307 0.37068 141.733 0.0895635 0.995965 0.00574977 -2.01609 -0.369674 0.0278818 0.928743 119.531 
0.921725 -0.10642 0.372957 141.852 0.108063 0.994006 0.0165641 -2.02742 -0.372485 0.0250353 0.927701 119.724 
0.919999 -0.11262 0.375392 141.938 0.110886 0.993485 0.0262951 -2.04781 -0.375908 0.0174343 0.926493 119.917 
0.922548 -0.10068 0.372517 141.993 0.0963301 0.994887 0.0303239 -2.06817 -0.373665 0.0079094 0.92753 120.113 
0.922539 -0.0884692 0.375627 142.051 0.0835892 0.996069 0.0293035 -2.07123 -0.376743 0.00436477 0.926308 120.316 
0.9216 -0.0922983 0.377008 142.141 0.0888456 0.995691 0.0265791 -2.07403 -0.377837 0.00900022 0.925828 120.517 
0.920567 -0.102554 0.376881 142.249 0.0999788 0.994638 0.0264464 -2.07938 -0.377572 0.0133344 0.925884 120.733 
0.919118 -0.106542 0.379303 142.36 0.104115 0.994199 0.0269727 -2.09007 -0.379977 0.0146999 0.924879 120.987 
0.919383 -0.101435 0.380061 142.463 0.0986314 0.99476 0.0268988 -2.10354 -0.380799 0.0127557 0.92457 121.257 
0.91959 -0.0969232 0.380735 142.572 0.0924321 0.995264 0.0301114 -2.11754 -0.38185 0.00750199 0.924194 121.549 
0.918858 -0.100368 0.38161 142.705 0.094341 0.994941 0.0345235 -2.12898 -0.383144 0.00427923 0.923679 121.856 
0.917729 -0.107423 0.382404 142.87 0.101643 0.994193 0.0353503 -2.13693 -0.383981 0.00642666 0.923319 122.211 
0.916356 -0.111948 0.384395 143.025 0.10735 0.993658 0.0334746 -2.14533 -0.385704 0.0105901 0.922562 122.566 
0.915326 -0.112944 0.386552 143.18 0.108706 0.99353 0.0328856 -2.16515 -0.387765 0.0119194 0.921681 122.926 
0.914184 -0.114247 0.388864 143.347 0.109106 0.993401 0.0353613 -2.17311 -0.390338 0.0101005 0.920616 123.299 
0.911749 -0.113605 0.394725 143.502 0.10792 0.993484 0.0366549 -2.18185 -0.396317 0.00917846 0.918068 123.667 
0.908695 -0.112735 0.40195 143.669 0.108557 0.993534 0.0332402 -2.19359 -0.403098 0.0134294 0.915058 124.02 
0.904414 -0.10963 0.412331 143.832 0.106796 0.993829 0.0299901 -2.20692 -0.413074 0.0169118 0.91054 124.372 
0.898355 -0.112261 0.424683 144.009 0.108977 0.993526 0.0321048 -2.22158 -0.425538 0.0174393 0.904773 124.712 
0.889174 -0.120143 0.441514 144.209 0.116214 0.99257 0.0360474 -2.22754 -0.442564 0.0192579 0.89653 125.051 
0.878046 -0.125039 0.461953 144.415 0.123625 0.991764 0.0334678 -2.23617 -0.462333 0.0277225 0.886273 125.366 
0.865042 -0.125276 0.485807 144.626 0.128223 0.991369 0.0273291 -2.25509 -0.485037 0.0386507 0.873639 125.677 
