1 0 0 0 0 1 0 0 0 0 1 0 
0.999987 0.001266 0.00486209 -0.00554613 -0.00125657 0.999997 -0.00194308 -0.0262295 -0.00486454 0.00193694 0.999986 0.291883 
0.99994 0.00260007 0.0106364 -0.00510937 -0.00254902 0.999985 -0.0048103 -0.039117 -0.0106488 0.0047829 0.999932 0.601169 
0.999832 0.00539249 0.0175428 -0.0075566 -0.00527118 0.999962 -0.00695367 -0.0578494 -0.0175796 0.00686003 0.999822 0.886991 
0.999647 0.00701373 0.025612 -0.0056644 -0.00676683 0.99993 -0.00971395 -0.0723495 -0.0256784 0.00953722 0.999625 1.16039 
0.999348 0.00743587 0.0353426 0.00507751 -0.007078 0.999923 -0.0102402 -0.0911397 -0.035416 0.00998336 0.999323 1.44398 
0.998843 0.00795273 0.047424 0.0224645 -0.00749179 0.999923 -0.00988933 -0.117644 -0.047499 0.0095226 0.998826 1.70438 
0.998104 0.00878288 0.0609178 0.0443335 -0.00831897 0.999934 -0.00786483 -0.14394 -0.0609829 0.00734314 0.998112 1.96435 
0.99702 0.00809601 0.0767171 0.0711265 -0.00764415 0.999952 -0.00618186 -0.165896 -0.0767635 0.005577 0.997034 2.21716 
0.995462 0.00976718 0.0946585 0.114132 -0.00924364 0.999939 -0.00596779 -0.185787 -0.0947111 0.00506571 0.995492 2.44906 
0.993076 0.0103736 0.117016 0.154437 -0.00964677 0.999931 -0.00677593 -0.199504 -0.117078 0.00560019 0.993107 2.70131 
0.98961 0.0113 0.14333 0.205184 -0.0102472 0.999915 -0.0080811 -0.215389 -0.143409 0.0065284 0.989642 2.93618 
0.984626 0.0120943 0.174258 0.267725 -0.0102765 0.999883 -0.0113303 -0.223981 -0.174375 0.00936534 0.984635 3.17721 
0.977553 0.0119688 0.210349 0.328033 -0.0102535 0.999905 -0.00924335 -0.25843 -0.21044 0.00687906 0.977583 3.38186 
0.968168 0.0107681 0.250071 0.418248 -0.0101818 0.999942 -0.00363798 -0.28305 -0.250095 0.000976006 0.968221 3.61037 
0.956486 0.00875226 0.291648 0.515801 -0.00946183 0.999955 0.00102261 -0.305015 -0.291626 -0.00373763 0.956525 3.80899 
0.941588 0.00607552 0.336712 0.626673 -0.0074346 0.999969 0.00274716 -0.323851 -0.336685 -0.00509001 0.941604 4.01705 
0.922444 0.0045131 0.386105 0.759199 -0.005305 0.999985 0.000985548 -0.334858 -0.386095 -0.0029574 0.922454 4.21859 
0.898394 0.000709027 0.439189 0.9141 -0.00116938 0.999999 0.000777651 -0.344019 -0.439188 -0.00121222 0.898394 4.42913 
0.869776 -0.00561503 0.493415 1.10028 0.0038 0.999982 0.00468121 -0.351093 -0.493432 -0.00219663 0.869781 4.64354 
0.836236 -0.0107073 0.548266 1.27695 0.00641772 0.999932 0.00973948 -0.369695 -0.548333 -0.00462589 0.836248 4.83109 
0.798716 -0.00952269 0.601633 1.48304 0.00504207 0.999946 0.00913346 -0.379112 -0.601687 -0.00426156 0.79872 5.02813 
0.756803 -0.00924617 0.653577 1.71487 0.00359398 0.999944 0.00998461 -0.38038 -0.653633 -0.00520744 0.756794 5.22002 
0.710546 -0.0124106 0.703541 1.96256 0.00287451 0.999887 0.0147351 -0.37807 -0.703644 -0.00844765 0.710502 5.3984 
0.660906 -0.0160098 0.750298 2.21054 0.00524568 0.999847 0.016714 -0.377557 -0.75045 -0.00711055 0.660889 5.54709 
0.606982 -0.017736 0.794518 2.48185 0.00894524 0.99984 0.0154855 -0.37753 -0.794666 -0.00229228 0.607043 5.69181 
0.549726 -0.0191013 0.835127 2.78645 0.0108388 0.999817 0.0157335 -0.378213 -0.835275 0.000402609 0.549833 5.83073 
0.488835 -0.0210955 0.872121 3.10146 0.00889511 0.999776 0.0191975 -0.385784 -0.872331 -0.00162678 0.488913 5.95836 
0.426369 -0.0217734 0.904287 3.43633 0.00567003 0.999755 0.0213987 -0.383256 -0.904532 -0.00399641 0.426388 6.06349 
0.361619 -0.0255686 0.931975 3.75665 0.00345993 0.999654 0.0260829 -0.397162 -0.932319 -0.0062075 0.361582 6.14486 
0.296825 -0.0330581 0.95436 4.1246 0.0045868 0.999438 0.033193 -0.405328 -0.954921 -0.00547507 0.29681 6.20843 
0.22932 -0.035526 0.972703 4.48547 -0.000266848 0.999331 0.0365614 -0.413667 -0.973351 -0.00864384 0.229157 6.26291 
0.166522 -0.0378784 0.98531 4.85384 -0.00649567 0.999198 0.0395101 -0.44175 -0.986016 -0.0129796 0.166143 6.26378 
0.105067 -0.0406625 0.993633 5.25919 -0.0168495 0.998947 0.0426617 -0.453252 -0.994322 -0.0212245 0.104271 6.28148 
0.0414047 -0.0307015 0.998671 5.66195 -0.00796891 0.999486 0.0310569 -0.458209 -0.999111 -0.00924422 0.0411387 6.24341 
-0.0194892 -0.0220904 0.999566 6.07727 0.000268343 0.999756 0.0220998 -0.48033 -0.99981 0.000698934 -0.0194785 6.19454 
-0.0746562 -0.0198284 0.997012 6.50233 0.00288842 0.999794 0.0201 -0.480969 -0.997205 0.00438038 -0.0745835 6.1456 
-0.12413 -0.0256756 0.991934 6.98133 -0.00565085 0.999667 0.0251687 -0.47834 -0.99225 -0.00248108 -0.124234 6.08257 
-0.165125 -0.0421179 0.985373 7.46281 -0.000661309 0.999092 0.0425935 -0.47913 -0.986272 0.00638162 -0.165003 5.97249 
-0.200602 -0.0498429 0.978404 7.94337 0.00402416 0.998655 0.0516996 -0.47793 -0.979665 0.0143083 -0.200131 5.85408 
-0.232261 -0.0434383 0.971683 8.44065 0.00425495 0.998947 0.0456742 -0.474867 -0.972644 0.0147428 -0.231832 5.72875 
-0.256639 -0.0359975 0.965837 8.9532 0.000613651 0.9993 0.0374078 -0.44434 -0.966507 0.010193 -0.256437 5.57317 
-0.275747 -0.0393194 0.960426 9.4517 -0.000954755 0.999174 0.0406316 -0.452486 -0.96123 0.0102871 -0.275557 5.42242 
-0.292846 -0.0421573 0.95523 10.0144 -0.00179137 0.99905 0.043542 -0.457397 -0.956158 0.0110399 -0.292643 5.24518 
-0.307864 -0.0423371 0.950488 10.6029 -0.00368387 0.999055 0.0433071 -0.434029 -0.951423 0.00983122 -0.307729 5.03991 
-0.322231 -0.0433329 0.945669 11.1314 -0.00384847 0.999004 0.0444654 -0.436995 -0.946653 0.0106888 -0.322077 4.85846 
-0.335836 -0.0460402 0.940794 11.6753 -0.00516686 0.99888 0.0470384 -0.438624 -0.941906 0.0109362 -0.335698 4.68102 
-0.349266 -0.0508657 0.935642 12.1913 -0.0068553 0.998638 0.0517314 -0.431588 -0.936999 0.0116539 -0.349139 4.54208 
-0.361456 -0.0529225 0.930886 12.7947 -0.0099079 0.998549 0.0529221 -0.426427 -0.932337 0.00990588 -0.361456 4.3398 
-0.373434 -0.0536817 0.926102 13.3218 -0.0139262 0.998536 0.0522648 -0.422206 -0.927552 0.00662037 -0.373635 4.15707 
-0.38411 -0.0525424 0.921791 13.8789 -0.0149521 0.998602 0.0506901 -0.424663 -0.923166 0.00568789 -0.384358 3.93756 
-0.392269 -0.0497251 0.918506 14.5116 -0.0144946 0.998748 0.0478789 -0.411952 -0.919736 0.00546802 -0.392499 3.65454 
-0.39936 -0.0478198 0.915546 15.1592 -0.0151155 0.998846 0.0455772 -0.386963 -0.91667 0.00436277 -0.399622 3.3558 
-0.407101 -0.0520047 0.911902 15.7605 -0.0175111 0.998639 0.0491337 -0.36934 -0.913215 0.00403396 -0.407457 3.09179 
-0.413919 -0.0542359 0.908696 16.3342 -0.0208091 0.998526 0.0501187 -0.363127 -0.910076 0.00183598 -0.414438 2.84046 
-0.418788 -0.0506141 0.906673 16.9228 -0.022239 0.998718 0.0454803 -0.356423 -0.907812 -0.00111692 -0.419376 2.58346 
-0.422448 -0.0495617 0.905031 17.5627 -0.0217797 0.998771 0.0445288 -0.359644 -0.906126 -0.000900275 -0.423008 2.31295 
-0.423818 -0.0511641 0.904301 18.2054 -0.022194 0.99869 0.0461028 -0.365203 -0.905476 -0.000530871 -0.424398 2.02774 
-0.424612 -0.0549948 0.903704 18.7762 -0.0218171 0.998485 0.0505118 -0.399233 -0.905113 0.00173165 -0.425168 1.79782 
-0.421624 -0.0574926 0.904946 19.2186 -0.024976 0.998346 0.0517898 -0.413017 -0.906427 -0.000766095 -0.422362 1.5715 
-0.418512 -0.0566896 0.90644 19.7982 -0.0258542 0.998389 0.050503 -0.401325 -0.907843 -0.00229912 -0.419304 1.31278 
-0.415001 -0.0573792 0.90801 20.2693 -0.0248453 0.998352 0.0517328 -0.428928 -0.909482 -0.00109057 -0.415743 1.07382 
-0.411036 -0.0582425 0.909757 20.7495 -0.0222743 0.998301 0.0538473 -0.428021 -0.911347 0.001869 -0.411635 0.834268 
-0.408306 -0.0555531 0.911153 21.1919 -0.0111845 0.998376 0.0558591 -0.422378 -0.912777 0.0126168 -0.408264 0.638862 
-0.406296 -0.0491404 0.912419 21.5988 0.00419251 0.998442 0.0556402 -0.470569 -0.913732 0.0264318 -0.405457 0.498293 
-0.405143 -0.0640961 0.912004 22.1908 -0.0172451 0.997898 0.0624719 -0.470311 -0.914091 0.00958249 -0.405396 0.275483 
-0.40343 -0.084653 0.911086 22.8356 -0.0477824 0.996302 0.0714127 -0.466257 -0.913762 -0.0147238 -0.405983 0.0514362 
-0.400329 -0.0784827 0.913005 23.355 -0.0320971 0.996915 0.071622 -0.471898 -0.915809 -0.00063246 -0.401613 -0.21683 
-0.401971 -0.0537706 0.914072 23.8062 -0.0344248 0.998456 0.0435959 -0.516409 -0.915005 -0.0139425 -0.403201 -0.424569 
-0.405771 -0.0509468 0.912554 24.4522 -0.0518223 0.998121 0.032681 -0.508754 -0.912504 -0.0340296 -0.407649 -0.67704 
-0.403823 -0.0712259 0.91206 25.1093 -0.0506367 0.997176 0.055453 -0.492655 -0.913435 -0.0237905 -0.40629 -0.950211 
-0.404756 -0.102895 0.908617 25.4832 -0.0441252 0.994689 0.0929857 -0.500391 -0.91336 -0.00245645 -0.407146 -1.0643 
-0.406601 -0.102247 0.907867 26.1857 -0.0423906 0.994759 0.0930474 -0.472557 -0.912622 -0.000651907 -0.408804 -1.36335 
-0.407732 -0.0822255 0.909392 26.6262 -0.0456764 0.996527 0.0696248 -0.461853 -0.911958 -0.0131495 -0.410072 -1.55344 
-0.40893 -0.0757482 0.909417 27.1194 -0.0510256 0.996888 0.0600897 -0.454309 -0.911138 -0.021831 -0.411522 -1.72316 
-0.408951 -0.0856768 0.908525 27.6436 -0.049557 0.996199 0.0716377 -0.446049 -0.91121 -0.0157274 -0.411643 -1.94819 
-0.408938 -0.0909846 0.908015 28.0662 -0.0475288 0.99579 0.0783745 -0.443126 -0.911324 -0.0111066 -0.411541 -2.14287 
-0.409376 -0.0877294 0.908138 28.5202 -0.0479723 0.996059 0.0745976 -0.440318 -0.911104 -0.013027 -0.411971 -2.42146 
-0.411952 -0.0835287 0.907369 29.0789 -0.0485316 0.996387 0.0696897 -0.422724 -0.909912 -0.0153272 -0.414518 -2.66339 
-0.414577 -0.0819404 0.906318 29.4775 -0.0484697 0.996512 0.0679235 -0.418537 -0.908722 -0.0157694 -0.417103 -2.83706 
-0.421626 -0.0834477 0.902922 29.8384 -0.0479038 0.996416 0.0697194 -0.47022 -0.905503 -0.0138578 -0.424113 -2.85815 
-0.426192 -0.0807847 0.901019 30.3033 -0.0448674 0.996667 0.0681376 -0.460539 -0.90352 -0.0113867 -0.428396 -3.04613 
-0.430111 -0.0810122 0.899134 30.7422 -0.0447918 0.996654 0.0683721 -0.445236 -0.901664 -0.0108663 -0.4323 -3.22515 
-0.434289 -0.085092 0.896746 31.2511 -0.0465539 0.996318 0.0719946 -0.456991 -0.89957 -0.0104806 -0.436651 -3.43302 
-0.436923 -0.0867719 0.895304 31.844 -0.0452425 0.996196 0.0744712 -0.449313 -0.89836 -0.00796763 -0.439187 -3.70149 
-0.439194 -0.086507 0.894218 32.197 -0.0450153 0.996222 0.0742657 -0.449186 -0.897264 -0.00763644 -0.441429 -3.862 
-0.441327 -0.0853496 0.893278 32.6212 -0.0443407 0.996325 0.0732887 -0.44841 -0.89625 -0.00726434 -0.443489 -4.05794 
-0.442472 -0.0850018 0.892745 33.0033 -0.0440119 0.996356 0.0730534 -0.42592 -0.895701 -0.00696724 -0.444601 -4.19586 
-0.440156 -0.0843104 0.893954 33.4269 -0.041554 0.996428 0.0735149 -0.410111 -0.896959 -0.00478929 -0.442088 -4.38944 
-0.436048 -0.0836958 0.896023 33.8388 -0.0397685 0.996485 0.0737265 -0.419413 -0.899044 -0.00348526 -0.437844 -4.55837 
-0.43178 -0.0845813 0.898005 34.197 -0.0405686 0.996407 0.0743434 -0.423364 -0.901066 -0.00433083 -0.43366 -4.69595 
-0.428507 -0.084632 0.899566 34.5991 -0.0425051 0.996389 0.0734939 -0.37162 -0.902538 -0.00674351 -0.430557 -4.80163 
-0.423526 -0.0850219 0.901885 35.1671 -0.0429095 0.996351 0.073777 -0.356353 -0.904867 -0.00745288 -0.425629 -5.04191 
-0.417631 -0.0843593 0.904692 35.7573 -0.0415131 0.996412 0.0737483 -0.353491 -0.907668 -0.00675706 -0.419634 -5.29218 
-0.412484 -0.0821897 0.907249 36.1913 -0.0416064 0.996582 0.0713661 -0.330116 -0.910014 -0.00830998 -0.414494 -5.44183 
-0.404685 -0.0812023 0.910844 36.785 -0.0414585 0.996655 0.0704325 -0.318401 -0.913516 -0.00925928 -0.406697 -5.70178 
-0.397027 -0.0802906 0.914288 37.3157 -0.0403588 0.99673 0.0700047 -0.31428 -0.916919 -0.00910587 -0.398969 -5.91352 
-0.391215 -0.0804911 0.916773 37.8255 -0.0428673 0.99668 0.0692141 -0.273688 -0.919301 -0.012222 -0.393366 -6.08879 
-0.383719 -0.0789972 0.920065 38.4157 -0.0414739 0.996803 0.0682891 -0.262696 -0.922518 -0.0119549 -0.385769 -6.32816 
-0.378176 -0.0781814 0.922426 38.9546 -0.0433211 0.99683 0.0667269 -0.24246 -0.92472 -0.014726 -0.380364 -6.5071 
-0.37124 -0.0800456 0.92508 39.4984 -0.0484053 0.996591 0.066808 -0.211794 -0.927274 -0.019977 -0.373849 -6.69765 
-0.363939 -0.0809868 0.927895 40.0614 -0.051426 0.99644 0.0667991 -0.177585 -0.930002 -0.0234072 -0.366808 -6.90117 
-0.356446 -0.0821828 0.930694 40.4627 -0.0558559 0.996217 0.0665764 -0.155618 -0.932645 -0.0282538 -0.359688 -7.05232 
-0.350126 -0.0799964 0.933281 40.8645 -0.0554186 0.99637 0.0646135 -0.189814 -0.935062 -0.0290983 -0.353288 -7.14831 
-0.340912 -0.076906 0.936944 41.458 -0.0549096 0.996576 0.0618215 -0.166694 -0.93849 -0.0303716 -0.343967 -7.34051 
-0.330654 -0.079036 0.940437 42.0551 -0.0590543 0.996267 0.0629648 -0.155757 -0.941903 -0.0347172 -0.334087 -7.50933 
-0.321653 -0.0820203 0.943298 42.5224 -0.0629247 0.99589 0.0651367 -0.157099 -0.944764 -0.0384054 -0.325492 -7.58002 
-0.307234 -0.084904 0.947839 43.1497 -0.0641189 0.995596 0.0683983 -0.179876 -0.949471 -0.0397601 -0.311325 -7.74916 
-0.290542 -0.0812529 0.953406 43.8295 -0.0633715 0.995834 0.065557 -0.146645 -0.954762 -0.0413717 -0.294481 -7.93718 
-0.271634 -0.0810917 0.958978 44.4043 -0.0663035 0.995653 0.0654122 -0.123252 -0.960114 -0.0458155 -0.27583 -8.06416 
-0.251345 -0.0821777 0.964403 45.024 -0.0659352 0.995528 0.0676457 -0.127477 -0.965649 -0.0465857 -0.255639 -8.19248 
-0.231746 -0.0791705 0.969549 45.6038 -0.0701659 0.995447 0.0645138 -0.0676285 -0.970242 -0.0530784 -0.236246 -8.2676 
-0.208696 -0.0751842 0.975086 46.2388 -0.0676165 0.995764 0.0623067 -0.0632591 -0.97564 -0.0529287 -0.212896 -8.37999 
-0.184498 -0.0727137 0.980139 46.7972 -0.0585993 0.996299 0.062882 -0.0676507 -0.981084 -0.0458339 -0.188076 -8.46113 
-0.160177 -0.0719376 0.984463 47.2771 -0.0546386 0.996458 0.0639241 -0.0384072 -0.985575 -0.0435505 -0.163541 -8.5019 
-0.135123 -0.0671148 0.988553 47.8712 -0.0536834 0.996734 0.0603324 -0.0278418 -0.989374 -0.0449167 -0.138284 -8.54575 
-0.10648 -0.0677405 0.992005 48.4288 -0.0498413 0.996786 0.0627172 -0.0298979 -0.993065 -0.0427647 -0.109514 -8.5985 
-0.0786039 -0.0688613 0.994525 49.1019 -0.0452996 0.996828 0.0654405 -0.00422998 -0.995876 -0.0399077 -0.0814739 -8.63081 
-0.052624 -0.0734115 0.995912 49.7265 -0.0444937 0.996476 0.0711021 -0.000500265 -0.997623 -0.0405702 -0.055705 -8.61796 
-0.0243538 -0.0685686 0.997349 50.3651 -0.046261 0.996654 0.0673912 0.020144 -0.998632 -0.0444971 -0.0274443 -8.6079 
0.00559478 -0.0611248 0.998114 50.999 -0.0469479 0.997013 0.0613205 0.0405672 -0.998882 -0.0472025 0.00270839 -8.58597 
0.034708 -0.0566632 0.99779 51.5081 -0.045736 0.997255 0.0582238 0.0516873 -0.99835 -0.0476557 0.0320212 -8.52899 
0.0637116 -0.0592419 0.996208 52.0329 -0.046586 0.996972 0.0622667 0.066478 -0.99688 -0.0503765 0.0607588 -8.44832 
0.0941599 -0.0643641 0.993474 52.5918 -0.0460671 0.996557 0.06893 0.0633626 -0.994491 -0.0522569 0.0908707 -8.36171 
0.124125 -0.0640314 0.990198 53.1393 -0.048411 0.996337 0.0704969 0.09942 -0.991085 -0.0566869 0.120571 -8.24749 
0.154413 -0.0637098 0.98595 53.7713 -0.0484679 0.996229 0.0719647 0.0908332 -0.986817 -0.0588992 0.150743 -8.10457 
0.184582 -0.0619815 0.980861 54.2918 -0.0507342 0.996078 0.0724904 0.0868106 -0.981507 -0.0631436 0.180713 -7.9713 
0.215126 -0.0612611 0.974663 54.8018 -0.0525254 0.99586 0.0741867 0.0696012 -0.975173 -0.067154 0.211017 -7.822 
0.243893 -0.0597619 0.967959 55.3356 -0.0516701 0.995881 0.0745049 0.101261 -0.968425 -0.0681857 0.2398 -7.61945 
0.273197 -0.060048 0.960082 55.8511 -0.0513749 0.995715 0.0768957 0.0992848 -0.960585 -0.0703318 0.268941 -7.4273 
0.302535 -0.0594043 0.951285 56.3568 -0.0508325 0.99563 0.0783396 0.115994 -0.951782 -0.0720567 0.298194 -7.223 
0.331625 -0.0579356 0.941631 56.8121 -0.0502436 0.995611 0.0789517 0.1276 -0.942073 -0.0734933 0.327258 -7.01202 
0.359945 -0.0594774 0.931076 57.2717 -0.0477722 0.995482 0.08206 0.11703 -0.93175 -0.0740166 0.355477 -6.76471 
0.391851 -0.0583316 0.918178 57.7587 -0.0453929 0.995547 0.0826192 0.14495 -0.918908 -0.0740532 0.387458 -6.54615 
0.421601 -0.0567361 0.905005 58.1975 -0.0453567 0.995472 0.0835372 0.165066 -0.905646 -0.0762674 0.417118 -6.29913 
0.451863 -0.0548269 0.890401 58.7087 -0.0455433 0.99539 0.084404 0.183942 -0.890924 -0.0786908 0.447283 -6.00268 
0.481562 -0.0537056 0.874765 59.2107 -0.0457915 0.995216 0.086309 0.191873 -0.875215 -0.08162 0.476799 -5.68065 
0.509807 -0.0516758 0.858735 59.6339 -0.0458179 0.995147 0.0870853 0.22553 -0.859068 -0.0837421 0.504965 -5.37264 
0.537283 -0.0511192 0.841852 60.06 -0.0448875 0.995014 0.0890674 0.233106 -0.842207 -0.085643 0.532309 -5.03458 
0.56587 -0.0510634 0.822912 60.5536 -0.0426431 0.994932 0.0910608 0.245639 -0.823391 -0.08662 0.560825 -4.66378 
0.59364 -0.049034 0.803236 60.981 -0.0402029 0.995088 0.0904581 0.254485 -0.803726 -0.0859919 0.588753 -4.3177 
0.621444 -0.0464495 0.782081 61.4223 -0.0382918 0.995247 0.0895367 0.283752 -0.782522 -0.0855893 0.616712 -3.95864 
0.646902 -0.0443726 0.761281 61.8472 -0.0393144 0.995037 0.0914051 0.303882 -0.761559 -0.0890594 0.641947 -3.54869 
0.672302 -0.0453088 0.738889 62.2232 -0.0361004 0.994931 0.0938565 0.308553 -0.739396 -0.0897741 0.667259 -3.17675 
0.697 -0.0440361 0.715718 62.6352 -0.0347774 0.994862 0.0950789 0.333433 -0.716228 -0.0911608 0.691887 -2.73893 
0.720357 -0.0434043 0.692244 63.0337 -0.0324706 0.994836 0.0961663 0.347194 -0.692843 -0.0917517 0.715227 -2.31164 
0.741387 -0.0380731 0.669997 63.4126 -0.0375792 0.994467 0.0980948 0.364309 -0.670025 -0.0979042 0.735854 -1.91925 
0.759981 -0.0369282 0.648895 63.7619 -0.0364563 0.994391 0.0992875 0.382713 -0.648922 -0.0991129 0.754372 -1.47959 
0.776746 -0.0366434 0.628747 64.0712 -0.0330523 0.994559 0.0987953 0.39799 -0.628946 -0.0975204 0.771308 -1.05853 
0.79192 -0.0354182 0.609597 64.323 -0.0311645 0.994671 0.0982768 0.412429 -0.609829 -0.0968251 0.786596 -0.676028 
0.806382 -0.0346531 0.59038 64.6104 -0.0307842 0.994469 0.100419 0.418556 -0.590594 -0.0991502 0.800855 -0.242343 
0.820022 -0.0355419 0.571227 64.8727 -0.0279244 0.994397 0.101958 0.422413 -0.57165 -0.0995592 0.814435 0.187848 
0.832048 -0.0343921 0.553636 65.1831 -0.025919 0.994575 0.100737 0.457915 -0.554097 -0.0981675 0.826644 0.693586 
0.842898 -0.029993 0.537236 65.5297 -0.0269915 0.994831 0.0978882 0.502392 -0.537396 -0.0970106 0.837732 1.27779 
0.85232 -0.0329148 0.521984 65.7324 -0.0213852 0.99499 0.0976601 0.509977 -0.522583 -0.0944004 0.847346 1.68541 
0.860856 -0.0309669 0.507906 65.9963 -0.0214472 0.995051 0.0970191 0.532282 -0.508397 -0.0944126 0.855931 2.14836 
0.868232 -0.0293388 0.49529 66.2603 -0.0214819 0.995091 0.096602 0.549571 -0.495693 -0.0945127 0.86334 2.63976 
0.874441 -0.0296744 0.484223 66.4892 -0.0205863 0.994959 0.0981498 0.56514 -0.484694 -0.0957946 0.869422 3.07395 
0.880165 -0.0293157 0.473761 66.7365 -0.0205996 0.994792 0.0998269 0.571336 -0.47422 -0.0976235 0.874977 3.53286 
0.884396 -0.0233678 0.466152 67.0144 -0.0258884 0.994752 0.0989823 0.601888 -0.466019 -0.0996074 0.87915 4.10693 
0.887784 -0.0162294 0.459975 67.2139 -0.031334 0.994928 0.095581 0.650149 -0.459193 -0.0992681 0.882773 4.50059 
0.88995 -0.0177871 0.455712 67.4157 -0.0316001 0.994433 0.100525 0.684589 -0.454963 -0.103863 0.884433 4.94035 
0.891292 -0.0194532 0.453012 67.6289 -0.0323159 0.993813 0.106257 0.683671 -0.452276 -0.109346 0.88515 5.39551 
0.892394 -0.020047 0.450811 67.8458 -0.032045 0.993675 0.107622 0.695603 -0.450117 -0.110487 0.886108 5.8378 
0.893768 -0.0225088 0.447964 68.0236 -0.0247747 0.994738 0.0994126 0.700603 -0.447844 -0.09995 0.888508 6.23518 
0.895474 -0.0219772 0.44457 68.2586 -0.014248 0.996853 0.0779782 0.68054 -0.444885 -0.0761617 0.892343 6.66556 
0.896962 -0.0114778 0.441958 68.4752 -0.0080767 0.999071 0.0423381 0.643608 -0.442033 -0.0415453 0.896036 7.06149 
0.897933 -0.00683022 0.44008 68.7136 -0.00931926 0.99936 0.0345254 0.64394 -0.440034 -0.0351027 0.897295 7.54138 
0.899937 -0.0197891 0.43557 68.9369 -0.00639816 0.998263 0.0585731 0.680632 -0.435972 -0.055499 0.898247 7.97803 
0.901203 -0.0475168 0.430785 69.1842 -6.70021e-05 0.993956 0.109776 0.684933 -0.433397 -0.0989598 0.895753 8.50245 
0.902673 -0.0523543 0.42713 69.4313 0.000893597 0.992798 0.119801 0.687795 -0.430326 -0.107759 0.896218 8.96598 
0.903512 -0.0412784 0.426571 69.6702 -8.04359e-05 0.995334 0.0964867 0.738886 -0.428564 -0.0872111 0.899293 9.47627 
0.904287 -0.032979 0.42565 69.9278 -0.00210273 0.996656 0.0816872 0.770841 -0.426921 -0.0747637 0.901193 10.038 
0.90441 -0.0358719 0.425154 70.1876 -0.00333027 0.995836 0.091107 0.800348 -0.426652 -0.0838139 0.900524 10.6349 
0.90414 -0.0430229 0.425065 70.3017 -0.000263305 0.99486 0.101255 0.817843 -0.427237 -0.0916604 0.899482 10.9911 
0.903831 -0.0422422 0.4258 70.5534 0.000476598 0.995214 0.0977202 0.837552 -0.42789 -0.0881196 0.899525 11.5566 
0.90353 -0.0436823 0.426293 70.7066 0.00396752 0.995601 0.0936102 0.823998 -0.428507 -0.0828883 0.899729 11.9925 
0.90374 -0.0421345 0.426003 70.9078 0.00185948 0.995521 0.0945189 0.865344 -0.428077 -0.0846284 0.899771 12.4469 
0.904155 -0.0404124 0.425288 71.1135 -0.000188611 0.995478 0.0949948 0.895856 -0.427204 -0.0859703 0.900059 12.931 
0.904757 -0.0362861 0.42438 71.3393 -0.00212793 0.995967 0.0896956 0.922861 -0.425923 -0.0820558 0.901031 13.4704 
0.905456 -0.0335188 0.423114 71.6174 -0.00242654 0.996452 0.0841311 0.943191 -0.424432 -0.0772038 0.902162 14.0197 
0.906162 -0.034456 0.421525 71.8338 -0.000951457 0.996507 0.0835011 0.962607 -0.42293 -0.0760666 0.902964 14.4978 
0.906637 -0.0350446 0.420454 72.1266 -0.00131914 0.996304 0.0858858 0.991966 -0.42191 -0.0784219 0.90324 15.1684 
0.907688 -0.0354837 0.418142 72.4013 -0.00174322 0.996091 0.0883127 1.00211 -0.419642 -0.0808893 0.904078 15.6963 
0.907933 -0.0377661 0.41741 72.6843 0.000460511 0.996021 0.0891156 1.03116 -0.419114 -0.0807188 0.904338 16.3348 
0.90823 -0.0356508 0.416951 72.9734 -0.00103472 0.99617 0.08743 1.05819 -0.418471 -0.079838 0.904714 16.9376 
0.907945 -0.0320246 0.417864 73.1698 -0.00386848 0.996393 0.0847678 1.09414 -0.419072 -0.078581 0.904546 17.4189 
0.907749 -0.0274546 0.418614 73.4647 -0.00768675 0.9966 0.0820299 1.11843 -0.419443 -0.0776803 0.904452 17.9841 
0.906795 -0.0266936 0.420726 73.6451 -0.00932666 0.996479 0.0833251 1.11359 -0.421469 -0.0794827 0.903353 18.3936 
0.905933 -0.0231985 0.422786 73.9233 -0.0143459 0.996243 0.0854044 1.14853 -0.423179 -0.0834359 0.902196 18.8782 
0.90452 -0.0230837 0.425807 74.2144 -0.0146437 0.996263 0.0851159 1.18676 -0.426181 -0.0832244 0.900802 19.5281 
0.903054 -0.023351 0.428891 74.4864 -0.0148278 0.996231 0.0854607 1.19967 -0.42927 -0.0835351 0.899305 20.1255 
0.902132 -0.0239912 0.430793 74.7452 -0.0145108 0.996201 0.0858666 1.21019 -0.431216 -0.0837141 0.898356 20.6607 
0.901538 -0.0264489 0.431891 75.0273 -0.0121565 0.996188 0.086382 1.21894 -0.432529 -0.0831269 0.89778 21.266 
0.900444 -0.0275752 0.434097 75.1616 -0.00982658 0.996444 0.0836805 1.21303 -0.434861 -0.0796153 0.896971 21.6995 
0.900876 -0.0237624 0.433426 75.3898 -0.0122482 0.996711 0.0801022 1.21379 -0.433904 -0.0774709 0.897622 22.1501 
0.90167 -0.0227166 0.431827 75.6557 -0.0132395 0.996701 0.0800766 1.21405 -0.432222 -0.0779198 0.898395 22.6594 
0.902432 -0.0248121 0.430117 75.9283 -0.012665 0.996381 0.0840507 1.21298 -0.430646 -0.0812975 0.898852 23.2297 
0.902887 -0.0252275 0.429137 76.1491 -0.0123577 0.996341 0.0845714 1.22702 -0.4297 -0.0816616 0.899271 23.7145 
0.903654 -0.0253436 0.427513 76.4365 -0.0114742 0.996456 0.0833249 1.21997 -0.42811 -0.0802023 0.900161 24.2648 
0.903525 -0.022727 0.427932 76.6241 -0.0126462 0.996744 0.0796368 1.25455 -0.428349 -0.0773655 0.900295 24.724 
0.90326 -0.022664 0.428494 76.8268 -0.0123545 0.996816 0.078767 1.27886 -0.428915 -0.076441 0.900105 25.2108 
0.902895 -0.022769 0.429259 77.057 -0.0116696 0.99693 0.0774253 1.28465 -0.429704 -0.0749161 0.899857 25.7582 
0.902772 -0.0217725 0.429569 77.3041 -0.0138164 0.996735 0.0795552 1.29564 -0.429898 -0.0777553 0.899523 26.2782 
0.902747 -0.0200972 0.429702 77.5833 -0.0162574 0.996601 0.0807658 1.31457 -0.429865 -0.0798969 0.899351 26.8181 
0.902235 -0.020014 0.43078 77.7998 -0.0164467 0.996599 0.0807483 1.33631 -0.430931 -0.0799389 0.898837 27.3001 
0.901689 -0.0169288 0.432054 78.026 -0.0192286 0.996675 0.0791817 1.34061 -0.431958 -0.079705 0.898365 27.8522 
0.901563 -0.0177506 0.432283 78.2899 -0.0189744 0.996574 0.0804946 1.34139 -0.432231 -0.0807733 0.898138 28.4023 
0.901216 -0.0176856 0.433009 78.5291 -0.0189834 0.996597 0.0802145 1.3535 -0.432954 -0.0805106 0.897813 28.9687 
0.901112 -0.0185359 0.433191 78.8097 -0.0167967 0.996844 0.0775942 1.38134 -0.433262 -0.0771972 0.897956 29.544 
0.901253 -0.0160284 0.432996 79.1218 -0.0182457 0.997025 0.0748846 1.42895 -0.432909 -0.0753903 0.89828 30.1293 
0.900898 -0.0142621 0.433796 79.3782 -0.0196558 0.997094 0.0736027 1.46813 -0.433585 -0.0748351 0.898 30.6954 
0.900715 -0.0133015 0.434206 79.6472 -0.0202619 0.997157 0.0725783 1.50975 -0.433937 -0.0741702 0.897885 31.251 
0.900369 -0.0113921 0.434979 79.9065 -0.0223036 0.997135 0.0722814 1.51681 -0.434556 -0.0747815 0.897535 31.8316 
0.899925 -0.0129249 0.435853 80.2049 -0.0205375 0.997195 0.0719757 1.53745 -0.435561 -0.0737241 0.897135 32.4482 
0.899668 -0.0145309 0.436333 80.4368 -0.0191615 0.997169 0.072717 1.53379 -0.436154 -0.0737819 0.896842 32.9647 
0.898974 -0.0103741 0.437878 80.7299 -0.0234573 0.997144 0.0717826 1.56727 -0.437372 -0.0748022 0.896164 33.6102 
0.898016 -0.00562038 0.439927 80.9133 -0.0276279 0.997225 0.0691366 1.59171 -0.439094 -0.0742401 0.895368 34.1259 
0.898233 -0.00790248 0.439449 81.2489 -0.0254165 0.997231 0.0698841 1.57776 -0.438784 -0.0739414 0.895545 34.7375 
0.897748 -0.00806254 0.440435 81.5633 -0.0265036 0.997033 0.0722745 1.60067 -0.439711 -0.0765574 0.894871 35.4057 
0.897039 -0.00604846 0.441911 81.876 -0.0284259 0.997046 0.0713487 1.61006 -0.441037 -0.0765642 0.894217 36.08 
0.896802 -0.00522412 0.442402 82.1371 -0.0275798 0.997325 0.0676846 1.63337 -0.441572 -0.072901 0.894259 36.6231 
0.896122 -0.00300259 0.443798 82.4241 -0.0299957 0.997281 0.0673148 1.64109 -0.442794 -0.0736343 0.893595 37.2603 
0.895198 -0.00274699 0.44566 82.6972 -0.0309135 0.99719 0.0682425 1.6525 -0.444595 -0.0748674 0.892597 37.8865 
0.894405 -0.00130432 0.447256 82.9218 -0.0318862 0.997265 0.0666731 1.65674 -0.44612 -0.073894 0.891917 38.4526 
0.89335 0.00310111 0.449351 83.1842 -0.0364168 0.997187 0.065518 1.67823 -0.447884 -0.0748944 0.890949 39.0378 
0.893305 0.00311654 0.449441 83.4719 -0.0370655 0.997081 0.066757 1.67584 -0.447921 -0.076293 0.890812 39.6372 
0.891968 0.0023001 0.452092 83.504 -0.0373797 0.996938 0.0686772 1.62993 -0.45055 -0.0781569 0.889323 39.9499 
0.891939 0.00479446 0.45213 83.7147 -0.0392613 0.996988 0.0668803 1.63088 -0.450448 -0.0774044 0.889441 40.4348 
0.892711 0.00445272 0.450607 84.0329 -0.0386822 0.997017 0.0667823 1.64615 -0.448966 -0.0770478 0.890221 41.0926 
0.893186 0.00537472 0.449654 84.3054 -0.0397721 0.996954 0.067086 1.65478 -0.447924 -0.077804 0.89068 41.6868 
0.893842 0.00431766 0.448362 84.5808 -0.0377729 0.997124 0.0657007 1.62904 -0.446789 -0.075662 0.891434 42.2617 
0.894276 0.00422452 0.447496 84.8534 -0.0377377 0.997106 0.066002 1.61465 -0.445922 -0.0759115 0.891847 42.852 
0.894267 0.00501919 0.447507 85.0896 -0.0389667 0.997013 0.0666861 1.62533 -0.445835 -0.077073 0.891791 43.3792 
0.894187 0.00756915 0.447629 85.319 -0.0421221 0.996844 0.0672874 1.63418 -0.445707 -0.0790226 0.891684 43.8819 
0.893989 0.00892291 0.448 85.501 -0.0442031 0.996681 0.0683566 1.62755 -0.445904 -0.080913 0.891416 44.2826 
0.893759 0.00991174 0.448437 85.7761 -0.0453827 0.996624 0.068422 1.6337 -0.446245 -0.0815041 0.891192 44.8577 
0.893398 0.0096204 0.449164 85.9852 -0.0453467 0.996596 0.0688502 1.62255 -0.446972 -0.0818787 0.890793 45.3346 
0.892779 0.0098643 0.450388 86.2085 -0.0451486 0.996686 0.0676663 1.6254 -0.448228 -0.0807454 0.890265 45.8716 
0.892512 0.00936017 0.450926 86.386 -0.0442828 0.996773 0.0669578 1.59581 -0.448844 -0.079729 0.890046 46.3101 
0.89213 0.00971822 0.451673 86.6608 -0.0442553 0.99684 0.0659636 1.59855 -0.449605 -0.0788371 0.889741 46.9068 
0.89192 0.00692487 0.452141 86.8273 -0.0410678 0.996991 0.0657431 1.57715 -0.450325 -0.077206 0.88952 47.324 
0.89152 0.0080594 0.452909 87.1056 -0.0422893 0.996956 0.065503 1.5936 -0.451002 -0.0775505 0.889147 47.921 
0.891126 0.00791405 0.453687 87.3227 -0.0426865 0.996876 0.066455 1.58683 -0.451743 -0.0785861 0.88868 48.4182 
0.890864 0.00785574 0.454203 87.5961 -0.0432656 0.996773 0.0676204 1.58922 -0.452206 -0.0798919 0.888328 49.0037 
0.890722 0.00774215 0.454483 87.8175 -0.0431936 0.996772 0.0676732 1.59576 -0.452492 -0.0799087 0.888181 49.4755 
0.890292 0.00757991 0.455327 88.0575 -0.0434636 0.996711 0.068391 1.59554 -0.453311 -0.0806781 0.887694 50.0044 
0.889972 0.00796068 0.455946 88.2825 -0.0439159 0.996697 0.0683184 1.58284 -0.453896 -0.0808247 0.887381 50.4977 
0.889603 0.0101368 0.456621 88.5755 -0.0454 0.996765 0.0663219 1.60624 -0.454472 -0.0797308 0.887186 51.1044 
0.889279 0.0112855 0.457226 88.8237 -0.0451577 0.996977 0.0632212 1.62733 -0.45513 -0.0768686 0.887101 51.6238 
0.888597 0.0115886 0.458542 88.9586 -0.045486 0.99698 0.0629497 1.61502 -0.456427 -0.0767942 0.88644 52.0105 
0.888472 0.0112973 0.458792 89.2727 -0.0457916 0.99689 0.0641302 1.62593 -0.456641 -0.0779867 0.886226 52.6466 
0.888161 0.00955375 0.459434 89.4041 -0.0453626 0.996723 0.0669669 1.59598 -0.457289 -0.0803184 0.885684 53.0088 
0.887969 0.0095644 0.459805 89.658 -0.0449221 0.996807 0.0660183 1.59906 -0.457705 -0.0792775 0.885563 53.5483 
0.887355 0.0127062 0.460911 89.8524 -0.0472282 0.996867 0.0634435 1.60516 -0.458661 -0.0780649 0.885176 54.0225 
0.887779 0.0121984 0.460109 90.0995 -0.0459425 0.997005 0.0622133 1.60904 -0.457972 -0.0763702 0.88568 54.4958 
0.888137 0.0141682 0.459359 90.3568 -0.0472726 0.997039 0.0606462 1.61864 -0.45714 -0.0755773 0.886178 54.9826 
0.888406 0.0156792 0.458791 90.6509 -0.0483977 0.997046 0.0596436 1.62102 -0.4565 -0.0751921 0.88654 55.575 
0.887464 0.0167606 0.460572 90.7696 -0.0490322 0.9971 0.0581937 1.62656 -0.458261 -0.0742277 0.885713 55.9826 
0.887666 0.01425 0.460266 90.9117 -0.0478985 0.996956 0.0615106 1.60602 -0.457989 -0.076647 0.885647 56.3288 
0.888088 0.0120835 0.459515 91.1078 -0.0469608 0.996809 0.0645471 1.55923 -0.457269 -0.0789027 0.885821 56.7406 
0.888428 0.0131357 0.458828 91.2653 -0.0481059 0.99675 0.0646115 1.54564 -0.456488 -0.079475 0.886173 57.1113 
0.888351 0.0126985 0.458989 91.4482 -0.0477301 0.996756 0.0648029 1.53029 -0.456677 -0.0794753 0.886076 57.5822 
0.88876 0.0117345 0.458222 91.6137 -0.0475216 0.996644 0.0666494 1.48982 -0.455902 -0.0810108 0.886335 57.9252 
0.889082 0.0081406 0.457676 91.7878 -0.0449773 0.996557 0.0696474 1.42899 -0.455534 -0.0825072 0.886387 58.3216 
0.889325 0.00906481 0.457185 91.9614 -0.0453339 0.996626 0.0684238 1.44467 -0.455022 -0.081577 0.886736 58.6912 
0.889564 0.00879284 0.456727 92.1731 -0.0450504 0.996629 0.0685573 1.44839 -0.454584 -0.0815618 0.886962 59.1403 
0.88993 0.00690249 0.456044 92.3594 -0.0430112 0.9967 0.068847 1.45637 -0.454064 -0.080884 0.88729 59.5361 
0.89005 0.00904457 0.455772 92.634 -0.0451737 0.996632 0.0684393 1.47807 -0.453618 -0.0815033 0.887461 60.0789 
0.889831 0.010195 0.456176 92.933 -0.0463332 0.996602 0.068106 1.49849 -0.453932 -0.081739 0.887279 60.6822 
0.889054 0.0114995 0.457657 93.1164 -0.0483501 0.996452 0.0688883 1.4921 -0.455241 -0.0833733 0.886456 61.0953 
0.88788 0.0137051 0.459872 93.308 -0.0521014 0.996121 0.0709064 1.52469 -0.457116 -0.0869163 0.88515 61.5369 
0.888082 0.0128848 0.459504 93.5781 -0.0526157 0.995887 0.0737649 1.52855 -0.456663 -0.0896864 0.885107 62.0477 
0.887314 0.00933894 0.461072 93.8626 -0.0536924 0.995088 0.0831735 1.54968 -0.45803 -0.098557 0.883456 62.634 
0.886696 0.00830595 0.462278 94.1319 -0.0625488 0.992802 0.102137 1.59585 -0.458102 -0.119479 0.880833 63.2051 
0.886177 0.00241398 0.463341 94.4065 -0.0635223 0.991177 0.116328 1.6265 -0.458972 -0.132519 0.878512 63.7753 
0.886621 0.00358616 0.462482 94.6938 -0.0640991 0.991272 0.115197 1.67121 -0.458033 -0.131781 0.879113 64.2952 
0.886201 0.00948776 0.463205 94.9707 -0.063605 0.992815 0.101353 1.71305 -0.458915 -0.119281 0.880437 64.8401 
0.886463 0.0152583 0.462548 95.2551 -0.0645665 0.993759 0.0909588 1.74855 -0.458273 -0.110497 0.881916 65.349 
0.886178 0.0154107 0.463088 95.5342 -0.0647668 0.993755 0.0908692 1.77513 -0.458796 -0.110519 0.881642 65.9167 
0.88601 0.017175 0.463348 95.773 -0.0653774 0.993958 0.0881709 1.77809 -0.459034 -0.108413 0.881779 66.4088 
0.885713 0.0196954 0.463816 96.0426 -0.0677921 0.993877 0.0872534 1.81552 -0.459257 -0.108724 0.881625 66.963 
0.885342 0.0218549 0.464426 96.2958 -0.0699422 0.993788 0.0865663 1.84364 -0.459649 -0.109124 0.881371 67.4799 
0.884535 0.0283835 0.465609 96.5373 -0.0760131 0.993576 0.0838366 1.86348 -0.460238 -0.109549 0.881011 68.0062 
0.883722 0.0357033 0.466649 96.7692 -0.0814378 0.993606 0.0782028 1.8789 -0.460873 -0.107112 0.880978 68.5115 
0.883571 0.0395555 0.466623 97.0287 -0.083474 0.993772 0.0738197 1.91133 -0.460797 -0.104176 0.88137 69.0323 
0.883818 0.0404619 0.466079 97.2838 -0.0837032 0.993854 0.0724452 1.92622 -0.460283 -0.103041 0.881772 69.544 
0.88338 0.0490727 0.466081 97.5202 -0.0915732 0.993407 0.0689681 1.95536 -0.459624 -0.103606 0.88205 70.0501 
0.883776 0.0515255 0.465064 97.7528 -0.0940676 0.993191 0.0687218 1.97349 -0.458356 -0.104482 0.882606 70.5172 
0.884674 0.0487637 0.463653 97.9788 -0.0906974 0.993515 0.0685644 1.96843 -0.457303 -0.102709 0.88336 70.9784 
0.884975 0.0482523 0.463131 98.217 -0.0888786 0.993834 0.0662893 1.98017 -0.457077 -0.0998268 0.883807 71.4546 
0.884506 0.05148 0.463679 98.4367 -0.0927691 0.993453 0.0666664 1.98959 -0.457212 -0.101982 0.883491 71.9246 
0.884264 0.0531232 0.463957 98.5793 -0.0953619 0.993115 0.0680401 1.97316 -0.457148 -0.104409 0.883241 72.2709 
0.884357 0.0507546 0.464044 98.7657 -0.0938682 0.993102 0.0702704 1.98028 -0.457276 -0.105703 0.883021 72.6684 
0.884296 0.0472162 0.464533 98.9685 -0.0911114 0.993199 0.0724909 1.99072 -0.457951 -0.106428 0.882584 73.085 
0.884262 0.0448832 0.464829 99.1785 -0.0887211 0.993388 0.0728574 2.00601 -0.458486 -0.105665 0.882398 73.4995 
0.88481 0.0435897 0.463908 99.3978 -0.0858313 0.993825 0.0703241 2.03788 -0.457978 -0.102041 0.883088 73.9156 
0.884593 0.0429901 0.464378 99.6058 -0.0848777 0.993953 0.0696676 2.05394 -0.458574 -0.101043 0.882893 74.3319 
0.884664 0.0420912 0.464326 99.7899 -0.083117 0.994201 0.0682355 2.06674 -0.458761 -0.0989589 0.883032 74.7015 
0.884386 0.041107 0.464942 99.9643 -0.0810768 0.994501 0.0662928 2.07456 -0.45966 -0.0963245 0.882856 75.052 
0.884531 0.0394157 0.464814 100.124 -0.0767881 0.995134 0.0617398 2.07433 -0.460119 -0.0903029 0.883253 75.357 
0.883473 0.0430982 0.466495 100.206 -0.078658 0.99527 0.0570165 2.06044 -0.461831 -0.0870661 0.882684 75.5964 
0.88279 0.0475894 0.467351 100.331 -0.0818988 0.995211 0.0533604 2.06825 -0.462573 -0.0853815 0.88246 75.8617 
0.882484 0.0515467 0.46751 100.45 -0.0845825 0.995164 0.0499352 2.07462 -0.462675 -0.0836101 0.882576 76.1021 
0.882138 0.0552247 0.467741 100.55 -0.0861079 0.995274 0.0448869 2.07559 -0.463052 -0.0798727 0.882725 76.3118 
0.882084 0.0570624 0.467624 100.647 -0.0860338 0.995456 0.0408148 2.08049 -0.46317 -0.0762335 0.882985 76.508 
0.881624 0.0588481 0.46827 100.731 -0.0862037 0.995583 0.0371816 2.08509 -0.464014 -0.0731468 0.882803 76.676 
0.881376 0.0608323 0.468481 100.805 -0.0869831 0.995617 0.0343647 2.08358 -0.464338 -0.0710382 0.882805 76.8331 
0.88105 0.06271 0.468848 100.87 -0.088498 0.995525 0.0331489 2.08701 -0.464671 -0.0706979 0.882657 76.9719 
0.880486 0.0648845 0.469611 100.925 -0.0905732 0.995366 0.0322917 2.08548 -0.46534 -0.0709666 0.882282 77.0936 
0.880492 0.0661962 0.469416 100.978 -0.0909144 0.995402 0.03016 2.08473 -0.465261 -0.0692323 0.882462 77.1969 
0.880318 0.0679008 0.4695 101.02 -0.0911667 0.99547 0.0269701 2.08279 -0.465542 -0.066545 0.882521 77.2856 
0.879841 0.0707301 0.469976 101.065 -0.0921603 0.995485 0.0227153 2.08709 -0.466248 -0.063299 0.882387 77.3819 
0.879358 0.0738478 0.4704 101.111 -0.094799 0.995276 0.0209679 2.08809 -0.46663 -0.0630317 0.882204 77.4826 
0.878641 0.0779057 0.471085 101.154 -0.0996177 0.994798 0.0212866 2.0885 -0.466976 -0.0656317 0.881831 77.5867 
0.877173 0.0862632 0.472362 101.195 -0.109786 0.993703 0.0224 2.09365 -0.467455 -0.0715072 0.88112 77.6969 
0.876106 0.0954776 0.472569 101.236 -0.123532 0.991928 0.0286097 2.10068 -0.466023 -0.0834425 0.880829 77.8242 
0.878997 0.0867807 0.468865 101.304 -0.113906 0.993046 0.029743 2.10325 -0.463023 -0.0795503 0.882769 77.9327 
0.880639 0.0664115 0.46911 101.393 -0.0855759 0.996138 0.0196253 2.08898 -0.465995 -0.0574273 0.882922 78.0196 
0.879761 0.0568859 0.472 101.468 -0.0689733 0.997584 0.00832964 2.07644 -0.470386 -0.0398835 0.881559 78.1072 
0.879923 0.0690043 0.470079 101.499 -0.0801749 0.996774 0.00375697 2.06388 -0.468303 -0.0409943 0.882617 78.2114 
0.878628 0.0928261 0.468397 101.509 -0.104236 0.994551 -0.00157102 2.05971 -0.46599 -0.0474433 0.883517 78.3225 
0.876506 0.106339 0.469498 101.537 -0.117458 0.993062 -0.00564244 2.04931 -0.466841 -0.0502006 0.882915 78.4096 
0.877314 0.102376 0.468871 101.598 -0.112024 0.993678 -0.0073535 2.0445 -0.46666 -0.0460737 0.883236 78.5096 
0.878115 0.0948197 0.46896 101.669 -0.10299 0.994648 -0.00826353 2.03685 -0.467234 -0.0410418 0.883181 78.6155 
0.87715 0.0951976 0.470685 101.716 -0.103023 0.994637 -0.00917877 2.02474 -0.469034 -0.0404402 0.882253 78.7166 
0.876375 0.102665 0.470559 101.765 -0.110424 0.993822 -0.0111739 2.01975 -0.468799 -0.0421686 0.882298 78.8368 
0.87523 0.108757 0.471321 101.817 -0.116108 0.993144 -0.0135575 2.01751 -0.469564 -0.0428584 0.881858 78.9603 
0.874845 0.107099 0.472414 101.889 -0.113631 0.993413 -0.0147852 2.00941 -0.470886 -0.0407459 0.881253 79.0914 
0.874617 0.105586 0.473177 101.961 -0.110718 0.993705 -0.0170874 2.00605 -0.472002 -0.0374445 0.880802 79.2149 
0.873434 0.109556 0.474459 102.018 -0.113152 0.993354 -0.0210713 2.00312 -0.473614 -0.0352814 0.880026 79.3414 
0.871184 0.121264 0.475744 102.075 -0.122369 0.992067 -0.0287879 2.00099 -0.475461 -0.0331367 0.879112 79.4815 
0.869355 0.133922 0.475697 102.131 -0.130872 0.990604 -0.0397089 2.00249 -0.476545 -0.0277344 0.878713 79.6225 
0.87384 0.119024 0.47142 102.224 -0.115659 0.992628 -0.0362299 1.99319 -0.472257 -0.0228648 0.881164 79.7593 
0.874157 0.0984288 0.475565 102.33 -0.0975744 0.994874 -0.0265557 1.97172 -0.475741 -0.0231891 0.87928 79.891 
0.872551 0.0917884 0.479822 102.406 -0.094997 0.995321 -0.0176508 1.93939 -0.479197 -0.0301804 0.877188 80.0262 
0.871951 0.104293 0.478355 102.467 -0.110402 0.993767 -0.0154229 1.93636 -0.476983 -0.0393635 0.878031 80.1927 
0.869183 0.115285 0.480864 102.524 -0.122076 0.992371 -0.0172577 1.92882 -0.479185 -0.0437018 0.876625 80.3373 
0.869251 0.112679 0.481358 102.613 -0.117017 0.992906 -0.021113 1.92235 -0.480322 -0.0379744 0.87627 80.4917 
0.870344 0.103921 0.481355 102.726 -0.106745 0.994052 -0.0216024 1.90958 -0.480737 -0.0325808 0.87626 80.6701 
0.869253 0.101239 0.48389 102.815 -0.103677 0.994372 -0.0217973 1.89095 -0.483373 -0.031221 0.874858 80.8326 
0.867988 0.10746 0.484819 102.92 -0.110317 0.993636 -0.0227342 1.87623 -0.484176 -0.0337507 0.874319 81.0506 
0.866743 0.112749 0.485844 103.025 -0.117321 0.99287 -0.0211127 1.85774 -0.48476 -0.0387004 0.873791 81.2509 
0.865625 0.110259 0.488401 103.143 -0.116514 0.993032 -0.0176765 1.83516 -0.486947 -0.0416043 0.87244 81.4854 
0.865421 0.104846 0.489953 103.29 -0.110419 0.993729 -0.0176131 1.81322 -0.488727 -0.0388575 0.871571 81.7428 
0.864841 0.101498 0.49168 103.428 -0.105185 0.994247 -0.0202274 1.78888 -0.490904 -0.034224 0.870541 81.9959 
0.8635 0.101798 0.493968 103.58 -0.104495 0.994277 -0.0222359 1.7646 -0.493404 -0.0324163 0.869196 82.2801 
0.861514 0.101964 0.497391 103.742 -0.105062 0.994226 -0.0218402 1.74922 -0.496746 -0.0334411 0.867252 82.5813 
0.858044 0.102606 0.503221 103.885 -0.106029 0.994122 -0.0219088 1.72654 -0.502511 -0.0345573 0.86388 82.8535 
0.853937 0.105008 0.509671 104.049 -0.105648 0.994015 -0.0277874 1.70671 -0.509539 -0.0301172 0.85992 83.1338 
