1 0 0 0 0 1 0 0 0 0 1 0 
0.999987 0.001266 0.00486209 -0.00554613 -0.00125657 0.999997 -0.00194308 -0.0262295 -0.00486454 0.00193694 0.999986 0.291883 
0.99994 0.00260007 0.0106364 -0.00510937 -0.00254902 0.999985 -0.0048103 -0.039117 -0.0106488 0.0047829 0.999932 0.601169 
0.999832 0.00539249 0.0175428 -0.0075566 -0.00527118 0.999962 -0.00695367 -0.0578494 -0.0175796 0.00686003 0.999822 0.886991 
0.999647 0.00701373 0.025612 -0.0056644 -0.00676683 0.99993 -0.00971395 -0.0723495 -0.0256784 0.00953722 0.999625 1.16039 
0.999348 0.00743587 0.0353426 0.00507751 -0.007078 0.999923 -0.0102402 -0.0911397 -0.035416 0.00998336 0.999323 1.44398 
0.998843 0.00795273 0.047424 0.0224645 -0.00749179 0.999923 -0.00988933 -0.117644 -0.047499 0.0095226 0.998826 1.70438 
0.998104 0.00878288 0.0609178 0.0443335 -0.00831897 0.999934 -0.00786483 -0.14394 -0.0609829 0.00734314 0.998112 1.96435 
0.99702 0.00809601 0.0767171 0.0711265 -0.00764415 0.999952 -0.00618186 -0.165896 -0.0767635 0.005577 0.997034 2.21716 
0.995462 0.00976718 0.0946585 0.114132 -0.00924364 0.999939 -0.00596779 -0.185787 -0.0947111 0.00506571 0.995492 2.44906 
0.993076 0.0103736 0.117016 0.154437 -0.00964677 0.999931 -0.00677593 -0.199504 -0.117078 0.00560019 0.993107 2.70131 
0.989611 0.0112991 0.143329 0.20519 -0.0102465 0.999915 -0.00807983 -0.215401 -0.143408 0.00652726 0.989642 2.93616 
0.984626 0.0120934 0.174257 0.26773 -0.0102759 0.999883 -0.011329 -0.223992 -0.174373 0.0093642 0.984635 3.17719 
0.977553 0.0119679 0.210348 0.328037 -0.0102529 0.999905 -0.00924203 -0.258442 -0.210439 0.00687791 0.977583 3.38184 
0.968168 0.0107672 0.250069 0.418253 -0.0101813 0.999942 -0.00363665 -0.283061 -0.250094 0.00097486 0.968221 3.61035 
0.956486 0.0087514 0.291647 0.515805 -0.00946134 0.999955 0.00102397 -0.305025 -0.291625 -0.00373878 0.956526 3.80897 
0.941589 0.00607467 0.33671 0.626677 -0.00743418 0.999969 0.00274854 -0.323861 -0.336683 -0.00509116 0.941604 4.01703 
0.922444 0.00451224 0.386104 0.759203 -0.00530465 0.999985 0.000986952 -0.334868 -0.386094 -0.00295855 0.922455 4.21857 
0.898395 0.000708167 0.439188 0.914103 -0.00116911 0.999999 0.000779072 -0.344029 -0.439187 -0.00121337 0.898395 4.42911 
0.869777 -0.00561589 0.493414 1.10028 0.00380017 0.999982 0.00468265 -0.351102 -0.493431 -0.0021978 0.869782 4.64352 
0.836237 -0.0107081 0.548264 1.27696 0.0064178 0.999932 0.00974092 -0.369704 -0.548331 -0.00462706 0.836248 4.83107 
0.798717 -0.00952355 0.601632 1.48304 0.00504206 0.999946 0.00913491 -0.37912 -0.601686 -0.00426274 0.798721 5.02811 
0.756804 -0.00924702 0.653576 1.71487 0.00359387 0.999944 0.00998605 -0.380388 -0.653632 -0.00520862 0.756795 5.22001 
0.710547 -0.0124115 0.70354 1.96257 0.0028743 0.999887 0.0147365 -0.378077 -0.703643 -0.00844882 0.710503 5.39838 
0.660907 -0.0160107 0.750297 2.21054 0.00524538 0.999847 0.0167154 -0.377564 -0.750449 -0.00711173 0.66089 5.54707 
0.606983 -0.0177368 0.794517 2.48185 0.00894484 0.99984 0.0154869 -0.377537 -0.794665 -0.00229346 0.607044 5.69179 
0.549727 -0.0191022 0.835126 2.78645 0.0108383 0.999817 0.0157349 -0.37822 -0.835274 0.000401423 0.549834 5.83072 
0.488836 -0.0210963 0.87212 3.10146 0.00889452 0.999776 0.0191988 -0.38579 -0.87233 -0.00162797 0.488914 5.95835 
0.42637 -0.0217743 0.904287 3.43633 0.00566934 0.999755 0.0214 -0.383261 -0.904531 -0.0039976 0.426389 6.06348 
0.36162 -0.0255695 0.931975 3.75665 0.00345916 0.999654 0.0260841 -0.397167 -0.932319 -0.0062087 0.361584 6.14485 
0.296826 -0.033059 0.954359 4.1246 0.00458595 0.999438 0.0331942 -0.405332 -0.95492 -0.00547627 0.296811 6.20841 
0.229322 -0.0355268 0.972702 4.48547 -0.00026778 0.999331 0.0365625 -0.413671 -0.973351 -0.00864505 0.229159 6.26289 
0.166523 -0.0378792 0.98531 4.85384 -0.00649668 0.999198 0.0395112 -0.441754 -0.986016 -0.0129808 0.166144 6.26376 
0.105068 -0.0406634 0.993633 5.2592 -0.0168506 0.998947 0.0426626 -0.453255 -0.994322 -0.0212258 0.104272 6.28147 
0.041406 -0.0307023 0.998671 5.66195 -0.00797003 0.999486 0.0310578 -0.458213 -0.999111 -0.00924542 0.0411401 6.2434 
-0.0194878 -0.0220912 0.999566 6.07727 0.000267166 0.999756 0.0221006 -0.480333 -0.99981 0.000697743 -0.0194772 6.19453 
-0.0746548 -0.0198293 0.997012 6.50233 0.00288719 0.999794 0.0201008 -0.480972 -0.997205 0.00437919 -0.0745822 6.14559 
-0.124128 -0.0256765 0.991934 6.98134 -0.00565211 0.999667 0.0251694 -0.478342 -0.99225 -0.00248228 -0.124232 6.08256 
-0.165124 -0.0421188 0.985373 7.46281 -0.000662597 0.999092 0.0425942 -0.479132 -0.986273 0.0063804 -0.165002 5.97248 
-0.2006 -0.0498438 0.978404 7.94337 0.00402285 0.998655 0.0517002 -0.477932 -0.979665 0.0143071 -0.20013 5.85407 
-0.231732 -0.0440779 0.97178 8.45688 0.00369323 0.998926 0.0461898 -0.486832 -0.972773 0.0142927 -0.231321 5.70684 
-0.256334 -0.0369772 0.965881 8.9665 0.00125777 0.999254 0.0385886 -0.467502 -0.966588 0.0111064 -0.256096 5.5571 
-0.275632 -0.0404424 0.960412 9.46297 4.4439e-05 0.999114 0.0420848 -0.479523 -0.961263 0.0116426 -0.275386 5.40935 
-0.292875 -0.043477 0.955162 10.023 -0.000653733 0.998975 0.0452709 -0.487032 -0.95615 0.0126343 -0.292603 5.23439 
-0.308407 -0.0439348 0.950239 10.6103 -0.0032782 0.998976 0.0451242 -0.463091 -0.951249 0.0108016 -0.308235 5.03804 
-0.322771 -0.0449301 0.94541 11.1387 -0.00347037 0.998922 0.0462884 -0.465037 -0.946471 0.0116596 -0.322579 4.85628 
-0.336372 -0.0476371 0.940524 11.6825 -0.0048151 0.998794 0.0488664 -0.465624 -0.941717 0.0119086 -0.336196 4.67852 
-0.349796 -0.0524617 0.935356 12.1984 -0.00652974 0.998543 0.0535638 -0.457629 -0.936803 0.0126288 -0.349629 4.53929 
-0.361972 -0.0545077 0.930594 12.8017 -0.00957545 0.998454 0.0547579 -0.451297 -0.93214 0.01091 -0.361935 4.33654 
-0.373942 -0.0552687 0.925804 13.3287 -0.0136175 0.998442 0.0541048 -0.446058 -0.927352 0.00762491 -0.374112 4.15351 
-0.384613 -0.0541301 0.921489 13.8857 -0.0146647 0.998511 0.0525337 -0.447412 -0.922961 0.00669185 -0.384835 3.93368 
-0.392771 -0.0513131 0.918204 14.5181 -0.0142235 0.998662 0.0497252 -0.433418 -0.919526 0.00647051 -0.392975 3.6503 
-0.400239 -0.04928 0.915085 15.1595 -0.0144652 0.998768 0.0474599 -0.409444 -0.916297 0.00575841 -0.400459 3.36192 
-0.407885 -0.0543948 0.911412 15.751 -0.0165081 0.9985 0.0522046 -0.411858 -0.912884 0.00624779 -0.408171 3.111 
-0.414693 -0.0566278 0.908198 16.3244 -0.0198292 0.998387 0.053197 -0.403724 -0.909745 0.00405158 -0.415147 2.85917 
-0.419595 -0.0530414 0.90616 16.9127 -0.0213416 0.998592 0.0485696 -0.395117 -0.907461 0.00104064 -0.420136 2.60238 
-0.423254 -0.0519889 0.904518 17.5524 -0.0208948 0.998647 0.0476218 -0.396211 -0.90577 0.0012564 -0.423768 2.33127 
-0.424819 -0.0537859 0.903679 18.1923 -0.0212838 0.998551 0.049427 -0.402288 -0.905028 0.00176384 -0.425348 2.04815 
-0.425613 -0.0576134 0.903069 18.7629 -0.0209098 0.998331 0.0538361 -0.434305 -0.904663 0.00403035 -0.426108 1.81749 
-0.422619 -0.0601137 0.904312 19.2051 -0.0240578 0.99819 0.0551111 -0.44642 -0.905988 0.00153522 -0.4233 1.59062 
-0.419506 -0.0593126 0.905813 19.7844 -0.0249247 0.998239 0.0538214 -0.432627 -0.90741 1.35818e-06 -0.420246 1.33125 
-0.416005 -0.0600021 0.907381 20.2554 -0.023903 0.998198 0.0550488 -0.458491 -0.909048 0.00121148 -0.416689 1.09173 
-0.412048 -0.0608617 0.909127 20.7354 -0.0213174 0.998137 0.0571587 -0.455786 -0.910913 0.00417194 -0.412578 0.851611 
-0.409349 -0.0581599 0.910522 21.1775 -0.0102173 0.998196 0.0591666 -0.448544 -0.912321 0.0149167 -0.409205 0.6557 
-0.407381 -0.0517311 0.911792 21.5844 0.00516703 0.998248 0.0589448 -0.495351 -0.913244 0.0287243 -0.4064 0.514546 
-0.406172 -0.0667052 0.911359 22.1761 -0.0162666 0.997702 0.0657752 -0.493038 -0.913652 0.0118914 -0.406324 0.291045 
-0.404378 -0.0872864 0.910417 22.8206 -0.0467999 0.996106 0.0747148 -0.486788 -0.913394 -0.0123944 -0.406889 0.0662522 
-0.401321 -0.0811011 0.91234 23.3397 -0.031102 0.996704 0.0749194 -0.490464 -0.915409 0.0016911 -0.402521 -0.202634 
-0.402956 -0.0564088 0.913479 23.7907 -0.0334358 0.99834 0.0468999 -0.533324 -0.914608 -0.0116444 -0.404173 -0.411 
-0.406707 -0.0536079 0.911984 24.4364 -0.0508488 0.998058 0.035991 -0.523407 -0.912142 -0.0317355 -0.408643 -0.66421 
-0.404817 -0.0741208 0.911389 25.0856 -0.0494431 0.997025 0.059124 -0.511806 -0.91306 -0.0211275 -0.407278 -0.93415 
-0.405768 -0.105756 0.907837 25.4594 -0.0429346 0.994392 0.0966487 -0.518172 -0.912967 0.000239387 -0.408033 -1.04872 
-0.407613 -0.105047 0.907092 26.1616 -0.0411034 0.994465 0.0966944 -0.487301 -0.912229 0.00212931 -0.409675 -1.34884 
-0.408723 -0.0850286 0.908689 26.6017 -0.0443725 0.996325 0.0732704 -0.474636 -0.911579 -0.0103736 -0.410994 -1.53972 
-0.409905 -0.078563 0.908739 27.0947 -0.0497272 0.996727 0.0637393 -0.465255 -0.910772 -0.019062 -0.41247 -1.71002 
-0.409925 -0.0884745 0.907818 27.6184 -0.0482449 0.995994 0.075283 -0.454932 -0.910842 -0.0129372 -0.412552 -1.93565 
-0.409918 -0.0937755 0.907289 28.0407 -0.0462164 0.995559 0.082018 -0.450304 -0.910951 -0.00831107 -0.412431 -2.13083 
-0.410702 -0.089874 0.907329 28.5013 -0.0470088 0.995894 0.0773681 -0.423946 -0.910557 -0.0108772 -0.41324 -2.4041 
-0.413274 -0.0856653 0.906568 29.0597 -0.0475563 0.996237 0.0724592 -0.404592 -0.909364 -0.0131674 -0.415793 -2.64698 
-0.415882 -0.0838535 0.905545 29.4591 -0.0473603 0.996386 0.0705146 -0.395172 -0.908185 -0.0135611 -0.41835 -2.82221 
-0.422927 -0.0853577 0.902135 29.82 -0.0468145 0.996282 0.0723187 -0.446125 -0.904954 -0.0116475 -0.42535 -2.84396 
-0.42751 -0.0826478 0.900225 30.285 -0.0437399 0.996537 0.0707183 -0.434726 -0.902952 -0.00914298 -0.429644 -3.03257 
-0.431426 -0.0828745 0.898334 30.7236 -0.0436756 0.996523 0.0709575 -0.418229 -0.90109 -0.00862231 -0.433545 -3.21224 
-0.435598 -0.0869531 0.895932 31.2322 -0.0454499 0.996178 0.0745848 -0.428598 -0.898993 -0.008231 -0.437885 -3.42092 
-0.438232 -0.0886289 0.894482 31.8246 -0.0441459 0.996048 0.0770642 -0.419251 -0.897777 -0.00571569 -0.440413 -3.69029 
-0.440502 -0.0883635 0.893392 32.1775 -0.0439252 0.996074 0.0768614 -0.418129 -0.896676 -0.00538486 -0.442654 -3.85134 
-0.442635 -0.0872058 0.892451 32.6014 -0.0432568 0.996178 0.075887 -0.41615 -0.895658 -0.00501434 -0.444715 -4.04794 
-0.44378 -0.0868575 0.891916 32.9832 -0.0429312 0.99621 0.0756531 -0.392658 -0.895107 -0.00471771 -0.445827 -4.1864 
-0.44147 -0.0861628 0.893129 33.4064 -0.0404663 0.996278 0.0761115 -0.375652 -0.896363 -0.00254069 -0.443314 -4.3806 
-0.437368 -0.0855463 0.895204 33.8181 -0.0386689 0.996333 0.0763179 -0.383831 -0.898451 -0.00123749 -0.439073 -4.55019 
-0.433102 -0.0864145 0.897193 34.1762 -0.0394242 0.996257 0.0769248 -0.386748 -0.900482 -0.00205481 -0.434888 -4.68841 
-0.429828 -0.0864689 0.898761 34.5781 -0.0413515 0.996245 0.0760716 -0.334038 -0.901963 -0.00446743 -0.431789 -4.7946 
-0.424841 -0.0868395 0.901093 35.1457 -0.0417109 0.996209 0.0763403 -0.317116 -0.904307 -0.00515292 -0.426852 -5.0359 
-0.421029 -0.0858264 0.902977 35.707 -0.0450822 0.996263 0.0736726 -0.287539 -0.905926 -0.00968991 -0.423325 -5.24068 
-0.415892 -0.083663 0.905558 36.1404 -0.0451758 0.996431 0.0713109 -0.264031 -0.908291 -0.0112516 -0.418187 -5.39206 
-0.408105 -0.0826793 0.909183 36.7331 -0.0450282 0.996501 0.0704081 -0.252315 -0.911824 -0.0122049 -0.410401 -5.65431 
-0.400462 -0.0817672 0.912658 37.263 -0.0439286 0.996579 0.0700105 -0.248126 -0.91526 -0.0120553 -0.402684 -5.86809 
-0.394656 -0.0819795 0.915165 37.7721 -0.0464365 0.996519 0.0692418 -0.207376 -0.917655 -0.0151704 -0.397088 -6.04544 
-0.387165 -0.0804347 0.918495 38.3617 -0.044972 0.996649 0.0683221 -0.196004 -0.920913 -0.0148546 -0.389485 -6.28744 
-0.381628 -0.0796294 0.92088 38.8998 -0.0468186 0.996669 0.0667806 -0.175597 -0.923129 -0.017629 -0.384085 -6.46849 
-0.374695 -0.0815132 0.923558 39.4428 -0.0519014 0.99641 0.0668863 -0.144791 -0.925694 -0.022872 -0.37758 -6.66121 
-0.3674 -0.0824672 0.9264 40.0051 -0.0549207 0.996247 0.066904 -0.110458 -0.92844 -0.0262981 -0.37055 -6.86698 
-0.359911 -0.0836814 0.929226 40.4057 -0.0593487 0.996006 0.066708 -0.0884213 -0.931097 -0.0311394 -0.36344 -7.01972 
-0.353601 -0.0814984 0.931839 40.8072 -0.0589105 0.99616 0.0647694 -0.122369 -0.93354 -0.0319926 -0.357044 -7.11713 
-0.344401 -0.0784132 0.935542 41.4 -0.0583998 0.996365 0.0620124 -0.0990454 -0.937005 -0.0332784 -0.347728 -7.31166 
-0.33415 -0.0805592 0.939071 41.9964 -0.0625411 0.99604 0.0631923 -0.0878249 -0.940443 -0.0376149 -0.337865 -7.48279 
-0.325155 -0.083557 0.941962 42.4634 -0.0664083 0.995647 0.0653958 -0.0887472 -0.943326 -0.0412904 -0.329288 -7.55525 
-0.310752 -0.0864454 0.946552 43.0901 -0.0675976 0.995344 0.0687092 -0.111199 -0.948084 -0.0426332 -0.315149 -7.7267 
-0.294081 -0.0828008 0.952187 43.7692 -0.0668441 0.995583 0.0659298 -0.0776309 -0.95344 -0.0442594 -0.298316 -7.91741 
-0.275189 -0.0826562 0.95783 44.3434 -0.0697672 0.995387 0.0658528 -0.0538506 -0.958855 -0.0487032 -0.279686 -8.04666 
-0.254926 -0.0837526 0.963327 44.9626 -0.0694027 0.995257 0.0681626 -0.0576807 -0.964467 -0.0494811 -0.259529 -8.17725 
-0.235339 -0.08077 0.968551 45.542 -0.0736209 0.995159 0.0651005 0.00273171 -0.969121 -0.055985 -0.240146 -8.25477 
-0.212328 -0.0767742 0.974178 46.1768 -0.0710646 0.995482 0.0629643 0.0077768 -0.974611 -0.0558605 -0.216824 -8.36948 
-0.188163 -0.0742774 0.979325 46.7349 -0.0620316 0.996044 0.063627 0.00389418 -0.980177 -0.0487769 -0.192026 -8.45274 
-0.163865 -0.0734928 0.983741 47.2145 -0.0580519 0.996211 0.0647546 0.0336686 -0.984773 -0.0464971 -0.16751 -8.49544 
-0.138826 -0.0686757 0.987933 47.8084 -0.0570744 0.996489 0.0612503 0.0449129 -0.988671 -0.0478825 -0.142259 -8.5416 
-0.110203 -0.0692932 0.991491 48.3659 -0.0532046 0.996548 0.063733 0.0434567 -0.992484 -0.0457283 -0.113509 -8.59647 
-0.0823444 -0.0704031 0.994114 49.0388 -0.0486336 0.996597 0.0665506 0.0699499 -0.995417 -0.0428672 -0.0854882 -8.63144 
-0.0563726 -0.0749554 0.995592 49.6635 -0.0477974 0.996237 0.0722975 0.0745845 -0.997265 -0.0435111 -0.0597432 -8.62099 
-0.028104 -0.0701278 0.997142 50.302 -0.0495289 0.996409 0.0686802 0.0961436 -0.998377 -0.0474571 -0.0314764 -8.61344 
0.00189209 -0.0626684 0.998033 50.9363 -0.0501431 0.996773 0.0626843 0.117794 -0.99874 -0.0501631 -0.0012564 -8.59455 
0.0310054 -0.0582088 0.997823 51.4456 -0.0488899 0.99702 0.0596811 0.129788 -0.998323 -0.0506339 0.0280671 -8.53952 
0.0600155 -0.0607974 0.996344 51.9707 -0.0496958 0.996724 0.063814 0.14555 -0.99696 -0.053344 0.0567975 -8.46088 
0.0905343 -0.0659195 0.993709 52.5303 -0.0490625 0.9963 0.0705613 0.143571 -0.994684 -0.055142 0.0869652 -8.37713 
0.120515 -0.065603 0.990541 53.0782 -0.051355 0.996066 0.072217 0.180729 -0.991382 -0.0595725 0.116672 -8.26506 
0.150849 -0.0652369 0.986402 53.7108 -0.0513481 0.995956 0.0737213 0.174118 -0.987222 -0.0617707 0.146889 -8.12486 
0.18104 -0.0635239 0.981422 54.2318 -0.0535585 0.995794 0.0743339 0.17119 -0.982016 -0.0660209 0.176876 -7.99349 
0.211576 -0.0625783 0.975356 54.7491 -0.0553242 0.995581 0.0758769 0.158607 -0.975794 -0.0700145 0.207179 -7.84438 
0.240367 -0.0610829 0.968758 55.2836 -0.0544174 0.995601 0.0762774 0.191463 -0.969156 -0.0710519 0.235986 -7.64391 
0.2697 -0.0613768 0.960986 55.7998 -0.0540667 0.995427 0.0787502 0.19063 -0.961425 -0.0731963 0.265148 -7.45366 
0.29907 -0.0607393 0.952296 56.3063 -0.0534659 0.995338 0.0802756 0.208512 -0.952732 -0.0749234 0.294428 -7.25129 
0.328194 -0.0592759 0.942749 56.7623 -0.0528159 0.995316 0.0809677 0.221256 -0.943133 -0.0763652 0.323526 -7.04203 
0.35655 -0.0608196 0.932295 57.2228 -0.0502823 0.995183 0.0841524 0.211942 -0.932922 -0.0768825 0.351775 -6.79639 
0.3885 -0.059674 0.919514 57.7106 -0.0478293 0.99525 0.0847972 0.241058 -0.920206 -0.0769235 0.383801 -6.57973 
0.418299 -0.0580865 0.90645 58.1503 -0.0477203 0.995169 0.0857933 0.262406 -0.907055 -0.0791433 0.413507 -6.33439 
0.448615 -0.0561862 0.891957 58.6625 -0.047829 0.995082 0.0867382 0.282746 -0.892444 -0.0815735 0.443722 -6.0399 
0.478374 -0.0550722 0.876428 59.1657 -0.0480054 0.994899 0.088719 0.292197 -0.876843 -0.0845141 0.47329 -5.71977 
0.506678 -0.0530502 0.860502 59.59 -0.0479516 0.994826 0.089566 0.32726 -0.860801 -0.0866435 0.501513 -5.41343 
0.53419 -0.0525029 0.843732 60.0165 -0.0469764 0.994684 0.0916381 0.336015 -0.844058 -0.0885877 0.528884 -5.07699 
0.562842 -0.0524423 0.8249 60.5117 -0.0446423 0.9946 0.093691 0.350377 -0.825358 -0.0895586 0.557461 -4.70794 
0.590682 -0.0504108 0.805328 60.9404 -0.042111 0.994761 0.0931556 0.360761 -0.805805 -0.0889385 0.585464 -4.36348 
0.618563 -0.047825 0.784279 61.383 -0.0401039 0.994923 0.0923001 0.391623 -0.784711 -0.0885461 0.613504 -4.00616 
0.644099 -0.0457609 0.763572 61.8094 -0.0410338 0.994705 0.0942261 0.41349 -0.76384 -0.0920233 0.638811 -3.59787 
0.669643 -0.0467505 0.74121 62.1863 -0.0377306 0.994587 0.0968192 0.418489 -0.741724 -0.0928006 0.664254 -3.22919 
0.694409 -0.0454583 0.718143 62.5998 -0.0363359 0.994514 0.0980875 0.445344 -0.718663 -0.0942072 0.688948 -2.79266 
0.717321 -0.0462309 0.695207 62.9319 -0.0329031 0.994435 0.100079 0.450373 -0.695965 -0.0946634 0.711809 -2.39951 
0.738466 -0.0409264 0.673048 63.3125 -0.0378894 0.994061 0.102019 0.469633 -0.673226 -0.100839 0.732529 -2.00888 
0.757152 -0.0397868 0.652026 63.6638 -0.0366554 0.993983 0.103218 0.490258 -0.65221 -0.102052 0.751137 -1.57086 
0.773996 -0.0395405 0.631954 63.9752 -0.0330761 0.994161 0.102714 0.507781 -0.632326 -0.100403 0.768169 -1.15107 
0.789205 -0.0382419 0.612939 64.2273 -0.0312005 0.994274 0.102207 0.523919 -0.613337 -0.099786 0.783492 -0.769633 
0.803753 -0.0374869 0.593781 64.5167 -0.030725 0.994066 0.104348 0.532097 -0.594169 -0.102114 0.797832 -0.337286 
0.817394 -0.0382373 0.574809 64.7794 -0.0279674 0.993984 0.105892 0.537895 -0.5754 -0.102631 0.811407 0.0924557 
0.829472 -0.0370103 0.557321 65.0915 -0.0259711 0.994167 0.104673 0.575723 -0.557945 -0.101298 0.823673 0.596912 
0.840403 -0.0326063 0.540981 65.4408 -0.0269648 0.994437 0.101827 0.622887 -0.541291 -0.100163 0.834848 1.17932 
0.849883 -0.035516 0.525774 65.6454 -0.0212891 0.994598 0.101598 0.632261 -0.526542 -0.0975392 0.844535 1.58595 
0.85848 -0.0335831 0.511747 65.9114 -0.0212668 0.994664 0.10095 0.656754 -0.512406 -0.0975471 0.853185 2.04773 
0.865857 -0.0320783 0.499262 66.1764 -0.0211905 0.994695 0.100661 0.674923 -0.499842 -0.0977374 0.860584 2.53766 
0.872116 -0.032438 0.488223 66.4075 -0.0202187 0.994559 0.102196 0.692593 -0.488881 -0.0989983 0.866715 2.97087 
0.877845 -0.0327023 0.477826 66.6591 -0.0195729 0.994383 0.104014 0.699354 -0.478544 -0.100661 0.872275 3.43358 
0.882059 -0.0268425 0.470374 66.9383 -0.0248219 0.994342 0.10329 0.731345 -0.470485 -0.102784 0.876402 4.00544 
0.885371 -0.021817 0.464372 67.2377 -0.028553 0.99446 0.101161 0.763565 -0.464007 -0.102824 0.879844 4.60649 
0.887554 -0.0233963 0.460109 67.4417 -0.0287996 0.993939 0.106096 0.800549 -0.459802 -0.107417 0.881501 5.04562 
0.888915 -0.0250803 0.457384 67.6572 -0.0295133 0.99329 0.111825 0.802249 -0.45712 -0.112902 0.88221 5.49929 
0.889637 -0.0256637 0.455947 67.8542 -0.0296348 0.993071 0.11372 0.807318 -0.455706 -0.114681 0.882712 5.92623 
0.89099 -0.0280632 0.453156 68.0346 -0.0223479 0.994167 0.105507 0.814934 -0.453474 -0.104133 0.885166 6.32243 
0.892248 -0.025534 0.450824 68.2266 -0.0138468 0.996383 0.0838386 0.818984 -0.451334 -0.0810472 0.888667 6.71473 
0.893738 -0.0147894 0.448346 68.4462 -0.00765664 0.998808 0.0482102 0.784711 -0.448524 -0.0465201 0.892559 7.10925 
0.894766 -0.0102377 0.446419 68.6887 -0.0087055 0.999147 0.0403619 0.794111 -0.446451 -0.0400007 0.893913 7.56423 
0.896635 -0.0241026 0.442114 68.9026 -0.00522581 0.997872 0.0649989 0.820438 -0.44274 -0.0605907 0.894601 7.99207 
0.89789 -0.052113 0.437124 69.1536 0.00108976 0.993229 0.116172 0.82839 -0.440218 -0.103833 0.891867 8.51444 
0.899365 -0.0569479 0.433474 69.4047 0.00204033 0.992016 0.126094 0.836258 -0.437194 -0.11252 0.892301 8.97875 
0.900235 -0.0455336 0.433018 69.6473 0.000916274 0.994713 0.102693 0.892508 -0.435404 -0.0920512 0.895517 9.48626 
0.901041 -0.0362144 0.43222 69.8665 -0.00239462 0.996078 0.0884505 0.902113 -0.433728 -0.0807325 0.89742 9.92034 
0.901169 -0.0391734 0.431693 70.1306 -0.00362013 0.995193 0.0978645 0.936042 -0.433452 -0.0897553 0.896696 10.515 
0.900886 -0.0463808 0.43157 70.2474 -0.000557605 0.99415 0.108005 0.956068 -0.434054 -0.0975412 0.895591 10.8702 
0.90057 -0.0455857 0.432314 70.5033 0.000190663 0.994528 0.104472 0.979999 -0.434711 -0.0940015 0.895651 11.4337 
0.900246 -0.0470074 0.432836 70.6597 0.00369287 0.994943 0.100373 0.969219 -0.435366 -0.0887622 0.895867 11.8688 
0.900438 -0.0454147 0.432607 70.8626 0.0015105 0.994855 0.101295 1.01361 -0.434981 -0.0905565 0.895874 12.3218 
0.900865 -0.0436793 0.431896 71.0716 -0.0005633 0.994806 0.101784 1.0474 -0.434099 -0.0919366 0.896162 12.8037 
0.901451 -0.0394087 0.431083 71.2999 -0.00265366 0.995326 0.0965397 1.07762 -0.432872 -0.0881698 0.897133 13.3402 
0.902171 -0.0369189 0.429797 71.5828 -0.0026521 0.995837 0.091108 1.09986 -0.431371 -0.0833348 0.898317 13.8874 
0.902683 -0.0370207 0.42871 71.7815 -0.00216057 0.99589 0.0905481 1.12175 -0.4303 -0.0826625 0.898893 14.3345 
0.903167 -0.0376282 0.427637 72.0797 -0.00252029 0.995669 0.0929326 1.1563 -0.429282 -0.0850114 0.899161 15.0025 
0.904212 -0.03812 0.425378 72.3579 -0.0028716 0.995443 0.09531 1.17142 -0.427073 -0.087402 0.899983 15.5288 
0.904457 -0.0404008 0.424646 72.6461 -0.000663841 0.99537 0.0961133 1.20539 -0.426563 -0.0872123 0.900243 16.1647 
0.904744 -0.0385142 0.424211 72.9394 -0.00192545 0.995524 0.0944905 1.23619 -0.425951 -0.0863066 0.90062 16.7645 
0.904461 -0.0348782 0.425128 73.1398 -0.00476385 0.995763 0.0918292 1.27584 -0.42653 -0.0850811 0.900463 17.2439 
0.904252 -0.0303999 0.425916 73.4393 -0.00849454 0.995984 0.0891231 1.3036 -0.426915 -0.0842077 0.900362 17.8084 
0.903285 -0.0296812 0.428012 73.6231 -0.0101183 0.995853 0.0904129 1.302 -0.428921 -0.0859994 0.899239 18.2164 
0.902316 -0.0262627 0.430273 73.898 -0.0152133 0.995581 0.0926711 1.33616 -0.430806 -0.0901646 0.897929 18.6969 
0.90088 -0.0261473 0.433281 74.1946 -0.0155335 0.995603 0.0923793 1.37959 -0.433791 -0.089953 0.896512 19.3439 
0.899532 -0.0263834 0.436057 74.487 -0.0159153 0.995533 0.0930654 1.38363 -0.436565 -0.0906553 0.895094 19.9423 
0.898501 -0.0267228 0.438158 74.744 -0.0160282 0.995483 0.0935815 1.39576 -0.438679 -0.0911059 0.894014 20.4689 
0.897885 -0.0291831 0.439262 75.0313 -0.013682 0.995468 0.0941027 1.40968 -0.440017 -0.0905034 0.893417 21.0722 
0.896755 -0.0302908 0.441489 75.1681 -0.0113713 0.995748 0.0914161 1.40696 -0.442381 -0.0869981 0.892597 21.5039 
0.896972 -0.0276255 0.441223 75.4199 -0.0122841 0.996103 0.0873398 1.43703 -0.441916 -0.0837614 0.893137 22.0712 
0.896976 -0.0251724 0.441362 75.6137 -0.0148084 0.996106 0.0869066 1.45626 -0.441831 -0.084489 0.893111 22.5324 
0.897754 -0.0273038 0.43965 75.8924 -0.014222 0.99576 0.0908811 1.45953 -0.440267 -0.0878416 0.89356 23.0997 
0.898209 -0.027678 0.438696 76.1181 -0.0139635 0.995715 0.0914106 1.47716 -0.439347 -0.0882316 0.893974 23.5823 
0.898991 -0.0277785 0.437084 76.4115 -0.013068 0.995841 0.0901678 1.47434 -0.437771 -0.0867719 0.894889 24.1294 
0.898862 -0.0251319 0.437511 76.6039 -0.0142418 0.996152 0.0864814 1.51236 -0.438001 -0.0839657 0.895045 24.5863 
0.898591 -0.0250589 0.438071 76.8119 -0.0139544 0.996231 0.0856112 1.54033 -0.438566 -0.0830424 0.894854 25.0708 
0.898207 -0.0250925 0.438856 77.0475 -0.0133418 0.996353 0.0842754 1.55011 -0.43937 -0.0815519 0.894597 25.6154 
0.898088 -0.0241634 0.439152 77.3004 -0.0154477 0.996141 0.086402 1.56505 -0.439545 -0.0843804 0.894248 26.1325 
0.898067 -0.0225112 0.439282 77.5853 -0.0178885 0.995994 0.0876115 1.58812 -0.439495 -0.0865391 0.894067 26.6693 
0.897544 -0.0224285 0.440354 77.8069 -0.018086 0.995992 0.0875921 1.61351 -0.440554 -0.086582 0.893541 27.1488 
0.896942 -0.0197957 0.441705 78.0331 -0.0205099 0.996059 0.0862883 1.61534 -0.441672 -0.0864549 0.893001 27.6903 
0.896813 -0.020629 0.441928 78.303 -0.0202579 0.99595 0.0876 1.62047 -0.441945 -0.0875134 0.892763 28.2375 
0.896454 -0.0205509 0.44266 78.5484 -0.0202875 0.995973 0.0873242 1.63696 -0.442672 -0.0872626 0.892427 28.8014 
0.896029 -0.0233526 0.443382 78.7907 -0.0170236 0.996075 0.0868655 1.63335 -0.44367 -0.085382 0.892114 29.3261 
0.895206 -0.0207079 0.445172 78.9315 -0.0196874 0.996107 0.0859253 1.6329 -0.445218 -0.0856851 0.891313 29.7304 
0.895414 -0.0230375 0.444639 79.2318 -0.0177481 0.99602 0.0873467 1.60184 -0.444881 -0.0861029 0.891441 30.2877 
0.895231 -0.0220691 0.445055 79.5075 -0.0183596 0.996098 0.0863242 1.65196 -0.445223 -0.0854512 0.891333 30.8393 
0.895016 -0.0185348 0.445648 79.8309 -0.021784 0.996127 0.0851795 1.69303 -0.445501 -0.0859451 0.891147 31.484 
0.894548 -0.0200478 0.446522 80.1369 -0.0200405 0.99619 0.0848751 1.72252 -0.446522 -0.0848734 0.890738 32.0967 
0.894275 -0.0216409 0.446994 80.3751 -0.0186876 0.996153 0.0856153 1.7262 -0.447128 -0.0849169 0.89043 32.6102 
0.893588 -0.0174414 0.44855 80.6758 -0.0230649 0.996141 0.0846832 1.76887 -0.448296 -0.0860176 0.889737 33.2515 
0.892631 -0.0126748 0.45061 80.8654 -0.0272708 0.996255 0.0820445 1.80025 -0.449963 -0.085524 0.888943 33.7647 
0.892862 -0.014851 0.450086 81.2106 -0.0251589 0.99625 0.0827813 1.79565 -0.449627 -0.0852359 0.88914 34.3726 
0.892372 -0.0150423 0.451049 81.5332 -0.0262595 0.99602 0.0851695 1.8281 -0.450535 -0.0878473 0.888426 35.0365 
0.89165 -0.012996 0.452538 81.854 -0.0282429 0.996044 0.0842522 1.84709 -0.451843 -0.0879045 0.887756 35.7069 
0.891402 -0.0121279 0.453051 82.1217 -0.0274044 0.99637 0.0805918 1.87819 -0.452384 -0.0842553 0.887834 36.2464 
0.890721 -0.00991543 0.454442 82.4166 -0.0298381 0.99633 0.0802226 1.89495 -0.45357 -0.0850157 0.887157 36.8799 
0.889778 -0.00967947 0.456292 82.6974 -0.0307832 0.996226 0.0811611 1.91508 -0.455355 -0.0862614 0.886121 37.5028 
0.888971 -0.0082253 0.457889 82.929 -0.0317782 0.996321 0.0795933 1.92717 -0.456859 -0.085307 0.885439 38.066 
0.887926 -0.00404561 0.459969 83.1982 -0.0361103 0.996262 0.07847 1.95646 -0.458567 -0.0862852 0.884461 38.6467 
0.887792 -0.00505534 0.460217 83.5133 -0.0363534 0.996045 0.0810696 1.95815 -0.458807 -0.0887034 0.884097 39.2851 
0.886425 -0.00589432 0.462835 83.5497 -0.0367099 0.995874 0.0829897 1.91638 -0.461415 -0.0905548 0.882551 39.598 
0.88641 -0.00338396 0.462888 83.7665 -0.0385979 0.995951 0.0811942 1.9249 -0.461289 -0.0898379 0.88269 40.08 
0.887197 -0.00372134 0.461376 84.093 -0.0379949 0.995982 0.0810952 1.95064 -0.459824 -0.0894774 0.883491 40.7334 
0.887692 -0.0027965 0.460429 84.3728 -0.0390824 0.995915 0.0813985 1.96863 -0.458776 -0.0902515 0.883957 41.3239 
0.888347 -0.00382748 0.459156 84.6557 -0.0370646 0.996104 0.0800137 1.95203 -0.457674 -0.0880984 0.884745 41.8956 
0.888792 -0.00392364 0.458294 84.9359 -0.0370156 0.996082 0.080314 1.94695 -0.456813 -0.0883465 0.885165 42.4825 
0.888793 -0.00314313 0.458298 85.1787 -0.0382434 0.99598 0.0809974 1.9659 -0.456711 -0.0895168 0.8851 43.0064 
0.888738 -0.000616978 0.458415 85.4144 -0.0413974 0.995805 0.0815982 1.98265 -0.456543 -0.0914966 0.884984 43.5059 
0.888552 0.000713819 0.458775 85.6015 -0.043482 0.995628 0.0826665 1.98232 -0.45671 -0.093402 0.884699 43.9043 
0.888323 0.00171295 0.459215 85.8838 -0.0446879 0.995569 0.0827323 1.99762 -0.457039 -0.0940144 0.884464 44.4759 
0.887952 0.00141709 0.459933 86.099 -0.0446636 0.995535 0.0831606 1.99393 -0.457762 -0.0943849 0.884051 44.9503 
0.887316 0.0016747 0.461159 86.3291 -0.0444855 0.995641 0.0819788 2.00507 -0.459011 -0.093256 0.883522 45.4843 
0.887036 0.00118291 0.461699 86.5123 -0.0436294 0.995737 0.0812715 1.98223 -0.459635 -0.0922344 0.883306 45.9208 
0.886623 0.00163601 0.462489 86.7935 -0.0437316 0.99581 0.0803139 1.99375 -0.46042 -0.0914336 0.88298 46.5132 
0.886388 -0.00114554 0.462943 86.9656 -0.040551 0.995961 0.0801067 1.97849 -0.461165 -0.0897784 0.882761 46.9281 
0.885988 -1.52613e-05 0.463708 87.2513 -0.0417838 0.995929 0.0798673 2.0044 -0.461821 -0.090137 0.882381 47.5212 
0.885588 -0.000173201 0.464473 87.4748 -0.042193 0.995835 0.0808187 2.00542 -0.462552 -0.0911695 0.881892 48.0157 
0.885323 -0.000247392 0.464976 87.7556 -0.0427797 0.995715 0.0819831 2.0171 -0.463004 -0.0924731 0.881519 48.5975 
0.885177 -0.000361174 0.465253 87.9829 -0.0427122 0.995714 0.082036 2.03113 -0.463289 -0.0924885 0.881368 49.0663 
0.884739 -0.000532761 0.466086 88.2296 -0.0429956 0.995642 0.0827535 2.03926 -0.464099 -0.0932549 0.880861 49.592 
0.884423 -0.000172085 0.466686 88.4616 -0.0434334 0.995629 0.0826783 2.03446 -0.464661 -0.0933924 0.88055 50.083 
0.884058 0.0020172 0.467373 88.762 -0.0449272 0.995727 0.0806843 2.06754 -0.465213 -0.0923273 0.880371 50.6855 
0.883723 0.00320066 0.467999 89.0166 -0.0446955 0.995983 0.0775871 2.09691 -0.465871 -0.0894829 0.880317 51.2013 
0.883028 0.00350469 0.469308 89.1565 -0.0450449 0.995989 0.0773164 2.09042 -0.467154 -0.0894124 0.879643 51.5864 
0.882902 0.00319882 0.469547 89.4786 -0.045354 0.995882 0.0784958 2.11154 -0.467363 -0.0905999 0.879411 52.2182 
0.882579 0.00142706 0.470162 89.6148 -0.0449354 0.995674 0.0813298 2.08708 -0.468011 -0.0929069 0.878825 52.5791 
0.882342 0.00163438 0.470606 89.8758 -0.0446776 0.995768 0.0803081 2.09978 -0.468483 -0.0918847 0.878681 53.1174 
0.881732 0.00479089 0.471726 90.0762 -0.0469997 0.995866 0.0777361 2.11319 -0.469403 -0.0907134 0.878312 53.5889 
0.882156 0.00430387 0.470938 90.3293 -0.0457026 0.996021 0.076507 2.12471 -0.468735 -0.0890142 0.878842 54.0589 
0.882538 0.00628596 0.4702 90.5927 -0.0470244 0.996078 0.0749458 2.1421 -0.467885 -0.0882533 0.879372 54.5418 
0.882822 0.00780172 0.469643 90.8943 -0.0481394 0.9961 0.073944 2.15396 -0.467234 -0.0878877 0.879755 55.1303 
0.881862 0.00889491 0.471423 91.0182 -0.0488025 0.996174 0.0724959 2.16545 -0.468974 -0.086938 0.878923 55.5362 
0.882044 0.00634692 0.471124 91.1636 -0.0476694 0.995981 0.0758294 2.14987 -0.468749 -0.0893431 0.878801 55.88 
0.882468 0.00415281 0.470354 91.3653 -0.0467198 0.99579 0.0788627 2.10962 -0.468047 -0.0915686 0.878947 56.2898 
0.882826 0.005198 0.469671 91.5277 -0.0478525 0.995731 0.0789269 2.10179 -0.467256 -0.0921537 0.879306 56.6586 
0.883756 0.00410435 0.467931 91.7986 -0.0466142 0.99576 0.0793037 2.09502 -0.465621 -0.0918973 0.8802 57.1639 
0.884163 0.00312741 0.467169 91.9684 -0.0463622 0.995629 0.0810799 2.06196 -0.464873 -0.0933468 0.880443 57.5072 
0.884468 -0.000481558 0.4666 92.1472 -0.0438112 0.995496 0.0840741 2.00737 -0.464539 -0.0948032 0.880463 57.9025 
0.884659 0.000499844 0.466239 92.3221 -0.0442169 0.995582 0.0828315 2.02942 -0.464138 -0.0938932 0.880772 58.2713 
0.884899 0.000228039 0.465782 92.5385 -0.0439263 0.995584 0.0829643 2.04029 -0.463706 -0.0938751 0.881002 58.718 
0.885256 -0.00165533 0.465101 92.7291 -0.0418781 0.995648 0.0832528 2.05458 -0.463215 -0.0931776 0.881334 59.1116 
0.885397 0.000480358 0.464834 93.0094 -0.0440339 0.995589 0.0828452 2.08505 -0.462744 -0.0938194 0.881513 59.651 
0.885005 0.00178802 0.465578 93.3013 -0.0452595 0.995587 0.0822091 2.11608 -0.463376 -0.0938273 0.88118 60.2337 
0.884229 0.00307515 0.467043 93.4894 -0.0472978 0.995427 0.0829923 2.11606 -0.464652 -0.0954743 0.880331 60.6448 
0.883073 0.00522614 0.469206 93.686 -0.0510598 0.995071 0.085014 2.15533 -0.466449 -0.0990312 0.878987 61.0837 
0.883285 0.00437665 0.468817 93.9618 -0.051567 0.994796 0.087869 2.16737 -0.465993 -0.101789 0.878914 61.5913 
0.882509 0.000737801 0.470295 94.2527 -0.0526658 0.993864 0.0972683 2.19769 -0.467337 -0.110609 0.877133 62.174 
0.881957 -0.000512139 0.471329 94.528 -0.0615268 0.991318 0.116207 2.25276 -0.467296 -0.131489 0.874268 62.7415 
0.881436 -0.00653734 0.472259 94.8088 -0.0625146 0.989492 0.130376 2.29234 -0.468148 -0.144441 0.871765 63.3081 
0.881895 -0.00535771 0.471415 95.1015 -0.0630766 0.989604 0.129247 2.34546 -0.467207 -0.143717 0.872389 63.8241 
0.881461 0.000671681 0.472257 95.3841 -0.0625964 0.991342 0.115425 2.39595 -0.468091 -0.131304 0.873871 64.3653 
0.881738 0.00653291 0.471695 95.674 -0.063548 0.992435 0.105045 2.4397 -0.46744 -0.122597 0.875483 64.8706 
0.881443 0.00669147 0.472244 95.9589 -0.0637826 0.992426 0.104988 2.47483 -0.467965 -0.122662 0.875193 65.4343 
0.881276 0.00847767 0.472525 96.2031 -0.0643972 0.992668 0.102293 2.48553 -0.468193 -0.120578 0.87536 65.9236 
0.880995 0.010995 0.472998 96.4786 -0.0668165 0.992602 0.101378 2.53168 -0.468384 -0.120917 0.875212 66.4742 
0.880632 0.0131549 0.473618 96.7373 -0.0689797 0.992524 0.100691 2.56796 -0.468753 -0.121342 0.874955 66.9879 
0.879864 0.0196798 0.474817 96.9845 -0.0750631 0.992355 0.0979661 2.59597 -0.469259 -0.121838 0.874615 67.5112 
0.879084 0.027026 0.4759 97.222 -0.0805009 0.992468 0.0923401 2.61924 -0.46982 -0.119485 0.874639 68.0136 
0.878948 0.0309019 0.475916 97.4871 -0.0825253 0.9927 0.0879548 2.65999 -0.469724 -0.116583 0.875082 68.5312 
0.879201 0.0318203 0.475386 97.7478 -0.0827465 0.992802 0.0865812 2.68297 -0.46921 -0.115459 0.875506 69.0397 
0.878831 0.0404274 0.475418 97.9896 -0.0906109 0.992413 0.0831079 2.71999 -0.468451 -0.116116 0.875826 69.5427 
0.87926 0.0428717 0.474409 98.2273 -0.0930867 0.992204 0.0828609 2.74551 -0.467158 -0.117017 0.876396 70.0069 
0.880144 0.0401277 0.473008 98.4585 -0.0896975 0.992529 0.0827022 2.74772 -0.466155 -0.115217 0.877168 70.4656 
0.880434 0.0396462 0.472509 98.702 -0.0878739 0.992879 0.0804288 2.76699 -0.465955 -0.112333 0.877649 70.9388 
0.879993 0.0428524 0.47305 98.9268 -0.0917691 0.992496 0.0808061 2.78374 -0.466038 -0.11452 0.877322 71.4061 
0.87977 0.0444707 0.473314 99.0734 -0.0943627 0.99214 0.0821787 2.77256 -0.465939 -0.116962 0.877052 71.751 
0.879828 0.0421035 0.473424 99.2635 -0.0929056 0.992089 0.0844286 2.78559 -0.466124 -0.118266 0.876779 72.1462 
0.879739 0.0385565 0.473891 99.4709 -0.0901577 0.992151 0.0866472 2.80259 -0.466831 -0.118952 0.87631 72.5604 
0.879657 0.0363034 0.474221 99.6851 -0.0878657 0.992324 0.0870206 2.82439 -0.467421 -0.118216 0.876095 72.9723 
0.88019 0.0350477 0.473326 99.9088 -0.084966 0.992795 0.0844892 2.86294 -0.466955 -0.114583 0.876826 73.3853 
0.879959 0.0344585 0.473799 100.121 -0.0840213 0.992931 0.0838338 2.8856 -0.467561 -0.11358 0.876634 73.7991 
0.880014 0.0335814 0.473759 100.31 -0.0822626 0.993198 0.0824033 2.90426 -0.467769 -0.111489 0.876791 74.1663 
0.879711 0.0326248 0.474387 100.488 -0.0802356 0.993523 0.0804631 2.91763 -0.46869 -0.108847 0.876631 74.5147 
0.879818 0.0309971 0.474298 100.651 -0.0759519 0.994217 0.0759144 2.92229 -0.469202 -0.102815 0.877085 74.8179 
0.879304 0.0353503 0.474947 100.78 -0.077922 0.994482 0.0702435 2.92827 -0.469843 -0.0987742 0.877207 75.0802 
0.878636 0.0398585 0.475825 100.908 -0.0811756 0.994473 0.0665909 2.93995 -0.470541 -0.0971346 0.877015 75.3442 
0.878347 0.0438337 0.476009 101.03 -0.0838623 0.994473 0.0631684 2.94988 -0.47061 -0.095403 0.877169 75.5832 
0.878009 0.0475482 0.476277 101.132 -0.0853942 0.99465 0.0581238 2.95392 -0.470966 -0.0917045 0.877372 75.7919 
0.877953 0.0494211 0.47619 101.231 -0.0853218 0.994886 0.0540543 2.96172 -0.471083 -0.0880865 0.877679 75.987 
0.877485 0.0512369 0.476859 101.316 -0.0855044 0.995061 0.0504237 2.9688 -0.471921 -0.0850197 0.877532 76.1541 
0.87724 0.0532419 0.477091 101.392 -0.0862891 0.995132 0.0476085 2.96959 -0.472233 -0.0829318 0.877564 76.3104 
0.876921 0.0551236 0.477464 101.458 -0.0878099 0.995056 0.0463936 2.97504 -0.472546 -0.0826095 0.877426 76.4485 
0.876364 0.0572962 0.478229 101.514 -0.0898964 0.99491 0.0455375 2.97527 -0.473186 -0.0828985 0.877054 76.5697 
0.876374 0.058625 0.478051 101.568 -0.0902366 0.994974 0.0434067 2.97605 -0.473103 -0.0811781 0.877259 76.6724 
0.876183 0.0603879 0.478181 101.611 -0.0905334 0.995081 0.0402213 2.97537 -0.4734 -0.0785325 0.87734 76.7607 
0.875705 0.0632496 0.478685 101.657 -0.0915382 0.995152 0.0359685 2.98108 -0.474089 -0.0753158 0.87725 76.8565 
0.875194 0.0665204 0.479178 101.704 -0.0943069 0.994958 0.0341247 2.98426 -0.474492 -0.0750555 0.877054 76.9576 
0.874506 0.0705548 0.479856 101.748 -0.0991339 0.994478 0.0344436 2.98614 -0.474776 -0.0776912 0.876671 77.0612 
0.873096 0.07887 0.481127 101.79 -0.10933 0.993369 0.0355599 2.99279 -0.475133 -0.0836491 0.875929 77.1709 
0.872135 0.0879744 0.48129 101.833 -0.123066 0.991519 0.0417671 3.00154 -0.473534 -0.0956571 0.875566 77.2976 
0.874989 0.0793214 0.477601 101.901 -0.113403 0.992622 0.0429031 3.00575 -0.470674 -0.0917012 0.877529 77.4054 
0.876412 0.0591578 0.477916 101.991 -0.0850992 0.995833 0.0327896 2.99306 -0.473984 -0.0694074 0.877794 77.4916 
0.875377 0.0498087 0.480869 102.067 -0.068564 0.997415 0.0215015 2.98198 -0.478555 -0.0517921 0.876529 77.5784 
0.875637 0.0619152 0.478985 102.099 -0.0797338 0.996672 0.0169288 2.97081 -0.476343 -0.0530148 0.87766 77.6824 
0.874527 0.0856846 0.477348 102.111 -0.103775 0.994533 0.0116005 2.96798 -0.473745 -0.0596816 0.878638 77.7935 
0.872471 0.0992018 0.47849 102.139 -0.117042 0.993098 0.00752133 2.95888 -0.474441 -0.0625657 0.878061 77.8807 
0.873239 0.095287 0.477885 102.201 -0.111615 0.993735 0.00580987 2.95562 -0.474337 -0.0584124 0.878403 77.9802 
0.873974 0.0877764 0.477979 102.273 -0.102582 0.994712 0.00489986 2.94964 -0.475022 -0.0533146 0.878357 78.0854 
0.872987 0.088176 0.479707 102.322 -0.102666 0.994708 0.00399553 2.93888 -0.476816 -0.0527377 0.87742 78.186 
0.872263 0.0956311 0.479595 102.372 -0.110069 0.993922 0.00200022 2.93558 -0.476488 -0.0545332 0.877488 78.3057 
0.871148 0.10172 0.480368 102.425 -0.115769 0.993276 -0.000383204 2.9351 -0.477177 -0.0552778 0.877067 78.4288 
0.870734 0.100082 0.481463 102.498 -0.113309 0.993559 -0.00161059 2.92896 -0.478523 -0.0531516 0.876465 78.5591 
0.870475 0.0986008 0.482236 102.572 -0.110411 0.993878 -0.00391283 2.9275 -0.47967 -0.0498383 0.876032 78.682 
0.869291 0.102594 0.483536 102.63 -0.11287 0.993578 -0.00789686 2.92638 -0.481242 -0.0477123 0.875289 78.8079 
0.867084 0.114332 0.484864 102.689 -0.122123 0.992392 -0.0156149 2.92623 -0.482961 -0.0456735 0.87445 78.9474 
0.865296 0.127063 0.48489 102.746 -0.13066 0.991072 -0.0265402 2.92971 -0.483933 -0.0403906 0.874172 79.0878 
0.869723 0.112205 0.480616 102.84 -0.115373 0.993055 -0.0230592 2.92257 -0.479866 -0.0353952 0.876628 79.2237 
0.869884 0.0915927 0.484678 102.947 -0.0973283 0.995162 -0.0133805 2.9033 -0.483559 -0.0355334 0.87459 79.3546 
0.868226 0.0848784 0.488855 103.025 -0.0948011 0.995486 -0.00447262 2.87302 -0.487028 -0.0424607 0.872354 79.4893 
0.867751 0.0972988 0.487382 103.087 -0.110184 0.993909 -0.00224485 2.87229 -0.484631 -0.0517536 0.873186 79.6552 
0.865038 0.108254 0.489888 103.146 -0.1219 0.992534 -0.00407926 2.86678 -0.486672 -0.0561884 0.871776 79.7993 
0.865067 0.105401 0.490458 103.23 -0.116719 0.993136 -0.00755859 2.85779 -0.487888 -0.0507072 0.871432 79.9397 
0.866071 0.0967006 0.49048 103.344 -0.10647 0.994284 -0.00802818 2.84769 -0.488453 -0.0452683 0.871415 80.117 
0.864934 0.0940256 0.493 103.436 -0.103433 0.994602 -0.00822507 2.83162 -0.491112 -0.0438785 0.869991 80.2787 
0.863706 0.100225 0.49393 103.543 -0.110091 0.993879 -0.00916197 2.82018 -0.491825 -0.0464638 0.869454 80.4959 
0.862488 0.105492 0.494961 103.65 -0.117138 0.993087 -0.00754247 2.80477 -0.492335 -0.0514732 0.868883 80.6954 
0.861342 0.102971 0.497481 103.77 -0.116364 0.993198 -0.00410507 2.78576 -0.49452 -0.0543527 0.867465 80.9289 
0.861077 0.0975827 0.499023 103.92 -0.110292 0.993891 -0.00404142 2.76784 -0.496369 -0.0515582 0.866579 81.1851 
0.860438 0.0942789 0.500757 104.061 -0.105088 0.994441 -0.0066559 2.74741 -0.4986 -0.0468966 0.865562 81.437 
0.859068 0.0945971 0.503045 104.216 -0.104436 0.994494 -0.00866453 2.72751 -0.501095 -0.0450926 0.864217 81.7199 
0.85705 0.0947532 0.506445 104.382 -0.105056 0.994432 -0.00826857 2.71678 -0.504408 -0.0461183 0.862233 82.0195 
0.853529 0.0953841 0.512241 104.528 -0.106114 0.994319 -0.00833727 2.69827 -0.510126 -0.0472399 0.858801 82.2905 
0.849347 0.0978326 0.51869 104.694 -0.105844 0.994281 -0.0142182 2.68284 -0.517114 -0.042824 0.854844 82.5693 
