1 0 0 0 0 1 0 0 0 0 1 0 
0.999987 0.00126601 0.0048621 -0.00552649 -0.00125657 0.999997 -0.00194308 -0.0261358 -0.00486455 0.00193695 0.999986 0.29084 
0.99994 0.00260008 0.0106364 -0.00509149 -0.00254903 0.999985 -0.0048103 -0.0389771 -0.0106488 0.0047829 0.999932 0.599022 
0.999832 0.0053925 0.0175428 -0.00753011 -0.00527119 0.999962 -0.00695367 -0.0576426 -0.0175797 0.00686002 0.999822 0.883823 
0.999647 0.00701374 0.0256121 -0.00564481 -0.00676684 0.99993 -0.00971395 -0.0720908 -0.0256784 0.00953721 0.999625 1.15624 
0.999348 0.00743588 0.0353426 0.0050586 -0.00707801 0.999923 -0.0102402 -0.0908139 -0.035416 0.00998335 0.999323 1.43882 
0.998843 0.00795274 0.0474241 0.0223834 -0.00749181 0.999923 -0.00988932 -0.117224 -0.0474991 0.00952259 0.998826 1.6983 
0.998104 0.0087829 0.0609179 0.0441742 -0.00831899 0.999934 -0.00786482 -0.143425 -0.060983 0.00734313 0.998112 1.95733 
0.99702 0.00809604 0.0767172 0.0708714 -0.00764417 0.999952 -0.00618185 -0.165303 -0.0767636 0.00557699 0.997034 2.20924 
0.995462 0.0097672 0.0946586 0.113723 -0.00924366 0.999939 -0.00596776 -0.185123 -0.0947112 0.00506569 0.995492 2.44031 
0.993076 0.0103736 0.117016 0.153884 -0.0096468 0.999931 -0.00677591 -0.198791 -0.117078 0.00560016 0.993107 2.69166 
0.98961 0.0113 0.14333 0.20445 -0.0102473 0.999915 -0.00808108 -0.214619 -0.143409 0.00652838 0.989642 2.92569 
0.984626 0.0120943 0.174258 0.266767 -0.0102765 0.999883 -0.0113303 -0.22318 -0.174375 0.00936532 0.984635 3.16586 
0.977553 0.0119688 0.21035 0.32686 -0.0102535 0.999905 -0.00924333 -0.257507 -0.21044 0.00687903 0.977583 3.36978 
0.968168 0.0107681 0.250071 0.416753 -0.0101818 0.999942 -0.00363796 -0.282038 -0.250096 0.000975974 0.968221 3.59747 
0.956486 0.00875227 0.291648 0.513957 -0.00946185 0.999955 0.00102264 -0.303924 -0.291626 -0.00373767 0.956525 3.79538 
0.941588 0.00607554 0.336712 0.624433 -0.00743463 0.999969 0.0027472 -0.322694 -0.336685 -0.00509006 0.941604 4.00271 
0.922444 0.00451312 0.386106 0.756486 -0.00530504 0.999985 0.000985589 -0.333661 -0.386095 -0.00295746 0.922454 4.20352 
0.898394 0.000709049 0.439189 0.910833 -0.00116942 0.999999 0.000777692 -0.34279 -0.439188 -0.00121227 0.898394 4.41331 
0.869776 -0.005615 0.493415 1.09635 0.00379994 0.999982 0.00468125 -0.349838 -0.493433 -0.00219669 0.869781 4.62696 
0.836236 -0.0107072 0.548266 1.27239 0.00641766 0.999932 0.00973952 -0.368374 -0.548333 -0.00462595 0.836247 4.81384 
0.798716 -0.00952268 0.601633 1.47774 0.00504202 0.999946 0.0091335 -0.377756 -0.601688 -0.00426162 0.79872 5.01017 
0.756803 -0.00924614 0.653577 1.70875 0.00359391 0.999944 0.00998465 -0.37902 -0.653633 -0.00520751 0.756794 5.20138 
0.710546 -0.0124106 0.703541 1.95555 0.00287442 0.999887 0.0147352 -0.376718 -0.703645 -0.00844773 0.710502 5.37912 
0.660906 -0.0160098 0.750298 2.20264 0.00524557 0.999847 0.016714 -0.376207 -0.75045 -0.00711065 0.660889 5.52727 
0.606981 -0.0177359 0.794518 2.47299 0.00894513 0.99984 0.0154855 -0.37618 -0.794666 -0.00229236 0.607043 5.67148 
0.549726 -0.0191013 0.835127 2.7765 0.0108386 0.999817 0.0157336 -0.376861 -0.835275 0.00040249 0.549832 5.80991 
0.488834 -0.0210954 0.872122 3.09038 0.00889494 0.999776 0.0191975 -0.384404 -0.872331 -0.00162692 0.488913 5.93708 
0.426368 -0.0217734 0.904288 3.42406 0.00566985 0.999755 0.0213987 -0.381885 -0.904532 -0.00399655 0.426387 6.04184 
0.361618 -0.0255686 0.931976 3.74323 0.00345975 0.999654 0.0260829 -0.395741 -0.93232 -0.00620765 0.361582 6.12291 
0.296824 -0.0330581 0.95436 4.10987 0.0045866 0.999438 0.033193 -0.403878 -0.954921 -0.00547522 0.296809 6.18625 
0.229319 -0.0355259 0.972703 4.46945 -0.000267062 0.999331 0.0365614 -0.412187 -0.973351 -0.008644 0.229156 6.24053 
0.166521 -0.0378783 0.98531 4.8365 -0.00649591 0.999198 0.0395101 -0.44017 -0.986016 -0.0129798 0.166142 6.2414 
0.105066 -0.0406625 0.993634 5.24041 -0.0168497 0.998947 0.0426616 -0.451631 -0.994323 -0.0212247 0.10427 6.25904 
0.0414037 -0.0307014 0.998671 5.64172 -0.00796912 0.999486 0.0310568 -0.456571 -0.999111 -0.00924439 0.0411377 6.22111 
-0.0194902 -0.0220903 0.999566 6.05556 0.000268125 0.999756 0.0220997 -0.478612 -0.99981 0.000698737 -0.0194796 6.17241 
-0.0746573 -0.0198283 0.997012 6.4791 0.00288818 0.999794 0.0200999 -0.479249 -0.997205 0.00438016 -0.0745846 6.12365 
-0.124131 -0.0256756 0.991934 6.9564 -0.0056511 0.999667 0.0251686 -0.476629 -0.99225 -0.00248132 -0.124235 6.06084 
-0.165126 -0.0421179 0.985373 7.43615 -0.000661581 0.999092 0.0425934 -0.477417 -0.986272 0.00638138 -0.165004 5.95115 
-0.200603 -0.0498429 0.978404 7.91499 0.00402386 0.998655 0.0516995 -0.47622 -0.979664 0.014308 -0.200132 5.83317 
-0.232263 -0.0434382 0.971683 8.4105 0.00425466 0.998947 0.0456741 -0.473168 -0.972644 0.0147426 -0.231833 5.70828 
-0.25664 -0.0359974 0.965837 8.92122 0.000613348 0.9993 0.0374076 -0.442751 -0.966507 0.0101927 -0.256438 5.55326 
-0.275748 -0.0393193 0.960425 9.41793 -0.000955076 0.999174 0.0406314 -0.450867 -0.961229 0.0102868 -0.275558 5.40305 
-0.292847 -0.0421572 0.955229 9.9786 -0.00179169 0.99905 0.0435419 -0.45576 -0.956158 0.0110396 -0.292644 5.22644 
-0.307865 -0.042337 0.950488 10.565 -0.0036842 0.999055 0.043307 -0.432475 -0.951423 0.00983091 -0.30773 5.02191 
-0.322232 -0.0433328 0.945668 11.0917 -0.00384878 0.999004 0.0444653 -0.435432 -0.946653 0.0106885 -0.322078 4.8411 
-0.335838 -0.0460402 0.940794 11.6336 -0.00516718 0.99888 0.0470382 -0.437054 -0.941906 0.010936 -0.335699 4.66429 
-0.349267 -0.0508656 0.935642 12.1478 -0.00685562 0.998638 0.0517312 -0.430044 -0.936998 0.0116536 -0.34914 4.52585 
-0.361457 -0.0529225 0.930886 12.749 -0.00990821 0.998549 0.052922 -0.424901 -0.932336 0.00990559 -0.361457 4.3243 
-0.373435 -0.0536816 0.926102 13.2742 -0.0139265 0.998536 0.0522646 -0.420694 -0.927552 0.00662011 -0.373636 4.14221 
-0.384111 -0.0525423 0.921791 13.8293 -0.0149523 0.998603 0.05069 -0.423142 -0.923166 0.00568764 -0.38436 3.92349 
-0.39227 -0.049725 0.918505 14.4597 -0.0144949 0.998748 0.0478787 -0.410477 -0.919736 0.00546776 -0.3925 3.64147 
-0.399361 -0.0478197 0.915546 15.1051 -0.0151158 0.998846 0.0455771 -0.385577 -0.916669 0.0043625 -0.399623 3.3438 
-0.407102 -0.0520046 0.911901 15.7042 -0.0175114 0.998639 0.0491335 -0.368017 -0.913215 0.00403372 -0.407458 3.08073 
-0.413921 -0.0542359 0.908696 16.2758 -0.0208093 0.998526 0.0501186 -0.361826 -0.910075 0.00183574 -0.414439 2.83031 
-0.418789 -0.050614 0.906672 16.8624 -0.0222393 0.998718 0.0454801 -0.355146 -0.907811 -0.00111717 -0.419377 2.57422 
-0.422449 -0.0495616 0.905031 17.5 -0.02178 0.998771 0.0445286 -0.358355 -0.906125 -0.000900526 -0.423009 2.30467 
-0.423819 -0.051164 0.904301 18.1404 -0.0221943 0.99869 0.0461027 -0.363894 -0.905475 -0.000531137 -0.424399 2.02048 
-0.424613 -0.0549948 0.903703 18.7091 -0.0218174 0.998485 0.0505116 -0.397803 -0.905112 0.00173139 -0.425169 1.79139 
-0.421625 -0.0574926 0.904946 19.1499 -0.0249763 0.998346 0.0517897 -0.411537 -0.906426 -0.000766356 -0.422363 1.56587 
-0.418513 -0.0566895 0.90644 19.7275 -0.0258544 0.998389 0.0505029 -0.399887 -0.907843 -0.00229938 -0.419305 1.30807 
-0.415002 -0.0573792 0.908009 20.1969 -0.0248455 0.998352 0.0517326 -0.427391 -0.909481 -0.00109082 -0.415744 1.06997 
-0.411037 -0.0582425 0.909756 20.6754 -0.0222746 0.998301 0.0538472 -0.426488 -0.911346 0.00186876 -0.411636 0.831272 
-0.408307 -0.0555531 0.911153 21.1162 -0.0111848 0.998376 0.0558589 -0.420865 -0.912776 0.0126165 -0.408265 0.636563 
-0.406298 -0.0491403 0.912418 21.5217 0.00419223 0.998442 0.0556401 -0.468884 -0.913731 0.0264315 -0.405459 0.496495 
-0.405144 -0.064096 0.912003 22.1115 -0.0172453 0.997898 0.0624718 -0.468626 -0.91409 0.00958228 -0.405398 0.274481 
-0.403431 -0.084653 0.911086 22.7541 -0.0477826 0.996302 0.0714125 -0.464586 -0.913762 -0.014724 -0.405984 0.0512335 
-0.40033 -0.0784826 0.913004 23.2716 -0.0320973 0.996915 0.0716218 -0.470207 -0.915809 -0.00063265 -0.401614 -0.216075 
-0.401972 -0.0537706 0.914072 23.7211 -0.034425 0.998456 0.0435957 -0.514559 -0.915005 -0.0139427 -0.403202 -0.423072 
-0.405772 -0.0509468 0.912553 24.3648 -0.0518225 0.998121 0.0326808 -0.506932 -0.912504 -0.0340298 -0.40765 -0.674643 
-0.403825 -0.0712258 0.91206 25.0196 -0.0506369 0.997176 0.0554529 -0.49089 -0.913434 -0.0237906 -0.406291 -0.946839 
-0.404757 -0.102895 0.908617 25.3922 -0.0441254 0.994689 0.0929856 -0.498598 -0.913359 -0.00245656 -0.407147 -1.06052 
-0.406602 -0.102246 0.907866 26.0921 -0.0423908 0.994759 0.0930472 -0.470863 -0.912622 -0.000652017 -0.408805 -1.35851 
-0.407733 -0.0822255 0.909391 26.5311 -0.0456766 0.996527 0.0696246 -0.460197 -0.911958 -0.0131496 -0.410073 -1.54792 
-0.408931 -0.0757481 0.909416 27.0225 -0.0510258 0.996888 0.0600895 -0.45268 -0.911138 -0.0218312 -0.411524 -1.71703 
-0.408953 -0.0856767 0.908525 27.5449 -0.0495572 0.996199 0.0716376 -0.44445 -0.911209 -0.0157275 -0.411644 -1.94125 
-0.408939 -0.0909846 0.908015 27.9659 -0.047529 0.99579 0.0783744 -0.441537 -0.911323 -0.0111067 -0.411542 -2.13524 
-0.409377 -0.0877294 0.908138 28.4183 -0.0479725 0.996059 0.0745975 -0.438739 -0.911103 -0.0130271 -0.411973 -2.41283 
-0.411953 -0.0835287 0.907368 28.975 -0.0485318 0.996387 0.0696896 -0.421207 -0.909912 -0.0153274 -0.414519 -2.65391 
-0.414578 -0.0819404 0.906317 29.3723 -0.0484699 0.996512 0.0679233 -0.417036 -0.908722 -0.0157695 -0.417104 -2.82695 
-0.421628 -0.0834477 0.902921 29.7318 -0.047904 0.996416 0.0697192 -0.468533 -0.905503 -0.013858 -0.424114 -2.84797 
-0.426193 -0.0807846 0.901018 30.195 -0.0448676 0.996667 0.0681375 -0.458887 -0.903519 -0.0113868 -0.428397 -3.03528 
-0.430112 -0.0810121 0.899133 30.6324 -0.0447921 0.996654 0.0683719 -0.443639 -0.901664 -0.0108665 -0.432301 -3.21366 
-0.43429 -0.0850919 0.896745 31.1395 -0.0465542 0.996318 0.0719944 -0.455351 -0.899569 -0.0104808 -0.436652 -3.42078 
-0.436924 -0.0867719 0.895303 31.7302 -0.0452428 0.996196 0.074471 -0.447701 -0.89836 -0.00796781 -0.439188 -3.6883 
-0.439195 -0.086507 0.894217 32.0821 -0.0450156 0.996222 0.0742656 -0.447574 -0.897263 -0.00763662 -0.44143 -3.84823 
-0.441328 -0.0853496 0.893278 32.5047 -0.044341 0.996325 0.0732885 -0.446801 -0.89625 -0.00726451 -0.443491 -4.04348 
-0.442474 -0.0850018 0.892744 32.8854 -0.0440121 0.996356 0.0730532 -0.424391 -0.895701 -0.00696741 -0.444603 -4.1809 
-0.440158 -0.0843103 0.893954 33.3075 -0.0415542 0.996428 0.0735147 -0.408638 -0.896959 -0.00478947 -0.442089 -4.37379 
-0.436049 -0.0836957 0.896023 33.7179 -0.0397687 0.996485 0.0737263 -0.417906 -0.899044 -0.00348543 -0.437845 -4.54212 
-0.431781 -0.0845812 0.898004 34.0748 -0.0405688 0.996407 0.0743432 -0.421844 -0.901066 -0.004331 -0.433661 -4.67921 
-0.428508 -0.0846319 0.899566 34.4755 -0.0425053 0.996389 0.0734938 -0.370285 -0.902538 -0.00674365 -0.430558 -4.78451 
-0.423527 -0.0850218 0.901885 35.0415 -0.0429096 0.996351 0.0737768 -0.355072 -0.904866 -0.00745301 -0.42563 -5.02394 
-0.417632 -0.0843592 0.904692 35.6296 -0.0415133 0.996412 0.0737481 -0.352219 -0.907667 -0.00675722 -0.419636 -5.27331 
-0.412485 -0.0821896 0.907249 36.062 -0.0416066 0.996582 0.0713659 -0.328927 -0.910014 -0.00831018 -0.414495 -5.42243 
-0.404686 -0.0812022 0.910843 36.6536 -0.0414588 0.996655 0.0704323 -0.317254 -0.913516 -0.00925948 -0.406698 -5.68145 
-0.397028 -0.0802905 0.914288 37.1825 -0.0403591 0.99673 0.0700045 -0.313148 -0.916919 -0.00910609 -0.39897 -5.89244 
-0.391216 -0.080491 0.916772 37.6904 -0.0428676 0.99668 0.0692139 -0.272701 -0.9193 -0.0122222 -0.393368 -6.06708 
-0.38372 -0.0789972 0.920064 38.2785 -0.0414742 0.996803 0.0682889 -0.261748 -0.922518 -0.0119551 -0.38577 -6.30559 
-0.378177 -0.0781813 0.922426 38.8154 -0.0433214 0.99683 0.0667266 -0.241583 -0.924719 -0.0147263 -0.380365 -6.4839 
-0.371241 -0.0800455 0.92508 39.3573 -0.0484056 0.996591 0.0668077 -0.211027 -0.927274 -0.0199772 -0.37385 -6.67377 
-0.36394 -0.0809867 0.927895 39.9183 -0.0514263 0.99644 0.0667989 -0.17694 -0.930002 -0.0234074 -0.366809 -6.87656 
-0.356448 -0.0821827 0.930694 40.3182 -0.0558561 0.996217 0.0665762 -0.155051 -0.932644 -0.0282541 -0.359689 -7.02717 
-0.350127 -0.0799963 0.93328 40.7185 -0.0554189 0.99637 0.0646133 -0.189125 -0.935061 -0.0290985 -0.353289 -7.12282 
-0.340913 -0.0769059 0.936944 41.31 -0.0549099 0.996576 0.0618213 -0.166087 -0.93849 -0.0303718 -0.343969 -7.31433 
-0.330655 -0.0790359 0.940436 41.9049 -0.0590546 0.996267 0.0629646 -0.15519 -0.941902 -0.0347175 -0.334088 -7.48255 
-0.321654 -0.0820203 0.943298 42.3705 -0.062925 0.99589 0.0651364 -0.156527 -0.944764 -0.0384056 -0.325494 -7.55298 
-0.307235 -0.0849039 0.947838 42.9956 -0.0641192 0.995596 0.068398 -0.179222 -0.949471 -0.0397603 -0.311326 -7.72152 
-0.290543 -0.0812529 0.953406 43.673 -0.0633718 0.995834 0.0655568 -0.146109 -0.954761 -0.041372 -0.294482 -7.90887 
-0.271635 -0.0810916 0.958978 44.2457 -0.0663039 0.995653 0.065412 -0.122799 -0.960114 -0.0458158 -0.275831 -8.0354 
-0.251346 -0.0821776 0.964402 44.8632 -0.0659355 0.995528 0.0676455 -0.127009 -0.965649 -0.046586 -0.25564 -8.16326 
-0.231748 -0.0791704 0.969549 45.441 -0.0701662 0.995447 0.0645136 -0.0673745 -0.970242 -0.0530787 -0.236248 -8.23812 
-0.208698 -0.0751841 0.975086 46.0736 -0.0676168 0.995764 0.0623064 -0.0630205 -0.97564 -0.052929 -0.212897 -8.3501 
-0.184499 -0.0727136 0.980139 46.6301 -0.0585997 0.996299 0.0628818 -0.0673962 -0.981084 -0.0458342 -0.188077 -8.43095 
-0.160178 -0.0719376 0.984463 47.1082 -0.054639 0.996458 0.0639239 -0.0382572 -0.985575 -0.0435508 -0.163542 -8.47158 
-0.135124 -0.0671147 0.988553 47.7002 -0.0536838 0.996734 0.0603322 -0.0277293 -0.989373 -0.044917 -0.138285 -8.51527 
-0.106481 -0.0677404 0.992005 48.2559 -0.0498416 0.996786 0.062717 -0.0297779 -0.993065 -0.042765 -0.109515 -8.56783 
-0.078605 -0.0688612 0.994525 48.9265 -0.0453 0.996828 0.0654403 -0.00420147 -0.995876 -0.039908 -0.081475 -8.60003 
-0.0526251 -0.0734115 0.995912 49.5489 -0.0444941 0.996476 0.0711019 -0.000484969 -0.997623 -0.0405704 -0.0557061 -8.58722 
-0.0243548 -0.0685685 0.997349 50.1852 -0.0462613 0.996654 0.067391 0.0200859 -0.998632 -0.0444974 -0.0274454 -8.5772 
0.00559371 -0.0611247 0.998114 50.8169 -0.0469483 0.997013 0.0613204 0.0404363 -0.998882 -0.0472028 0.00270731 -8.55535 
0.0347069 -0.0566631 0.99779 51.3241 -0.0457364 0.997255 0.0582236 0.0515169 -0.99835 -0.0476561 0.0320201 -8.49857 
0.0637106 -0.0592418 0.996208 51.8471 -0.0465864 0.996972 0.0622665 0.0662549 -0.99688 -0.0503768 0.0607578 -8.41819 
0.0941589 -0.064364 0.993474 52.4039 -0.0460675 0.996557 0.0689299 0.0631506 -0.994491 -0.0522572 0.0908696 -8.33189 
0.124124 -0.0640314 0.990199 52.9495 -0.0484113 0.996337 0.0704968 0.0990794 -0.991085 -0.0566872 0.12057 -8.21808 
0.154412 -0.0637098 0.98595 53.5793 -0.0484682 0.996229 0.0719647 0.0905235 -0.986817 -0.0588995 0.150742 -8.07567 
0.184581 -0.0619814 0.980861 54.0979 -0.0507345 0.996078 0.0724904 0.0865152 -0.981507 -0.0631439 0.180712 -7.94287 
0.215125 -0.0612611 0.974663 54.6061 -0.0525257 0.99586 0.0741867 0.0693675 -0.975173 -0.0671543 0.211016 -7.79411 
0.243892 -0.0597619 0.967959 55.138 -0.0516704 0.995881 0.0745049 0.100915 -0.968425 -0.068186 0.239799 -7.59228 
0.273196 -0.060048 0.960082 55.6516 -0.0513752 0.995715 0.0768957 0.0989455 -0.960585 -0.070332 0.268941 -7.40082 
0.302534 -0.0594043 0.951285 56.1555 -0.0508329 0.99563 0.0783396 0.115596 -0.951782 -0.072057 0.298193 -7.19725 
0.331624 -0.0579355 0.941631 56.6092 -0.050244 0.995611 0.0789517 0.12716 -0.942073 -0.0734935 0.327257 -6.98703 
0.359944 -0.0594774 0.931076 57.0672 -0.0477725 0.995482 0.08206 0.116628 -0.93175 -0.0740168 0.355477 -6.7406 
0.39185 -0.0583317 0.918178 57.5524 -0.0453932 0.995547 0.0826193 0.144449 -0.918909 -0.0740534 0.387457 -6.52282 
0.4216 -0.0567361 0.905005 57.9896 -0.0453569 0.995472 0.0835373 0.164493 -0.905647 -0.0762676 0.417118 -6.27668 
0.451862 -0.0548269 0.890401 58.499 -0.0455435 0.99539 0.0844041 0.183302 -0.890925 -0.078691 0.447282 -5.98129 
0.481562 -0.0537056 0.874765 58.9992 -0.0457917 0.995215 0.0863091 0.191205 -0.875215 -0.0816202 0.476799 -5.66041 
0.509806 -0.0516758 0.858736 59.4209 -0.0458181 0.995147 0.0870854 0.224742 -0.859068 -0.0837423 0.504965 -5.3535 
0.537282 -0.0511192 0.841852 59.8455 -0.0448877 0.995014 0.0890675 0.232291 -0.842207 -0.0856432 0.532308 -5.01664 
0.565869 -0.0510634 0.822912 60.3374 -0.0426433 0.994932 0.0910609 0.24478 -0.823391 -0.0866202 0.560824 -4.64717 
0.593639 -0.049034 0.803236 60.7633 -0.0402031 0.995088 0.0904582 0.253594 -0.803727 -0.0859921 0.588752 -4.30233 
0.621443 -0.0464495 0.782081 61.203 -0.038292 0.995247 0.0895368 0.282758 -0.782523 -0.0855895 0.616711 -3.94454 
0.646901 -0.0443726 0.761282 61.6264 -0.0393146 0.995037 0.0914052 0.302816 -0.76156 -0.0890596 0.641946 -3.53606 
0.672302 -0.0453089 0.738889 62.001 -0.0361006 0.994931 0.0938567 0.30747 -0.739396 -0.0897743 0.667258 -3.16545 
0.696999 -0.0440362 0.715718 62.4115 -0.0347775 0.994862 0.095079 0.332262 -0.716228 -0.0911609 0.691887 -2.7292 
0.720357 -0.0434043 0.692245 62.8086 -0.0324708 0.994835 0.0961664 0.345974 -0.692843 -0.0917519 0.715227 -2.30343 
0.741387 -0.0380731 0.669997 63.1861 -0.0375794 0.994467 0.0980949 0.363029 -0.670025 -0.0979043 0.735854 -1.91244 
0.759981 -0.0369283 0.648896 63.5342 -0.0364564 0.994391 0.0992876 0.381367 -0.648922 -0.0991131 0.754372 -1.47436 
0.776746 -0.0366434 0.628747 63.8424 -0.0330525 0.994559 0.0987955 0.39659 -0.628946 -0.0975206 0.771308 -1.0548 
0.791919 -0.0354182 0.609598 64.0933 -0.0311647 0.994671 0.0982769 0.410978 -0.60983 -0.0968253 0.786595 -0.673659 
0.806381 -0.0346531 0.59038 64.3797 -0.0307843 0.994469 0.100419 0.417082 -0.590594 -0.0991504 0.800854 -0.241522 
0.820022 -0.0355419 0.571228 64.6411 -0.0279246 0.994397 0.101958 0.420926 -0.571651 -0.0995594 0.814434 0.187133 
0.832048 -0.0343921 0.553636 64.9503 -0.0259192 0.994575 0.100737 0.456302 -0.554098 -0.0981678 0.826643 0.691065 
0.842898 -0.029993 0.537237 65.2956 -0.0269917 0.994831 0.0978884 0.500621 -0.537396 -0.0970109 0.837732 1.27318 
0.85232 -0.0329148 0.521984 65.4976 -0.0213854 0.99499 0.0976603 0.508179 -0.522583 -0.0944006 0.847346 1.67935 
0.860855 -0.0309669 0.507907 65.7606 -0.0214474 0.995051 0.0970193 0.530404 -0.508398 -0.0944129 0.855931 2.14064 
0.868232 -0.0293388 0.49529 66.0237 -0.021482 0.995091 0.0966022 0.547632 -0.495693 -0.094513 0.86334 2.63029 
0.874441 -0.0296744 0.484223 66.2518 -0.0205865 0.994959 0.09815 0.563146 -0.484695 -0.0957948 0.869422 3.06293 
0.880165 -0.0293157 0.473761 66.4982 -0.0205997 0.994792 0.0998271 0.56932 -0.47422 -0.0976237 0.874977 3.52021 
0.884396 -0.0233678 0.466153 66.7751 -0.0258886 0.994752 0.0989824 0.599763 -0.46602 -0.0996076 0.87915 4.09222 
0.887783 -0.0162294 0.459975 66.9739 -0.0313341 0.994928 0.0955811 0.647852 -0.459194 -0.0992682 0.882772 4.48448 
0.889949 -0.0177871 0.455712 67.1749 -0.0316002 0.994433 0.100525 0.68217 -0.454963 -0.103863 0.884433 4.92266 
0.891292 -0.0194532 0.453012 67.3874 -0.032316 0.993813 0.106257 0.681256 -0.452277 -0.109346 0.885149 5.37619 
0.892394 -0.020047 0.450811 67.6035 -0.0320451 0.993675 0.107622 0.693145 -0.450117 -0.110487 0.886108 5.81691 
0.893768 -0.0225089 0.447964 67.7807 -0.0247748 0.994738 0.0994128 0.698127 -0.447845 -0.0999502 0.888507 6.21287 
0.895474 -0.0219772 0.444571 68.0148 -0.0142481 0.996853 0.0779784 0.678136 -0.444886 -0.0761619 0.892343 6.64172 
0.896962 -0.0114778 0.441958 68.2306 -0.00807681 0.999071 0.0423383 0.641336 -0.442033 -0.0415455 0.896036 7.03623 
0.897932 -0.00683022 0.440081 68.4682 -0.00931937 0.99936 0.0345255 0.641667 -0.440035 -0.0351029 0.897294 7.5144 
0.899937 -0.0197891 0.43557 68.6907 -0.00639828 0.998263 0.0585732 0.678228 -0.435973 -0.0554991 0.898247 7.94949 
0.901203 -0.0475169 0.430785 68.9371 -6.71175e-05 0.993956 0.109777 0.682515 -0.433398 -0.09896 0.895753 8.47204 
0.902673 -0.0523543 0.427131 69.1833 0.000893489 0.992798 0.119801 0.685367 -0.430326 -0.10776 0.896218 8.93391 
0.903511 -0.0412784 0.426572 69.4214 -8.05392e-05 0.995334 0.0964869 0.736275 -0.428564 -0.0872113 0.899292 9.44238 
0.904286 -0.032979 0.425651 69.6781 -0.00210283 0.996656 0.0816874 0.768116 -0.426921 -0.0747639 0.901193 10.0021 
0.90441 -0.035872 0.425154 69.9369 -0.00333039 0.995836 0.0911072 0.797519 -0.426652 -0.0838141 0.900524 10.5969 
0.904139 -0.0430229 0.425066 70.0506 -0.000263448 0.99486 0.101255 0.814952 -0.427237 -0.0916606 0.899481 10.9518 
0.903831 -0.0422421 0.4258 70.3014 0.000476446 0.995214 0.0977204 0.834591 -0.42789 -0.0881198 0.899525 11.5152 
0.90353 -0.0436823 0.426293 70.4541 0.00396737 0.995601 0.0936104 0.821085 -0.428507 -0.0828885 0.899728 11.9496 
0.90374 -0.0421345 0.426003 70.6546 0.00185933 0.995521 0.094519 0.862283 -0.428078 -0.0846286 0.899771 12.4024 
0.904155 -0.0404124 0.425288 70.8596 -0.000188762 0.995478 0.094995 0.892688 -0.427204 -0.0859705 0.900059 12.8848 
0.904757 -0.036286 0.42438 71.0846 -0.00212808 0.995967 0.0896958 0.919596 -0.425923 -0.082056 0.901031 13.4222 
0.905456 -0.0335188 0.423114 71.3617 -0.00242669 0.996452 0.0841313 0.939854 -0.424433 -0.077204 0.902162 13.9696 
0.906162 -0.034456 0.421525 71.5773 -0.000951571 0.996507 0.0835013 0.959201 -0.42293 -0.0760668 0.902964 14.446 
0.906636 -0.0350446 0.420455 71.869 -0.00131926 0.996304 0.085886 0.988455 -0.421911 -0.0784221 0.903239 15.1142 
0.907688 -0.0354837 0.418143 72.1427 -0.00174333 0.996091 0.0883128 0.998566 -0.419642 -0.0808895 0.904078 15.6402 
0.907933 -0.0377661 0.41741 72.4247 0.000460406 0.996021 0.0891158 1.02751 -0.419115 -0.080719 0.904338 16.2764 
0.908229 -0.0356508 0.416951 72.7127 -0.00103483 0.99617 0.0874302 1.05444 -0.418471 -0.0798381 0.904714 16.8771 
0.907945 -0.0320246 0.417865 72.9085 -0.00386859 0.996393 0.0847679 1.09027 -0.419072 -0.0785811 0.904546 17.3567 
0.907749 -0.0274546 0.418615 73.2024 -0.00768686 0.9966 0.0820301 1.11446 -0.419444 -0.0776805 0.904452 17.9199 
0.906795 -0.0266936 0.420726 73.382 -0.00932678 0.996479 0.0833252 1.10964 -0.421469 -0.0794829 0.903353 18.3279 
0.905932 -0.0231985 0.422786 73.6593 -0.014346 0.996243 0.0854046 1.14446 -0.423179 -0.0834361 0.902196 18.8108 
0.904519 -0.0230837 0.425807 73.9493 -0.0146438 0.996263 0.0851161 1.18255 -0.426181 -0.0832246 0.900801 19.4583 
0.903054 -0.023351 0.428891 74.2204 -0.0148279 0.996231 0.0854608 1.19542 -0.429271 -0.0835353 0.899305 20.0535 
0.902132 -0.0239912 0.430793 74.4782 -0.0145109 0.996201 0.0858668 1.20591 -0.431217 -0.0837143 0.898356 20.5869 
0.901538 -0.0264489 0.431892 74.7594 -0.0121566 0.996188 0.0863821 1.21462 -0.43253 -0.0831271 0.897779 21.19 
0.900444 -0.0275752 0.434098 74.8932 -0.00982668 0.996444 0.0836806 1.20874 -0.434862 -0.0796155 0.896971 21.6219 
0.900876 -0.0237624 0.433427 75.1206 -0.0122483 0.996711 0.0801024 1.20949 -0.433905 -0.077471 0.897622 22.0709 
0.90167 -0.0227166 0.431828 75.3855 -0.0132395 0.996701 0.0800767 1.20975 -0.432222 -0.07792 0.898394 22.5784 
0.902432 -0.0248121 0.430117 75.6571 -0.0126651 0.996381 0.0840509 1.20869 -0.430646 -0.0812977 0.898852 23.1467 
0.902887 -0.0252275 0.429137 75.8772 -0.0123577 0.996341 0.0845716 1.22267 -0.429701 -0.0816618 0.899271 23.6298 
0.903654 -0.0253436 0.427514 76.1635 -0.0114743 0.996456 0.0833251 1.21565 -0.42811 -0.0802025 0.900161 24.1781 
0.903525 -0.0227271 0.427933 76.3504 -0.0126463 0.996744 0.079637 1.25011 -0.428349 -0.0773657 0.900295 24.6356 
0.90326 -0.022664 0.428494 76.5524 -0.0123546 0.996816 0.0787672 1.27433 -0.428915 -0.0764412 0.900105 25.1207 
0.902894 -0.022769 0.429259 76.7819 -0.0116697 0.99693 0.0774255 1.2801 -0.429704 -0.0749163 0.899857 25.6662 
0.902772 -0.0217725 0.429569 77.0281 -0.0138165 0.996735 0.0795554 1.29105 -0.429898 -0.0777555 0.899523 26.1843 
0.902747 -0.0200973 0.429703 77.3063 -0.0162575 0.9966 0.080766 1.30991 -0.429865 -0.0798971 0.899351 26.7223 
0.902235 -0.020014 0.43078 77.5219 -0.0164468 0.996599 0.0807485 1.33157 -0.430931 -0.079939 0.898837 27.2026 
0.901688 -0.0169289 0.432055 77.7473 -0.0192287 0.996675 0.0791818 1.33586 -0.431959 -0.0797052 0.898365 27.7527 
0.901563 -0.0177507 0.432283 78.0103 -0.0189745 0.996574 0.0804948 1.33664 -0.432231 -0.0807735 0.898138 28.3009 
0.901216 -0.0176857 0.433009 78.2486 -0.0189835 0.996597 0.0802147 1.34871 -0.432954 -0.0805108 0.897813 28.8652 
0.901111 -0.0185359 0.433191 78.5283 -0.0167967 0.996844 0.0775943 1.37645 -0.433262 -0.0771973 0.897956 29.4384 
0.901253 -0.0160285 0.432997 78.8393 -0.0182458 0.997025 0.0748848 1.42388 -0.432909 -0.0753905 0.89828 30.0217 
0.900898 -0.0142621 0.433797 79.0947 -0.0196559 0.997094 0.0736028 1.46293 -0.433586 -0.0748353 0.897999 30.5857 
0.900715 -0.0133015 0.434206 79.3628 -0.020262 0.997157 0.0725784 1.5044 -0.433937 -0.0741704 0.897885 31.1393 
0.900368 -0.0113921 0.434979 79.6211 -0.0223037 0.997135 0.0722816 1.51144 -0.434557 -0.0747817 0.897535 31.7179 
0.899925 -0.0129249 0.435854 79.9185 -0.0205376 0.997195 0.0719759 1.532 -0.435561 -0.0737243 0.897135 32.3323 
0.899668 -0.0145309 0.436333 80.1495 -0.0191616 0.997169 0.0727171 1.52835 -0.436154 -0.0737821 0.896842 32.847 
0.898974 -0.0103741 0.437879 80.4416 -0.0234574 0.997144 0.0717827 1.56172 -0.437373 -0.0748023 0.896164 33.4901 
0.898016 -0.00562039 0.439927 80.6244 -0.027628 0.997225 0.0691368 1.58607 -0.439095 -0.0742402 0.895368 34.0039 
0.898233 -0.00790248 0.439449 80.9587 -0.0254166 0.997231 0.0698842 1.57217 -0.438785 -0.0739416 0.895545 34.6135 
0.897748 -0.00806254 0.440436 81.272 -0.0265037 0.997033 0.0722746 1.59499 -0.439711 -0.0765576 0.89487 35.2792 
0.897038 -0.00604846 0.441911 81.5836 -0.028426 0.997046 0.0713488 1.60436 -0.441037 -0.0765644 0.894217 35.9511 
0.896802 -0.00522412 0.442402 81.8438 -0.0275799 0.997325 0.0676847 1.62758 -0.441572 -0.0729012 0.894259 36.4923 
0.896121 -0.00300257 0.443799 82.1297 -0.0299958 0.997281 0.0673149 1.63528 -0.442794 -0.0736344 0.893595 37.1272 
0.895198 -0.00274696 0.44566 82.4018 -0.0309136 0.99719 0.0682426 1.64664 -0.444595 -0.0748676 0.892597 37.7512 
0.894405 -0.0013043 0.447257 82.6257 -0.0318863 0.997265 0.0666732 1.65087 -0.446121 -0.0738942 0.891917 38.3153 
0.893349 0.00310112 0.449352 82.8872 -0.0364169 0.997187 0.0655181 1.67229 -0.447884 -0.0748946 0.890949 38.8984 
0.893304 0.00311656 0.449441 83.1738 -0.0370656 0.997081 0.066757 1.66991 -0.447921 -0.0762931 0.890812 39.4956 
0.891968 0.0023001 0.452093 83.2058 -0.0373797 0.996938 0.0686773 1.62415 -0.45055 -0.078157 0.889323 39.8072 
0.891939 0.00479444 0.452131 83.4157 -0.0392613 0.996988 0.0668804 1.6251 -0.450449 -0.0774045 0.889441 40.2903 
0.892711 0.00445271 0.450607 83.7328 -0.0386822 0.997017 0.0667824 1.64032 -0.448966 -0.0770479 0.890221 40.9458 
0.893186 0.00537471 0.449655 84.0043 -0.0397722 0.996954 0.0670861 1.64892 -0.447925 -0.0778041 0.890679 41.5379 
0.893841 0.00431763 0.448362 84.2788 -0.0377729 0.997124 0.0657008 1.62327 -0.446789 -0.0756621 0.891434 42.1108 
0.894276 0.00422448 0.447497 84.5504 -0.0377378 0.997106 0.0660021 1.60893 -0.445923 -0.0759116 0.891847 42.699 
0.894266 0.00501915 0.447507 84.7858 -0.0389668 0.997013 0.0666862 1.61958 -0.445836 -0.0770731 0.891791 43.2242 
0.894187 0.00756911 0.44763 85.0143 -0.0421222 0.996844 0.0672875 1.62839 -0.445708 -0.0790227 0.891684 43.7251 
0.893989 0.00892288 0.448001 85.1957 -0.0442032 0.996681 0.0683567 1.62179 -0.445904 -0.0809132 0.891416 44.1244 
0.893759 0.00991172 0.448438 85.4698 -0.0453828 0.996624 0.0684221 1.62791 -0.446245 -0.0815042 0.891191 44.6975 
0.893397 0.00962037 0.449164 85.6782 -0.0453468 0.996596 0.0688503 1.61681 -0.446973 -0.0818788 0.890792 45.1727 
0.892778 0.00986425 0.450388 85.9007 -0.0451486 0.996686 0.0676664 1.61965 -0.448228 -0.0807455 0.890265 45.7078 
0.892512 0.00936011 0.450926 86.0775 -0.0442828 0.996773 0.0669579 1.59016 -0.448844 -0.0797291 0.890046 46.1447 
0.89213 0.00971816 0.451674 86.3513 -0.0442554 0.99684 0.0659637 1.59289 -0.449606 -0.0788372 0.889741 46.7392 
0.891919 0.00692481 0.452141 86.5172 -0.0410678 0.996991 0.0657432 1.57157 -0.450326 -0.077206 0.88952 47.155 
0.89152 0.00805935 0.45291 86.7945 -0.0422893 0.996956 0.0655031 1.58796 -0.451003 -0.0775506 0.889147 47.7499 
0.891126 0.00791399 0.453687 87.0109 -0.0426865 0.996876 0.0664551 1.58121 -0.451744 -0.0785862 0.88868 48.2453 
0.890863 0.00785567 0.454203 87.2833 -0.0432656 0.996773 0.0676205 1.58359 -0.452206 -0.079892 0.888328 48.8286 
0.890722 0.00774208 0.454483 87.5039 -0.0431936 0.996772 0.0676733 1.59011 -0.452492 -0.0799088 0.888181 49.2987 
0.890292 0.00757984 0.455327 87.7431 -0.0434636 0.996711 0.0683911 1.5899 -0.453312 -0.0806782 0.887693 49.8257 
0.889972 0.00796061 0.455946 87.9673 -0.0439159 0.996697 0.0683185 1.57724 -0.453896 -0.0808248 0.887381 50.3174 
0.889603 0.0101367 0.456622 88.2592 -0.0454 0.996765 0.066322 1.60055 -0.454472 -0.0797309 0.887185 50.9219 
0.889279 0.0112854 0.457226 88.5065 -0.0451577 0.996977 0.0632213 1.62157 -0.455131 -0.0768687 0.8871 51.4394 
0.888597 0.0115886 0.458542 88.6409 -0.045486 0.99698 0.0629498 1.60931 -0.456428 -0.0767943 0.88644 51.8247 
0.888471 0.0112972 0.458793 88.9539 -0.0457916 0.99689 0.0641302 1.62018 -0.456642 -0.0779868 0.886226 52.4585 
0.88816 0.00955369 0.459434 89.0848 -0.0453626 0.996723 0.0669669 1.59034 -0.457289 -0.0803185 0.885684 52.8194 
0.887968 0.00956435 0.459805 89.3378 -0.0449221 0.996807 0.0660184 1.59341 -0.457705 -0.0792776 0.885562 53.3571 
0.887355 0.0127061 0.460912 89.5316 -0.0472282 0.996867 0.0634436 1.59949 -0.458662 -0.078065 0.885175 53.8296 
0.887778 0.0121983 0.460109 89.7777 -0.0459425 0.997005 0.0622134 1.60335 -0.457972 -0.0763703 0.88568 54.3011 
0.888137 0.0141681 0.45936 90.0341 -0.0472726 0.997039 0.0606463 1.61292 -0.457141 -0.0755774 0.886177 54.7862 
0.888406 0.0156791 0.458791 90.3272 -0.0483977 0.997046 0.0596436 1.61529 -0.456501 -0.0751922 0.88654 55.3765 
0.887464 0.0167605 0.460572 90.4454 -0.0490322 0.9971 0.0581937 1.6208 -0.458261 -0.0742277 0.885713 55.7826 
0.887666 0.0142499 0.460267 90.5871 -0.0478985 0.996956 0.0615107 1.60034 -0.45799 -0.076647 0.885647 56.1276 
0.888087 0.0120834 0.459516 90.7824 -0.0469608 0.996809 0.0645471 1.55372 -0.457269 -0.0789027 0.885821 56.5379 
0.888428 0.0131356 0.458828 90.9394 -0.0481058 0.99675 0.0646116 1.54018 -0.456488 -0.079475 0.886173 56.9073 
0.888351 0.0126984 0.458989 91.1216 -0.0477301 0.996756 0.064803 1.52488 -0.456677 -0.0794754 0.886075 57.3765 
0.88876 0.0117344 0.458223 91.2865 -0.0475216 0.996644 0.0666494 1.48456 -0.455903 -0.0810108 0.886335 57.7183 
0.889081 0.00814052 0.457677 91.46 -0.0449773 0.996557 0.0696474 1.42395 -0.455534 -0.0825073 0.886387 58.1133 
0.889325 0.00906474 0.457185 91.633 -0.0453339 0.996626 0.0684239 1.43957 -0.455022 -0.081577 0.886735 58.4815 
0.889563 0.00879279 0.456727 91.8439 -0.0450504 0.996629 0.0685574 1.44327 -0.454585 -0.0815619 0.886961 58.929 
0.88993 0.00690243 0.456045 92.0296 -0.0430112 0.9967 0.068847 1.45123 -0.454064 -0.080884 0.88729 59.3235 
0.89005 0.00904452 0.455773 92.3032 -0.0451737 0.996632 0.0684393 1.47285 -0.453619 -0.0815033 0.887461 59.8643 
0.889831 0.010195 0.456177 92.6011 -0.0463332 0.996602 0.0681061 1.49319 -0.453932 -0.081739 0.887279 60.4654 
0.889054 0.0114994 0.457657 92.7839 -0.0483502 0.996452 0.0688884 1.48683 -0.455242 -0.0833733 0.886456 60.8771 
0.887879 0.0137051 0.459872 92.9747 -0.0521015 0.996121 0.0709064 1.51931 -0.457117 -0.0869164 0.88515 61.3171 
0.888082 0.0128848 0.459505 93.2439 -0.0526157 0.995887 0.073765 1.52315 -0.456664 -0.0896865 0.885107 61.8261 
0.887313 0.00933888 0.461072 93.5274 -0.0536924 0.995088 0.0831735 1.5442 -0.458031 -0.0985571 0.883456 62.4103 
0.886696 0.00830588 0.462279 93.7957 -0.0625489 0.992802 0.102137 1.59021 -0.458103 -0.119479 0.880833 62.9794 
0.886177 0.0024139 0.463341 94.0694 -0.0635224 0.991177 0.116328 1.62075 -0.458973 -0.132519 0.878512 63.5475 
0.886621 0.00358608 0.462483 94.3556 -0.0640991 0.991272 0.115197 1.6653 -0.458033 -0.131781 0.879113 64.0655 
0.8862 0.00948768 0.463205 94.6315 -0.0636051 0.992815 0.101353 1.707 -0.458916 -0.119281 0.880437 64.6085 
0.886463 0.0152582 0.462548 94.9149 -0.0645665 0.993759 0.0909588 1.74237 -0.458274 -0.110497 0.881916 65.1156 
0.886178 0.0154107 0.463089 95.193 -0.0647669 0.993755 0.0908693 1.76885 -0.458796 -0.110519 0.881641 65.6813 
0.88601 0.0171749 0.463348 95.4309 -0.0653774 0.993958 0.088171 1.7718 -0.459034 -0.108413 0.881779 66.1716 
0.885713 0.0196954 0.463816 95.6996 -0.0677921 0.993877 0.0872535 1.8091 -0.459258 -0.108725 0.881624 66.7238 
0.885342 0.0218548 0.464427 95.9519 -0.0699422 0.993788 0.0865664 1.83712 -0.45965 -0.109124 0.881371 67.2389 
0.884535 0.0283835 0.46561 96.1925 -0.0760131 0.993576 0.0838366 1.85689 -0.460239 -0.109549 0.88101 67.7633 
0.883721 0.0357033 0.46665 96.4236 -0.0814378 0.993606 0.0782028 1.87226 -0.460874 -0.107112 0.880978 68.2668 
0.883571 0.0395555 0.466624 96.6822 -0.083474 0.993772 0.0738198 1.90457 -0.460798 -0.104176 0.88137 68.7858 
0.883817 0.0404618 0.466079 96.9364 -0.0837032 0.993854 0.0724452 1.9194 -0.460283 -0.103041 0.881772 69.2956 
0.88338 0.0490727 0.466081 97.1719 -0.0915732 0.993407 0.0689682 1.94844 -0.459624 -0.103606 0.88205 69.7999 
0.883776 0.0515254 0.465064 97.4037 -0.0940676 0.993191 0.0687219 1.96651 -0.458357 -0.104482 0.882605 70.2653 
0.884674 0.0487637 0.463653 97.6289 -0.0906974 0.993515 0.0685644 1.96147 -0.457303 -0.102709 0.88336 70.7249 
0.884975 0.0482522 0.463132 97.8663 -0.0888787 0.993834 0.0662893 1.97316 -0.457078 -0.0998269 0.883807 71.1994 
0.884506 0.05148 0.46368 98.0851 -0.0927692 0.993453 0.0666664 1.98255 -0.457212 -0.101982 0.883491 71.6677 
0.884263 0.0531232 0.463957 98.2273 -0.095362 0.993115 0.0680402 1.96618 -0.457148 -0.104409 0.883241 72.0128 
0.884357 0.0507546 0.464044 98.413 -0.0938683 0.993102 0.0702704 1.97327 -0.457277 -0.105703 0.88302 72.4088 
0.884296 0.0472162 0.464533 98.615 -0.0911114 0.993199 0.0724909 1.98368 -0.457951 -0.106428 0.882584 72.824 
0.884262 0.0448832 0.464829 98.8243 -0.0887212 0.993388 0.0728575 1.99891 -0.458486 -0.105665 0.882397 73.237 
0.88481 0.0435897 0.463908 99.0428 -0.0858314 0.993825 0.0703241 2.03067 -0.457978 -0.102041 0.883087 73.6516 
0.884593 0.0429901 0.464378 99.2501 -0.0848778 0.993953 0.0696676 2.04667 -0.458575 -0.101043 0.882893 74.0664 
0.884664 0.0420912 0.464326 99.4335 -0.0831171 0.994201 0.0682356 2.05942 -0.458761 -0.098959 0.883032 74.4347 
0.884386 0.041107 0.464942 99.6073 -0.0810769 0.994501 0.0662929 2.06722 -0.45966 -0.0963246 0.882856 74.7839 
0.88453 0.0394157 0.464815 99.7663 -0.0767882 0.995134 0.0617398 2.06699 -0.460119 -0.090303 0.883253 75.0878 
0.883473 0.0430982 0.466496 99.8477 -0.0786581 0.99527 0.0570165 2.05315 -0.461832 -0.0870662 0.882684 75.3264 
0.88279 0.0475894 0.467351 99.9723 -0.0818989 0.995211 0.0533604 2.06093 -0.462574 -0.0853816 0.88246 75.5908 
0.882483 0.0515467 0.467511 100.092 -0.0845826 0.995164 0.0499352 2.06728 -0.462676 -0.0836102 0.882576 75.8303 
0.882138 0.0552247 0.467742 100.191 -0.086108 0.995274 0.0448869 2.06824 -0.463053 -0.0798728 0.882725 76.0393 
0.882084 0.0570624 0.467624 100.288 -0.0860339 0.995456 0.0408148 2.07313 -0.46317 -0.0762336 0.882985 76.2348 
0.881623 0.0588481 0.46827 100.371 -0.0862038 0.995583 0.0371816 2.07771 -0.464014 -0.0731469 0.882803 76.4022 
0.881376 0.0608323 0.468482 100.446 -0.0869832 0.995617 0.0343647 2.07621 -0.464338 -0.0710383 0.882804 76.5586 
0.88105 0.06271 0.468848 100.51 -0.088498 0.995525 0.0331489 2.07963 -0.464671 -0.070698 0.882656 76.6969 
0.880485 0.0648845 0.469612 100.565 -0.0905732 0.995366 0.0322917 2.0781 -0.465341 -0.0709667 0.882282 76.8183 
0.880492 0.0661962 0.469417 100.617 -0.0909144 0.995402 0.03016 2.07735 -0.465262 -0.0692324 0.882462 76.9212 
0.880318 0.0679008 0.4695 100.659 -0.0911668 0.99547 0.0269701 2.07541 -0.465542 -0.0665451 0.88252 77.0096 
0.87984 0.0707301 0.469977 100.704 -0.0921603 0.995485 0.0227153 2.0797 -0.466248 -0.0632991 0.882386 77.1056 
0.879357 0.0738478 0.470401 100.75 -0.094799 0.995276 0.0209679 2.0807 -0.46663 -0.0630318 0.882204 77.2059 
0.878641 0.0779057 0.471085 100.793 -0.0996178 0.994798 0.0212866 2.0811 -0.466977 -0.0656317 0.881831 77.3095 
0.877173 0.0862632 0.472363 100.834 -0.109786 0.993703 0.0224 2.08624 -0.467456 -0.0715073 0.88112 77.4194 
0.876106 0.0954776 0.47257 100.875 -0.123532 0.991928 0.0286096 2.09324 -0.466024 -0.0834425 0.880829 77.5462 
0.878996 0.0867807 0.468865 100.942 -0.113906 0.993046 0.029743 2.09581 -0.463024 -0.0795504 0.882769 77.6544 
0.880639 0.0664115 0.469111 101.031 -0.0855759 0.996138 0.0196253 2.08158 -0.465996 -0.0574274 0.882921 77.741 
0.879761 0.0568859 0.472 101.106 -0.0689734 0.997584 0.00832963 2.06909 -0.470386 -0.0398835 0.881559 77.8282 
0.879923 0.0690043 0.470079 101.136 -0.0801749 0.996774 0.00375696 2.05657 -0.468303 -0.0409944 0.882616 77.932 
0.878628 0.0928261 0.468397 101.147 -0.104236 0.994551 -0.00157104 2.05242 -0.465991 -0.0474434 0.883517 78.0428 
0.876506 0.106339 0.469499 101.174 -0.117458 0.993062 -0.00564247 2.04206 -0.466841 -0.0502006 0.882915 78.1296 
0.877313 0.102376 0.468872 101.235 -0.112025 0.993678 -0.00735353 2.03727 -0.46666 -0.0460738 0.883236 78.2292 
0.878115 0.0948197 0.468961 101.306 -0.10299 0.994648 -0.00826356 2.02964 -0.467234 -0.0410418 0.88318 78.3347 
0.87715 0.0951976 0.470686 101.353 -0.103023 0.994637 -0.0091788 2.01758 -0.469035 -0.0404403 0.882253 78.4354 
0.876375 0.102665 0.47056 101.402 -0.110424 0.993822 -0.011174 2.0126 -0.4688 -0.0421686 0.882297 78.5552 
0.87523 0.108757 0.471322 101.454 -0.116108 0.993144 -0.0135575 2.01037 -0.469565 -0.0428584 0.881857 78.6783 
0.874845 0.107099 0.472415 101.525 -0.113631 0.993413 -0.0147852 2.0023 -0.470886 -0.0407459 0.881252 78.8089 
0.874617 0.105586 0.473178 101.597 -0.110719 0.993705 -0.0170875 1.99895 -0.472003 -0.0374445 0.880801 78.932 
0.873433 0.109556 0.474459 101.654 -0.113152 0.993354 -0.0210713 1.99603 -0.473614 -0.0352814 0.880025 79.058 
0.871184 0.121264 0.475745 101.711 -0.122369 0.992067 -0.028788 1.99391 -0.475462 -0.0331368 0.879112 79.1976 
0.869354 0.133922 0.475697 101.766 -0.130872 0.990604 -0.039709 1.9954 -0.476545 -0.0277344 0.878712 79.3381 
0.87384 0.119024 0.47142 101.859 -0.115659 0.992628 -0.0362299 1.98614 -0.472257 -0.0228648 0.881164 79.4744 
0.874156 0.0984288 0.475565 101.964 -0.0975744 0.994874 -0.0265558 1.96475 -0.475742 -0.0231891 0.879279 79.6057 
0.872551 0.0917884 0.479823 102.041 -0.094997 0.995321 -0.0176508 1.93254 -0.479198 -0.0301805 0.877188 79.7403 
0.871951 0.104293 0.478356 102.101 -0.110402 0.993767 -0.015423 1.92952 -0.476983 -0.0393635 0.878031 79.9063 
0.869183 0.115285 0.480865 102.158 -0.122076 0.992371 -0.0172578 1.922 -0.479185 -0.0437018 0.876625 80.0504 
0.869251 0.112679 0.481359 102.246 -0.117017 0.992906 -0.0211131 1.91556 -0.480323 -0.0379744 0.876269 80.2042 
0.870343 0.103921 0.481355 102.359 -0.106745 0.994052 -0.0216025 1.90282 -0.480737 -0.0325808 0.876259 80.382 
0.869253 0.101239 0.48389 102.448 -0.103677 0.994372 -0.0217973 1.88426 -0.483374 -0.031221 0.874857 80.5439 
0.867988 0.10746 0.484819 102.552 -0.110317 0.993636 -0.0227343 1.8696 -0.484177 -0.0337507 0.874319 80.7612 
0.866743 0.112749 0.485844 102.657 -0.117321 0.99287 -0.0211128 1.85117 -0.48476 -0.0387004 0.87379 80.9607 
0.865625 0.110259 0.488402 102.775 -0.116514 0.993032 -0.0176765 1.82868 -0.486948 -0.0416042 0.87244 81.1943 
0.865421 0.104846 0.489954 102.921 -0.110419 0.993729 -0.0176132 1.80682 -0.488728 -0.0388575 0.871571 81.4508 
0.86484 0.101498 0.49168 103.058 -0.105185 0.994247 -0.0202275 1.78256 -0.490905 -0.034224 0.870541 81.703 
0.8635 0.101798 0.493968 103.21 -0.104495 0.994277 -0.022236 1.75837 -0.493405 -0.0324163 0.869196 81.9863 
0.861513 0.101964 0.497391 103.372 -0.105062 0.994226 -0.0218403 1.74305 -0.496746 -0.033441 0.867251 82.2864 
0.858044 0.102606 0.503222 103.514 -0.106029 0.994122 -0.0219089 1.72045 -0.502512 -0.0345573 0.863879 82.5576 
