1 0 0 0 0 1 0 0 0 0 1 0 
0.999989 0.00110723 0.0046139 -0.000748753 -0.00109879 0.999998 -0.00183129 -0.0305425 -0.00461591 0.0018262 0.999988 0.355145 
0.99994 0.00273239 0.0106478 -0.00263908 -0.00269366 0.99999 -0.00364977 -0.0534822 -0.0106576 0.00362087 0.999937 0.704053 
0.999849 0.00437571 0.0167972 0.00375014 -0.00428039 0.999975 -0.00570647 -0.0734721 -0.0168217 0.00563371 0.999843 1.03826 
0.999691 0.00503564 0.0243568 0.0151592 -0.00483623 0.999954 -0.00823897 -0.0931475 -0.0243972 0.00811863 0.999669 1.37734 
0.999389 0.00607601 0.0344068 0.0273816 -0.005783 0.999946 -0.00860899 -0.116798 -0.0344573 0.00840476 0.999371 1.70448 
0.998909 0.00548519 0.0463768 0.0480314 -0.00510753 0.999953 -0.00825789 -0.140232 -0.0464199 0.00801201 0.99889 2.03197 
0.998204 0.00416715 0.0597597 0.0747476 -0.00379355 0.999973 -0.00636388 -0.167463 -0.0597846 0.00612575 0.998193 2.34926 
0.997149 0.00420879 0.0753453 0.106928 -0.00388856 0.999983 -0.00439646 -0.196909 -0.0753626 0.00409094 0.997148 2.64948 
0.99559 0.00372827 0.0937334 0.151731 -0.00332629 0.999985 -0.00444441 -0.219145 -0.0937486 0.00411303 0.995587 2.95081 
0.99327 0.00384929 0.115757 0.20284 -0.00335828 0.999985 -0.00443655 -0.240493 -0.115772 0.00401795 0.993268 3.242 
0.989823 0.00535239 0.142202 0.265279 -0.00457814 0.999973 -0.00577126 -0.25338 -0.142229 0.00506151 0.989821 3.52955 
0.984838 0.00605082 0.17337 0.342983 -0.0047302 0.999957 -0.0080295 -0.271264 -0.173411 0.00708768 0.984824 3.81711 
0.97785 0.00450539 0.209258 0.43531 -0.00302369 0.999968 -0.00740014 -0.281903 -0.209284 0.00660349 0.977833 4.11455 
0.968526 0.00136968 0.248908 0.551142 -0.00115408 0.999999 -0.00101209 -0.308818 -0.248909 0.000692977 0.968527 4.40578 
0.956779 -0.00222539 0.290806 0.675239 0.000971274 0.99999 0.00445682 -0.326563 -0.290813 -0.00398174 0.956772 4.67582 
0.941685 -0.00395163 0.336473 0.820036 0.00214912 0.999981 0.00572932 -0.338571 -0.336489 -0.00467209 0.941676 4.94735 
0.922089 -0.00647223 0.386924 0.979827 0.00492622 0.999975 0.00498717 -0.353849 -0.386947 -0.00269255 0.922098 5.19922 
0.897827 -0.0102933 0.440229 1.17091 0.00867487 0.999946 0.00568844 -0.368609 -0.440263 -0.00128831 0.897868 5.4496 
0.868568 -0.0174156 0.495263 1.37686 0.0135776 0.999843 0.0113471 -0.387376 -0.495383 -0.00313121 0.868669 5.69186 
0.834523 -0.0240887 0.550446 1.59316 0.0172363 0.999696 0.0176171 -0.406053 -0.550703 -0.00521421 0.834685 5.92525 
0.796573 -0.0248726 0.60403 1.83528 0.0169296 0.999679 0.0188384 -0.42252 -0.604305 -0.00478017 0.796739 6.15144 
0.753864 -0.0259574 0.656517 2.10292 0.0153638 0.999643 0.0218819 -0.435068 -0.65685 -0.00640936 0.753994 6.3703 
0.706694 -0.0306243 0.706857 2.40502 0.014443 0.999479 0.0288624 -0.440617 -0.707372 -0.0101877 0.706768 6.59086 
0.656509 -0.0372757 0.753397 2.71784 0.0182722 0.999271 0.0335184 -0.454013 -0.754097 -0.0082389 0.656711 6.77435 
0.602854 -0.0409308 0.796801 3.04862 0.0225005 0.999158 0.0343019 -0.465184 -0.797534 -0.00275064 0.603268 6.93221 
0.545705 -0.0439761 0.836823 3.4137 0.0249847 0.999032 0.0362075 -0.47073 -0.837605 0.00114915 0.546275 7.07865 
0.485337 -0.0474061 0.873041 3.7742 0.0239621 0.998875 0.0409179 -0.4704 -0.873999 0.00106094 0.485927 7.20863 
0.422046 -0.0487019 0.905265 4.18254 0.0195038 0.998813 0.0446417 -0.466778 -0.906364 -0.00118475 0.422495 7.33527 
0.357662 -0.0531043 0.93234 4.59607 0.0180474 0.998588 0.0499544 -0.464262 -0.933677 -0.00104047 0.358115 7.42635 
0.292669 -0.0618116 0.954214 5.06571 0.0214487 0.998082 0.0580747 -0.458116 -0.955973 0.00347001 0.293433 7.49451 
0.226329 -0.06538 0.971854 5.53747 0.0170335 0.997858 0.0631625 -0.462511 -0.973902 0.0022586 0.226957 7.5397 
0.161698 -0.0671371 0.984554 6.00289 0.00842255 0.997741 0.066653 -0.471508 -0.986804 -0.00248519 0.161898 7.56611 
0.0998923 -0.0709818 0.992463 6.51545 -0.00263264 0.99743 0.071602 -0.470334 -0.994995 -0.00976528 0.0994487 7.58417 
0.0360224 -0.0608803 0.997495 7.04666 0.00557249 0.998139 0.0607184 -0.462938 -0.999335 0.00337131 0.0362946 7.54296 
-0.0239006 -0.0520957 0.998356 7.57476 0.0129102 0.998542 0.0524145 -0.470043 -0.999631 0.0141418 -0.0231932 7.45784 
-0.0778518 -0.0495638 0.995732 8.15346 0.0140215 0.99861 0.0508033 -0.448494 -0.996866 0.0179168 -0.0770487 7.36078 
-0.126283 -0.0550674 0.990465 8.77631 0.0055865 0.998403 0.056221 -0.424649 -0.991979 0.012633 -0.125774 7.25799 
-0.16723 -0.0709073 0.983365 9.44324 0.0110536 0.997213 0.0737856 -0.398651 -0.985856 0.0232089 -0.16598 7.11387 
-0.203026 -0.0783566 0.976033 10.0894 0.0170815 0.996358 0.0835414 -0.381785 -0.979024 0.0336332 -0.200949 6.95542 
-0.233964 -0.0716918 0.969599 10.7547 0.0184555 0.99677 0.0781542 -0.353867 -0.97207 0.0361797 -0.231885 6.77074 
-0.258106 -0.0633398 0.964038 11.4379 0.0184757 0.997342 0.0704745 -0.298043 -0.96594 0.0360011 -0.25625 6.5689 
-0.277056 -0.0651864 0.95864 12.0933 0.0160648 0.997242 0.0724542 -0.273965 -0.960719 0.0354743 -0.275245 6.37479 
-0.294178 -0.0680546 0.953325 12.8359 0.0152807 0.996999 0.0758877 -0.270801 -0.955629 0.0368919 -0.292255 6.14855 
-0.309312 -0.0683003 0.948505 13.6096 0.0137286 0.996993 0.0762688 -0.237192 -0.950861 0.0366125 -0.307444 5.88936 
-0.32365 -0.0683677 0.943704 14.381 0.0124024 0.996994 0.0764818 -0.211491 -0.946096 0.0364576 -0.321829 5.62968 
-0.335461 -0.0696366 0.939477 15.236 0.0124363 0.99685 0.0783299 -0.174187 -0.941972 0.0379602 -0.333538 5.29097 
-0.346872 -0.0747682 0.934928 15.9929 0.0121775 0.996374 0.0842002 -0.155463 -0.937833 0.0405917 -0.344704 5.01551 
-0.35876 -0.0771285 0.930238 16.7734 0.00750524 0.99631 0.0855011 -0.135247 -0.9334 0.037656 -0.356857 4.74442 
-0.368923 -0.0768957 0.926274 17.4854 0.00562541 0.996369 0.0849553 -0.111196 -0.929443 0.0365527 -0.367151 4.46518 
-0.379922 -0.0769543 0.921812 18.2194 0.000471433 0.996517 0.0833851 -0.0957013 -0.925019 0.0321144 -0.378562 4.18393 
-0.389248 -0.0758297 0.918006 18.9705 -0.00311994 0.996709 0.0810078 -0.0752292 -0.921128 0.028668 -0.388203 3.8908 
-0.396689 -0.0738224 0.91498 19.7464 -0.00141821 0.996809 0.0798097 -0.0468013 -0.917952 0.030362 -0.395528 3.56783 
-0.40382 -0.078099 0.911499 20.5197 -0.00316327 0.996463 0.0839775 -0.00840779 -0.914833 0.0310285 -0.402639 3.23778 
-0.410612 -0.0804468 0.908254 21.293 -0.00606922 0.996319 0.0855031 0.0110211 -0.91179 0.0295962 -0.409589 2.91301 
-0.415326 -0.0762433 0.906472 22.0936 -0.00648846 0.996704 0.0808598 0.0263732 -0.90965 0.0277016 -0.414452 2.55821 
-0.417744 -0.0744911 0.905506 22.8816 -0.00622791 0.996845 0.0791319 0.0480949 -0.908543 0.0274175 -0.41689 2.19482 
-0.418738 -0.0745488 0.905042 23.6935 -0.00449448 0.996783 0.0800261 0.07983 -0.908096 0.0294422 -0.417726 1.8074 
-0.418401 -0.0768412 0.905006 24.5488 -0.00315647 0.996532 0.083153 0.121626 -0.908257 0.0319347 -0.417193 1.4139 
-0.415722 -0.0786314 0.906086 25.3715 -0.00477143 0.99643 0.0842824 0.134981 -0.909479 0.0307147 -0.414613 1.05576 
-0.412297 -0.0781001 0.907696 26.2094 -0.00569695 0.99652 0.083155 0.158993 -0.911032 0.0291135 -0.411307 0.685247 
-0.408869 -0.0775009 0.909296 27.0371 -0.00458307 0.996549 0.0828769 0.19542 -0.912582 0.0297184 -0.407813 0.327446 
-0.404575 -0.0772626 0.911235 27.8387 0.000188662 0.996418 0.0845689 0.225448 -0.914505 0.0343864 -0.403112 -0.0374163 
-0.401191 -0.073485 0.913042 28.7102 0.0122266 0.996258 0.085555 0.258637 -0.915913 0.0454873 -0.398791 -0.426299 
-0.398754 -0.0663225 0.914656 29.4622 0.0263888 0.996139 0.0837352 0.274576 -0.916678 0.0575264 -0.395464 -0.76906 
-0.397205 -0.0805876 0.914185 30.3001 0.00529757 0.995919 0.0900945 0.317566 -0.917715 0.0406289 -0.395157 -1.07716 
-0.394048 -0.0987687 0.913767 31.106 -0.0204386 0.994905 0.0987249 0.350695 -0.918862 0.0202263 -0.394059 -1.3943 
-0.391205 -0.0924169 0.915651 31.9366 -0.0042688 0.995117 0.0986136 0.374855 -0.920294 0.0346694 -0.389689 -1.7712 
-0.392958 -0.0661605 0.917173 32.7549 -0.00713197 0.997598 0.0689062 0.398068 -0.919529 0.020536 -0.392485 -2.12886 
-0.396121 -0.0638878 0.915973 33.5499 -0.0254366 0.997957 0.0586058 0.399372 -0.917846 -8.42145e-05 -0.396937 -2.42077 
-0.393467 -0.0845029 0.915447 34.3694 -0.0233564 0.996364 0.0819334 0.419863 -0.919042 0.0108565 -0.39401 -2.76286 
-0.392367 -0.115079 0.912581 35.1812 -0.0145556 0.992795 0.118936 0.460097 -0.919693 0.0333834 -0.391215 -3.12615 
-0.393677 -0.114635 0.912073 35.9882 -0.012139 0.992756 0.119536 0.504712 -0.919169 0.0359869 -0.392217 -3.47284 
-0.394298 -0.0937869 0.914184 36.7619 -0.0138057 0.995271 0.0961511 0.545694 -0.918879 0.0252913 -0.393729 -3.79289 
-0.394173 -0.086849 0.914923 37.5405 -0.0169099 0.996042 0.0872639 0.548262 -0.91888 0.0189258 -0.394082 -4.12574 
-0.393851 -0.0960708 0.91414 38.3571 -0.0138634 0.995031 0.098599 0.582643 -0.91907 0.0261602 -0.393226 -4.47541 
-0.393804 -0.100369 0.913698 39.1297 -0.00947128 0.994411 0.105154 0.614394 -0.919146 0.032756 -0.392554 -4.81066 
-0.396291 -0.0969656 0.91299 39.9695 -0.00969756 0.994794 0.101444 0.656851 -0.918074 0.0313477 -0.395168 -5.15962 
-0.3987 -0.0928107 0.912373 40.8128 -0.00887563 0.99521 0.0973586 0.700991 -0.917038 0.030719 -0.397614 -5.5263 
-0.401424 -0.0910992 0.911351 41.6355 -0.00770845 0.995342 0.0960997 0.725675 -0.91586 0.0315516 -0.400256 -5.88006 
-0.404103 -0.0898893 0.910286 42.4257 -0.00601111 0.995399 0.0956256 0.769149 -0.914694 0.0331708 -0.402785 -6.23918 
-0.407442 -0.0869165 0.909085 43.2415 -0.00182315 0.995536 0.0943649 0.804524 -0.913229 0.0367908 -0.405782 -6.61549 
-0.411116 -0.0867717 0.907444 44.0469 -0.00105955 0.995504 0.0947121 0.839872 -0.911582 0.0379762 -0.40936 -6.96062 
-0.414224 -0.0891068 0.905803 44.8458 0.000160773 0.995189 0.0979735 0.875181 -0.910175 0.0407286 -0.412216 -7.3209 
-0.416024 -0.0909446 0.904794 45.6257 0.00136027 0.994923 0.100629 0.90324 -0.909353 0.043095 -0.413788 -7.67787 
-0.417978 -0.0909604 0.903892 46.4285 8.98082e-06 0.994974 0.10013 0.948871 -0.908457 0.0418605 -0.415877 -8.03779 
-0.420419 -0.090304 0.902825 47.2202 -0.00102145 0.995081 0.0990562 0.986831 -0.907329 0.040723 -0.418444 -8.38985 
-0.42039 -0.0913702 0.902731 47.9385 -0.00146608 0.994984 0.100025 1.01054 -0.907342 0.040726 -0.418416 -8.71035 
-0.418311 -0.0919956 0.903633 48.667 -7.92259e-05 0.994861 0.101247 1.03904 -0.908304 0.0422809 -0.416168 -9.01843 
-0.413862 -0.0920133 0.905678 49.4177 0.000110189 0.994874 0.101126 1.07725 -0.91034 0.0419518 -0.41173 -9.34944 
-0.408655 -0.0922899 0.908011 50.1758 -0.00104238 0.994921 0.100654 1.11924 -0.912688 0.0401865 -0.406676 -9.66771 
-0.402864 -0.0946005 0.910358 50.9348 -0.00251862 0.994755 0.102256 1.14103 -0.915256 0.0389025 -0.40099 -9.9772 
-0.397047 -0.0958178 0.912783 51.6976 -0.00332419 0.994679 0.102969 1.1768 -0.917792 0.0378491 -0.395252 -10.2885 
-0.391083 -0.094907 0.915449 52.454 -0.00255984 0.994777 0.102038 1.21622 -0.920352 0.0375618 -0.389283 -10.5855 
-0.384003 -0.0927415 0.918662 53.2272 0.000390353 0.994926 0.100604 1.24693 -0.923332 0.0389907 -0.382018 -10.9068 
-0.376246 -0.0915496 0.921986 53.9883 0.0014833 0.995046 0.0994095 1.26413 -0.926519 0.03877 -0.374246 -11.2166 
-0.368846 -0.0922778 0.924899 54.7448 0.00165873 0.994993 0.0999326 1.28849 -0.929489 0.0383939 -0.366846 -11.4959 
-0.361484 -0.0935078 0.927678 55.497 0.00189784 0.994882 0.101021 1.31917 -0.932376 0.0382782 -0.359456 -11.7724 
-0.354475 -0.0929404 0.930435 56.2439 0.00463029 0.994861 0.10114 1.33896 -0.935054 0.0401597 -0.352223 -12.0389 
-0.347569 -0.0937672 0.932954 56.9684 0.0051945 0.994779 0.101916 1.35877 -0.93764 0.0402691 -0.345267 -12.297 
-0.339392 -0.0967564 0.935655 57.7793 0.0027855 0.994588 0.103861 1.39041 -0.940641 0.0378559 -0.337286 -12.5745 
-0.332047 -0.100041 0.937943 58.5503 0.00141464 0.994306 0.106554 1.42508 -0.943262 0.0367076 -0.330014 -12.8243 
-0.323895 -0.102279 0.940548 59.3129 0.00109133 0.994098 0.108478 1.43406 -0.946092 0.0361618 -0.321872 -13.0688 
-0.315478 -0.0993682 0.943716 60.1012 0.00216309 0.994424 0.105431 1.45295 -0.94893 0.0353024 -0.313504 -13.3217 
-0.305649 -0.0980801 0.947079 60.8838 0.0028883 0.99458 0.103931 1.47809 -0.95214 0.034502 -0.303709 -13.5606 
-0.293859 -0.100556 0.950545 61.6964 0.00264534 0.994362 0.10601 1.50083 -0.955845 0.0336664 -0.291936 -13.7832 
-0.280287 -0.103686 0.9543 62.5991 0.00155455 0.994099 0.108467 1.54321 -0.959915 0.0318852 -0.278471 -14.0362 
-0.264884 -0.106119 0.958423 63.3584 0.00170317 0.993873 0.110515 1.56298 -0.964279 0.0309061 -0.26308 -14.2244 
-0.247734 -0.105693 0.963046 64.1926 0.0027496 0.993951 0.109792 1.58992 -0.968824 0.0298472 -0.245944 -14.4217 
-0.226712 -0.107372 0.968025 65.1114 0.00216935 0.993847 0.110744 1.58753 -0.97396 0.027207 -0.225084 -14.6513 
-0.204765 -0.109191 0.972702 65.9625 0.00520631 0.993623 0.112636 1.59964 -0.978797 0.0281281 -0.202891 -14.8145 
-0.181877 -0.106213 0.977568 66.8226 0.0049388 0.994038 0.108921 1.66648 -0.983309 0.0246383 -0.180268 -14.9546 
-0.157944 -0.102484 0.982115 67.6602 0.00758641 0.994444 0.104991 1.71471 -0.987419 0.0240334 -0.156289 -15.0684 
-0.133804 -0.100841 0.985864 68.4061 0.0194008 0.994352 0.104343 1.71798 -0.990818 0.033088 -0.131092 -15.1361 
-0.10693 -0.0998601 0.989239 69.2393 0.0258083 0.99433 0.103164 1.76539 -0.993932 0.0365619 -0.103746 -15.2186 
-0.0814756 -0.0955744 0.992082 70.0982 0.0282612 0.99477 0.0981543 1.802 -0.996275 0.0360346 -0.0783484 -15.2521 
-0.0540574 -0.0949232 0.994016 70.9654 0.0323257 0.994783 0.0967545 1.8306 -0.998014 0.0373626 -0.050707 -15.2517 
-0.0270419 -0.0973412 0.994884 71.731 0.0380487 0.994426 0.0983307 1.84386 -0.99891 0.040513 -0.0231874 -15.242 
0.0012587 -0.101678 0.994817 72.5649 0.0413968 0.99397 0.101539 1.86708 -0.999142 0.0410544 0.00546025 -15.2347 
0.030289 -0.099668 0.99456 73.3076 0.0451783 0.994136 0.0982496 1.86825 -0.99852 0.0419566 0.0346142 -15.1829 
0.0599796 -0.0934921 0.993812 74.1173 0.0453537 0.994831 0.0908507 1.88288 -0.997169 0.0396238 0.0639098 -15.1028 
0.0886745 -0.0892299 0.992056 74.9675 0.0455689 0.9953 0.0854485 1.92535 -0.995018 0.0376298 0.0923239 -14.9874 
0.118502 -0.0924851 0.988637 75.7373 0.046117 0.995091 0.0875611 1.93838 -0.991882 0.0352168 0.122186 -14.869 
0.149732 -0.0962895 0.984027 76.5095 0.0467128 0.994824 0.0902381 1.96676 -0.987623 0.0324552 0.153455 -14.7398 
0.180693 -0.097536 0.978691 77.3021 0.0452262 0.994842 0.0907956 1.98265 -0.982499 0.0278563 0.184172 -14.56 
0.210342 -0.0981159 0.972692 78.0076 0.0460254 0.994842 0.0903973 1.96138 -0.976544 0.0257542 0.213773 -14.3543 
0.241628 -0.0971857 0.96549 78.7561 0.0459524 0.995002 0.0886561 1.96429 -0.96928 0.0229447 0.244887 -14.1551 
0.269493 -0.0969024 0.958115 79.4089 0.0451132 0.995102 0.0879541 1.92808 -0.961945 0.0195206 0.272545 -13.8697 
0.300848 -0.0966813 0.948759 80.2337 0.0470039 0.995142 0.0865031 1.94579 -0.952513 0.018571 0.303931 -13.5906 
0.331006 -0.0978595 0.938541 80.8828 0.0499262 0.995031 0.0861416 1.9264 -0.942307 0.0183444 0.334247 -13.3259 
0.361876 -0.0995366 0.926897 81.634 0.0522898 0.994885 0.0864228 1.90536 -0.930759 0.0171929 0.36523 -13.0134 
0.391682 -0.098885 0.914772 82.3482 0.0552603 0.994942 0.0838901 1.91361 -0.91844 0.0176924 0.395165 -12.679 
0.422486 -0.100339 0.900798 83.0842 0.0581308 0.994807 0.0835463 1.89659 -0.904503 0.017067 0.426125 -12.3146 
0.454654 -0.100373 0.884994 83.874 0.0605563 0.994814 0.0817189 1.9092 -0.888607 0.0164381 0.458374 -11.9322 
0.48523 -0.100024 0.868647 84.6295 0.0622789 0.994866 0.0797692 1.92133 -0.872166 0.015392 0.488968 -11.4793 
0.51584 -0.0983584 0.85102 85.3615 0.0628353 0.995055 0.0769184 1.94823 -0.854377 0.0137964 0.51947 -11.0314 
0.544648 -0.0959847 0.833154 86.0142 0.0623858 0.995314 0.0738838 1.97554 -0.836341 0.0117363 0.548084 -10.5635 
0.574058 -0.0952072 0.813261 86.7106 0.0636156 0.995401 0.0716256 2.00132 -0.81634 0.0106188 0.577475 -10.0631 
0.602097 -0.095246 0.792721 87.3425 0.0662415 0.995395 0.0692849 2.00282 -0.79567 0.0107948 0.605634 -9.55502 
0.629716 -0.096313 0.770832 87.9441 0.0677939 0.995312 0.0689781 1.98903 -0.773862 0.0088211 0.633293 -9.03893 
0.655863 -0.0946109 0.748928 88.5307 0.0702344 0.995459 0.064248 1.99978 -0.751606 0.0104626 0.65953 -8.45846 
0.681959 -0.0954879 0.725131 89.1102 0.0743278 0.995356 0.0611696 1.97784 -0.727604 0.0121822 0.685889 -7.90112 
0.706875 -0.0975852 0.700574 89.6456 0.0781466 0.995149 0.0597679 1.96428 -0.703008 0.012499 0.711072 -7.34159 
0.73165 -0.0973056 0.6747 90.2219 0.0784727 0.995202 0.0584323 1.93839 -0.677149 0.0101935 0.735776 -6.75641 
0.754977 -0.0993228 0.648186 90.6837 0.0813788 0.995013 0.0576814 1.90638 -0.650683 0.00920051 0.759294 -6.20318 
0.776553 -0.0977319 0.622426 91.2071 0.0813104 0.99518 0.0548163 1.90147 -0.624784 0.00804201 0.780756 -5.55459 
0.796636 -0.0940498 0.597097 91.7164 0.0783345 0.995554 0.0522989 1.91524 -0.599361 0.00511011 0.800462 -4.87018 
0.813562 -0.0932013 0.57396 92.1536 0.0781292 0.995641 0.0509307 1.90222 -0.576205 0.00340772 0.817298 -4.22186 
0.829108 -0.0924476 0.551391 92.6161 0.0797495 0.995705 0.0470258 1.89881 -0.553371 0.00498369 0.83292 -3.55319 
0.84309 -0.0919739 0.529849 93.0194 0.0801292 0.995752 0.0453472 1.8619 -0.53177 0.00422464 0.846879 -2.89011 
0.855747 -0.090083 0.509493 93.4094 0.078099 0.995933 0.0449147 1.8493 -0.511467 0.00135523 0.859302 -2.18402 
0.867744 -0.0895881 0.488871 93.7705 0.0782902 0.995979 0.0435534 1.83307 -0.490807 0.000480623 0.871268 -1.50942 
0.878294 -0.0909194 0.469396 94.1458 0.081011 0.995857 0.0413111 1.80508 -0.471207 0.00174297 0.882021 -0.789293 
0.888006 -0.0888932 0.451157 94.5048 0.0808147 0.996035 0.0371861 1.7863 -0.452674 0.0034386 0.891669 -0.035084 
0.896455 -0.090735 0.433746 94.8659 0.0841 0.99586 0.0345075 1.76849 -0.435081 0.00554362 0.900374 0.727922 
0.90391 -0.090882 0.417955 95.1769 0.0848804 0.995846 0.0329704 1.73963 -0.419215 0.00567387 0.907869 1.41231 
0.909979 -0.0899655 0.404776 95.4763 0.084287 0.995932 0.0318695 1.70954 -0.405996 0.00511681 0.91386 2.12102 
0.915504 -0.091524 0.391759 95.7769 0.0859857 0.995792 0.0316995 1.68577 -0.393012 0.00466461 0.919522 2.82068 
0.920171 -0.0901346 0.381001 96.0702 0.0845156 0.995924 0.031492 1.65992 -0.382287 0.00322248 0.924038 3.54576 
0.924093 -0.0823255 0.373196 96.3328 0.0770413 0.996604 0.0290803 1.64154 -0.374322 0.00187859 0.927297 4.24944 
0.927061 -0.0757969 0.367168 96.603 0.0713488 0.99712 0.0256937 1.61985 -0.368058 0.00237735 0.9298 4.98413 
0.929498 -0.0775302 0.360587 96.9066 0.0714279 0.996987 0.0302412 1.59961 -0.361845 -0.00235317 0.932235 5.73841 
0.931342 -0.0784487 0.355595 97.2089 0.0704958 0.996888 0.0352899 1.55486 -0.357257 -0.007799 0.933974 6.43596 
0.932479 -0.078408 0.352612 97.4942 0.0703006 0.996885 0.0357613 1.54477 -0.354317 -0.00855787 0.935086 7.1333 
0.93343 -0.0795368 0.349832 97.7794 0.0748758 0.996831 0.0268512 1.53192 -0.350859 0.00113024 0.936428 7.90328 
0.934196 -0.0768229 0.348392 98.0513 0.0805564 0.996743 0.0037809 1.49478 -0.347548 0.0245331 0.937341 8.60285 
0.935264 -0.0666989 0.34761 98.3113 0.0836246 0.995921 -0.0339009 1.43736 -0.343931 0.060775 0.937026 9.26723 
0.936338 -0.0662276 0.344796 98.5772 0.0857694 0.995441 -0.0417157 1.37867 -0.340462 0.068633 0.93775 9.96345 
0.938042 -0.0783396 0.33755 98.9253 0.0899069 0.995774 -0.0187467 1.37518 -0.334655 0.0479333 0.941121 10.8345 
0.939137 -0.102492 0.327899 99.2458 0.0972815 0.994733 0.0323008 1.3298 -0.329483 0.00156366 0.94416 11.678 
0.940262 -0.108388 0.322736 99.528 0.10035 0.994087 0.0414938 1.29567 -0.325325 -0.00662845 0.945579 12.4297 
0.941175 -0.100328 0.322684 99.7862 0.0998958 0.994836 0.0179444 1.28405 -0.322818 0.0153459 0.946337 13.2167 
0.94218 -0.0921978 0.322173 100.048 0.096679 0.995313 0.00210034 1.26543 -0.320857 0.0291685 0.946678 13.9844 
0.942608 -0.091918 0.321 100.327 0.0932702 0.995578 0.011197 1.23539 -0.32061 0.0193854 0.947013 14.8173 
0.94271 -0.094519 0.319943 100.595 0.0928085 0.99547 0.0206266 1.20007 -0.320444 0.0102485 0.947212 15.6165 
0.942676 -0.095016 0.319897 100.864 0.0949868 0.995354 0.0157328 1.17006 -0.319906 0.0155551 0.947322 16.3899 
0.943152 -0.0948087 0.318554 101.152 0.096896 0.995251 0.00932587 1.14786 -0.317925 0.0220709 0.947859 17.1772 
0.943678 -0.0941696 0.317181 101.44 0.0959037 0.995339 0.0101784 1.13429 -0.316661 0.0208137 0.948311 18.0278 
0.944196 -0.0947959 0.315449 101.707 0.0964254 0.995285 0.0104755 1.10812 -0.314955 0.0205264 0.948885 18.9275 
0.944842 -0.0924604 0.314204 101.973 0.0953803 0.995422 0.00610378 1.05955 -0.31333 0.0242018 0.949336 19.7665 
0.945486 -0.0904084 0.312862 102.265 0.0949692 0.99548 0.000663716 1.01044 -0.311508 0.0290847 0.949798 20.6303 
0.946038 -0.0914489 0.310884 102.542 0.0960398 0.995377 0.000542932 0.963808 -0.309496 0.0293436 0.950448 21.4347 
0.946417 -0.0922583 0.309488 102.807 0.0960411 0.995373 0.00302571 0.906366 -0.308335 0.0268599 0.950899 22.2879 
0.947093 -0.0907373 0.307866 103.073 0.0941869 0.995548 0.00366917 0.86972 -0.306829 0.0255219 0.951423 23.1214 
0.946823 -0.092028 0.308314 103.305 0.0956039 0.995413 0.00352219 0.859839 -0.307224 0.0261411 0.951278 24.0421 
0.947267 -0.0911451 0.307209 103.619 0.0951675 0.995459 0.00189524 0.822108 -0.305987 0.027441 0.95164 24.9334 
0.947576 -0.0884418 0.307046 103.934 0.0933064 0.995637 -0.00116916 0.789152 -0.305602 0.0297572 0.951694 25.89 
0.94772 -0.086195 0.307241 104.25 0.0916633 0.995784 -0.0033834 0.753622 -0.305654 0.0313692 0.951626 26.8763 
0.947263 -0.0844821 0.309121 104.519 0.089661 0.995969 -0.00255875 0.70773 -0.307659 0.0301399 0.951019 27.7477 
0.947066 -0.0835501 0.309975 104.804 0.0877833 0.99614 0.000293617 0.655682 -0.308803 0.0269325 0.950745 28.5322 
0.946422 -0.0854353 0.311426 105.109 0.0896937 0.995969 0.000651309 0.611496 -0.310226 0.0273165 0.95027 29.3946 
0.946119 -0.0843144 0.312649 105.414 0.0891677 0.996016 -0.00123062 0.588953 -0.311299 0.0290425 0.949868 30.2493 
0.945314 -0.0847927 0.314946 105.697 0.0898512 0.995954 -0.00154923 0.562096 -0.313541 0.0297628 0.949108 31.2004 
0.944949 -0.0848085 0.316038 106.023 0.0901035 0.99593 -0.00215123 0.522604 -0.314569 0.0305089 0.948744 32.1685 
0.944663 -0.0861022 0.31654 106.299 0.0926787 0.995679 -0.00574952 0.476632 -0.314677 0.0347678 0.948562 33.0001 
0.945298 -0.0850792 0.314917 106.625 0.0929633 0.995619 -0.0100712 0.421303 -0.31268 0.0387959 0.949066 33.9462 
0.946057 -0.0816587 0.313542 106.95 0.0896895 0.995906 -0.0112487 0.378962 -0.31134 0.0387633 0.949508 34.9017 
0.947038 -0.0827003 0.31029 107.263 0.0897291 0.995931 -0.00842142 0.320206 -0.308331 0.0358175 0.950605 35.7558 
0.947469 -0.0827532 0.308957 107.576 0.0897217 0.995932 -0.0083895 0.260467 -0.307006 0.0356689 0.951039 36.7012 
0.947621 -0.0815967 0.308798 107.862 0.0891411 0.995965 -0.0103772 0.189309 -0.306706 0.0373602 0.951071 37.6492 
0.947989 -0.079216 0.308289 108.156 0.0875141 0.996076 -0.0131604 0.114691 -0.306037 0.0394556 0.951202 38.4964 
0.947674 -0.077143 0.309779 108.369 0.0861506 0.996162 -0.015481 0.0627045 -0.307396 0.0413586 0.950683 39.5129 
0.947592 -0.0768765 0.310095 108.668 0.0867392 0.996066 -0.018121 0.0115639 -0.307482 0.0440687 0.950533 40.4861 
0.947686 -0.075035 0.310259 108.958 0.0841933 0.996318 -0.0162128 -0.0569702 -0.3079 0.0414864 0.950514 41.3817 
0.947932 -0.0740485 0.309745 109.32 0.0825933 0.996477 -0.0145449 -0.13197 -0.307577 0.0393705 0.950708 42.4212 
0.94786 -0.0749431 0.309751 109.623 0.0835612 0.996395 -0.0146291 -0.193976 -0.307538 0.0397495 0.950705 43.369 
0.948015 -0.0724414 0.30987 109.93 0.0817336 0.996508 -0.017092 -0.250793 -0.30755 0.0415303 0.950625 44.2885 
0.948017 -0.0703811 0.31034 110.242 0.0791409 0.99674 -0.0157095 -0.322882 -0.308222 0.0394534 0.950496 45.2678 
0.948189 -0.0686372 0.310203 110.559 0.0777522 0.996826 -0.0171002 -0.376424 -0.308045 0.0403332 0.950517 46.1934 
0.947903 -0.069417 0.310905 110.866 0.079581 0.996626 -0.0201101 -0.428035 -0.30846 0.0438046 0.950228 47.1439 
0.948221 -0.0687322 0.310085 111.215 0.0793174 0.996614 -0.0216423 -0.498929 -0.307547 0.0451169 0.950463 48.0933 
0.948491 -0.0714566 0.308641 111.505 0.0824247 0.99634 -0.0226281 -0.585789 -0.305894 0.0469021 0.95091 48.9852 
0.948494 -0.0706551 0.308815 111.792 0.0818748 0.996365 -0.0235075 -0.637888 -0.306032 0.0475809 0.950832 49.8594 
0.94864 -0.067372 0.309101 112.077 0.0786832 0.996604 -0.02426 -0.69806 -0.306416 0.047335 0.95072 50.7285 
0.948553 -0.0697379 0.308841 112.382 0.0811417 0.996408 -0.0242189 -0.779843 -0.306043 0.0480328 0.950805 51.5847 
0.947874 -0.0704587 0.310757 112.497 0.0824292 0.99627 -0.0255398 -0.762045 -0.307799 0.049824 0.950146 52.3072 
0.947779 -0.0686447 0.311454 112.81 0.080503 0.996432 -0.0253624 -0.834627 -0.308601 0.0491109 0.949923 53.2277 
0.948249 -0.0645432 0.310899 113.113 0.0769317 0.99665 -0.0277369 -0.920596 -0.308068 0.0502195 0.950038 54.0929 
0.948046 -0.0630722 0.311819 113.414 0.0757251 0.996718 -0.0286243 -1.00046 -0.308991 0.0507497 0.94971 55.0755 
0.947852 -0.0617748 0.312667 113.699 0.0737802 0.996917 -0.0267005 -1.06006 -0.310054 0.0483768 0.949487 55.946 
0.947961 -0.0587722 0.312914 114.023 0.0711286 0.997068 -0.0282099 -1.15378 -0.310339 0.0489991 0.949362 56.8422 
0.94786 -0.0591611 0.313147 114.332 0.0727329 0.996844 -0.0318262 -1.23325 -0.310275 0.0529429 0.949171 57.7581 
0.947988 -0.055184 0.313486 114.635 0.0693167 0.997011 -0.0341077 -1.29059 -0.310667 0.0540635 0.94898 58.6502 
0.947855 -0.0548452 0.313946 114.96 0.0689512 0.997041 -0.0339959 -1.36498 -0.311153 0.0538702 0.948832 59.5961 
0.948053 -0.0557422 0.31319 115.253 0.0703826 0.996884 -0.0356265 -1.43596 -0.310228 0.0558189 0.949022 60.4168 
0.947592 -0.0550213 0.314711 115.44 0.0700165 0.996877 -0.0365339 -1.52774 -0.311718 0.0566541 0.948484 61.1884 
0.947793 -0.0544233 0.314207 115.736 0.0691145 0.996966 -0.0357982 -1.60941 -0.311306 0.0556456 0.948679 62.0945 
0.948074 -0.0543667 0.313368 116.039 0.0687846 0.997013 -0.0351298 -1.71147 -0.310522 0.0548605 0.948982 62.9702 
0.948586 -0.0520704 0.312207 116.339 0.0670237 0.997052 -0.0373494 -1.78947 -0.309342 0.0563544 0.949279 63.903 
0.94914 -0.0538064 0.310223 116.608 0.0687572 0.99693 -0.0374535 -1.8775 -0.307256 0.0568787 0.949926 64.7447 
0.949897 -0.0525929 0.308106 116.911 0.0674934 0.997 -0.0378982 -1.95281 -0.305188 0.0567945 0.950597 65.629 
0.950732 -0.0512194 0.305755 117.275 0.0673516 0.996826 -0.0424406 -2.00452 -0.302611 0.0609427 0.951164 66.6111 
0.951607 -0.049787 0.303257 117.607 0.065993 0.996875 -0.0434219 -2.11001 -0.300148 0.0613334 0.951919 67.5962 
0.951879 -0.0492829 0.302484 117.875 0.0651172 0.996973 -0.0424816 -2.18319 -0.299475 0.0601343 0.952207 68.4123 
0.952357 -0.0506758 0.300745 118.149 0.0662558 0.996926 -0.0418267 -2.28986 -0.297701 0.05976 0.952787 69.2795 
0.952436 -0.0493056 0.300723 118.356 0.0645317 0.997077 -0.0409041 -2.38898 -0.297827 0.0583647 0.952834 70.0706 
0.952553 -0.0501547 0.300211 118.641 0.0655844 0.996982 -0.0415351 -2.47752 -0.297222 0.0592536 0.952968 70.904 
0.952699 -0.0496747 0.299828 118.938 0.0652087 0.996986 -0.0420217 -2.56101 -0.296837 0.0595854 0.953067 71.7999 
0.952635 -0.0493196 0.30009 119.205 0.065541 0.996869 -0.0442248 -2.66767 -0.296969 0.0617982 0.952885 72.6423 
0.952883 -0.0488205 0.299385 119.47 0.0659131 0.996706 -0.0472562 -2.74291 -0.296092 0.064763 0.952961 73.4381 
0.952867 -0.0475544 0.29964 119.73 0.0651138 0.99668 -0.0488865 -2.83271 -0.29632 0.066093 0.952799 74.2711 
0.952841 -0.0480899 0.299634 119.994 0.0659471 0.996581 -0.0497662 -2.93981 -0.296217 0.0671793 0.952755 75.1682 
0.952914 -0.0474395 0.299507 120.221 0.0650717 0.996669 -0.0491686 -3.04244 -0.296176 0.0663428 0.952826 75.8974 
0.953012 -0.047558 0.299176 120.47 0.0651738 0.996662 -0.0491755 -3.14694 -0.295839 0.0663633 0.95293 76.718 
0.952918 -0.0478017 0.299437 120.706 0.0649921 0.996745 -0.0477095 -3.24415 -0.296182 0.0649243 0.952922 77.5317 
0.95301 -0.0483493 0.299057 120.956 0.0654432 0.99673 -0.0474051 -3.33322 -0.295787 0.0647487 0.953057 78.328 
0.953211 -0.048419 0.298404 121.207 0.0654677 0.996728 -0.0473987 -3.41284 -0.295133 0.0647168 0.953262 79.1367 
0.953272 -0.0483752 0.298215 121.436 0.0656661 0.996675 -0.0482316 -3.48899 -0.29489 0.0655605 0.953279 79.8539 
0.953417 -0.0474245 0.297904 121.678 0.0651118 0.996638 -0.049726 -3.57155 -0.294545 0.0668067 0.9533 80.6078 
0.9535 -0.0481906 0.297517 121.913 0.06639 0.996471 -0.051366 -3.64738 -0.293991 0.0687296 0.953334 81.3406 
0.95359 -0.0469508 0.297424 122.152 0.0653423 0.996497 -0.052193 -3.73837 -0.293931 0.0692051 0.953318 82.1425 
0.953777 -0.0481146 0.296639 122.393 0.0660653 0.996522 -0.0507831 -3.83278 -0.293164 0.0680332 0.953639 82.8723 
0.954122 -0.0480692 0.295536 122.62 0.0654336 0.996646 -0.0491435 -3.93451 -0.292182 0.0662268 0.954067 83.6068 
0.95427 -0.0489658 0.29491 122.873 0.0667141 0.996497 -0.0504187 -4.01901 -0.291408 0.0677877 0.954194 84.4188 
0.954501 -0.0469125 0.294494 123.096 0.0649814 0.996538 -0.051868 -4.10359 -0.291041 0.0686447 0.954245 85.1595 
0.954458 -0.0454545 0.294864 123.304 0.0638405 0.99655 -0.0530257 -4.18847 -0.291437 0.069435 0.954067 85.89 
0.954832 -0.0438588 0.29389 123.556 0.062851 0.996479 -0.0554891 -4.27066 -0.290422 0.0714541 0.954227 86.7127 
0.955099 -0.0403747 0.293524 123.801 0.0598647 0.996536 -0.057719 -4.3782 -0.290177 0.0726991 0.954208 87.5418 
0.955297 -0.0399528 0.292935 124.039 0.0597858 0.996462 -0.0590637 -4.46953 -0.289538 0.0739367 0.954306 88.3417 
0.955477 -0.0391779 0.292454 124.259 0.0581118 0.996719 -0.0563339 -4.5711 -0.289288 0.0708207 0.954619 89.1111 
0.95559 -0.0395104 0.29204 124.494 0.0582321 0.996748 -0.0556912 -4.66063 -0.28889 0.070224 0.954783 89.9133 
0.956028 -0.0374116 0.29088 124.719 0.056302 0.996794 -0.0568434 -4.75581 -0.287821 0.070721 0.955069 90.6992 
0.956342 -0.0374172 0.289844 124.944 0.0562518 0.996793 -0.056923 -4.85363 -0.286785 0.0707421 0.95538 91.4731 
0.95661 -0.0360505 0.289133 125.176 0.0550072 0.996817 -0.057706 -4.94907 -0.286132 0.0711065 0.955548 92.2981 
0.956739 -0.0346036 0.288884 125.398 0.0532371 0.99696 -0.0568931 -5.05258 -0.286037 0.0698112 0.955672 93.0663 
0.957165 -0.0360382 0.287291 125.658 0.0548087 0.996836 -0.0575612 -5.17767 -0.284308 0.0708416 0.956112 93.9468 
0.957445 -0.038076 0.286092 125.893 0.0565546 0.996794 -0.0566041 -5.28705 -0.283019 0.0703752 0.956529 94.7038 
0.957722 -0.039069 0.285029 126.122 0.057326 0.996784 -0.055991 -5.38316 -0.281925 0.0699634 0.956882 95.4987 
0.957858 -0.0394346 0.284524 126.347 0.0569535 0.996939 -0.0535612 -5.4857 -0.281541 0.0675087 0.957172 96.2757 
0.957736 -0.0385669 0.285051 126.569 0.0559833 0.997013 -0.0532029 -5.57017 -0.282148 0.0669124 0.957035 97.0574 
0.95746 -0.0381559 0.286031 126.791 0.0552434 0.997123 -0.051908 -5.66495 -0.283228 0.0655012 0.956813 97.8184 
0.957439 -0.0379814 0.286126 127.024 0.0536758 0.997442 -0.0472066 -5.7604 -0.283601 0.0605555 0.957028 98.5929 
0.957335 -0.0384929 0.286406 127.24 0.0532275 0.99762 -0.0438375 -5.84676 -0.284037 0.0572118 0.957105 99.324 
0.957173 -0.0425416 0.286375 127.477 0.0544361 0.997948 -0.0336985 -5.93446 -0.284354 0.0478444 0.957525 100.079 
0.957302 -0.0441473 0.2857 127.703 0.0494974 0.998708 -0.0115284 -5.99358 -0.284822 0.0251776 0.95825 100.872 
0.95719 -0.0475062 0.285535 127.909 0.0485903 0.998813 0.00329092 -6.0557 -0.285353 0.0107242 0.958363 101.6 
0.957271 -0.04727 0.285303 128.117 0.0479358 0.99884 0.00465309 -6.12624 -0.285192 0.00922195 0.958426 102.322 
0.956955 -0.0441085 0.286866 128.321 0.0483448 0.998801 -0.00769756 -6.17971 -0.286182 0.0212347 0.95794 103.016 
0.95694 -0.0424117 0.287172 128.542 0.0493341 0.998639 -0.0169089 -6.24778 -0.286064 0.0303482 0.95773 103.763 
0.956795 -0.0424408 0.287648 128.753 0.0490489 0.998671 -0.0158017 -6.31406 -0.286595 0.0292278 0.957606 104.51 
0.956799 -0.042292 0.287658 128.957 0.0493549 0.998631 -0.0173422 -6.37954 -0.28653 0.0307903 0.957576 105.202 
0.956777 -0.0410479 0.287912 129.151 0.0473848 0.998763 -0.0150724 -6.44897 -0.286937 0.0280636 0.957538 105.905 
0.9566 -0.0396844 0.28869 129.354 0.0457633 0.998849 -0.0143351 -6.50819 -0.287789 0.0269244 0.957315 106.641 
0.956555 -0.0344647 0.289509 129.537 0.0406316 0.999057 -0.0153163 -6.57835 -0.288708 0.0264141 0.957053 107.296 
0.956535 -0.0276837 0.2903 129.717 0.0349783 0.999189 -0.0199681 -6.6347 -0.289511 0.0292544 0.956727 107.957 
0.956666 -0.0281858 0.289821 129.917 0.0356749 0.999151 -0.0205888 -6.70336 -0.288995 0.030036 0.956859 108.612 
0.956911 -0.0284356 0.288984 130.103 0.0358715 0.999147 -0.0204665 -6.76386 -0.288156 0.0299509 0.957115 109.227 
0.957123 -0.0227183 0.288791 130.278 0.0303259 0.9993 -0.0218954 -6.82219 -0.288092 0.0297144 0.957142 109.847 
0.957391 -0.0207373 0.288049 130.461 0.0278874 0.999396 -0.0207407 -6.87996 -0.287445 0.0278899 0.957391 110.494 
0.957964 -0.0222069 0.286029 130.654 0.0298984 0.999299 -0.022551 -6.92703 -0.285328 0.0301548 0.957956 111.127 
0.958427 -0.0234673 0.28437 130.84 0.0317496 0.999194 -0.0245501 -6.97875 -0.283565 0.0325581 0.9584 111.73 
0.958614 -0.0207658 0.283952 131.003 0.0286533 0.99931 -0.0236518 -7.02545 -0.283265 0.0308091 0.958547 112.3 
0.958925 -0.0202222 0.282937 131.164 0.0276311 0.999371 -0.0222193 -7.07781 -0.28231 0.0291245 0.958881 112.86 
0.959261 -0.0226006 0.281617 131.343 0.0295429 0.999355 -0.0204296 -7.12228 -0.280974 0.0279171 0.959309 113.458 
0.959231 -0.0284757 0.281186 131.515 0.0347174 0.999248 -0.0172401 -7.1743 -0.280484 0.0262993 0.959498 114.037 
0.959008 -0.0322164 0.28154 131.67 0.0380491 0.999159 -0.0152736 -7.22687 -0.280812 0.0253599 0.959428 114.573 
0.958913 -0.0354822 0.281473 131.822 0.0412282 0.999044 -0.0145162 -7.26362 -0.280689 0.0255244 0.959459 115.08 
0.95895 -0.0375915 0.281073 131.97 0.0435972 0.998934 -0.0151421 -7.29969 -0.280204 0.0267745 0.959567 115.572 
0.95906 -0.0396396 0.280415 132.107 0.0457767 0.998833 -0.0153671 -7.3394 -0.279479 0.0275744 0.959756 116.04 
0.958916 -0.0452671 0.280057 132.238 0.051956 0.998513 -0.0165025 -7.37979 -0.278893 0.0303751 0.959842 116.457 
0.958806 -0.0476992 0.280029 132.362 0.0554929 0.998259 -0.0199648 -7.42138 -0.278589 0.034682 0.959784 116.852 
0.958734 -0.0458651 0.280579 132.465 0.0550151 0.998177 -0.0248178 -7.45123 -0.27893 0.0392298 0.95951 117.217 
0.95877 -0.0434631 0.280841 132.558 0.0532108 0.998214 -0.0271735 -7.48194 -0.279158 0.0409969 0.95937 117.557 
0.958765 -0.0406148 0.281284 132.64 0.0509774 0.998261 -0.0296183 -7.50567 -0.279592 0.0427361 0.959167 117.856 
0.958825 -0.0389068 0.281319 132.715 0.0503465 0.998168 -0.0335487 -7.53364 -0.279499 0.0463307 0.959028 118.127 
0.958861 -0.0388423 0.281206 132.785 0.0509856 0.998051 -0.0359933 -7.56128 -0.27926 0.04885 0.958972 118.369 
0.958685 -0.0397555 0.281679 132.85 0.0525179 0.9979 -0.0379018 -7.58723 -0.27958 0.051129 0.95876 118.582 
0.958781 -0.0391381 0.281437 132.906 0.052385 0.997838 -0.0396972 -7.60755 -0.279275 0.052804 0.958758 118.774 
0.958827 -0.0384046 0.281382 132.952 0.0515944 0.997882 -0.0396146 -7.62724 -0.279264 0.0525013 0.958778 118.945 
0.958805 -0.0371849 0.281619 132.997 0.0503758 0.997939 -0.0397425 -7.64208 -0.279561 0.0522921 0.958703 119.101 
0.958929 -0.0376543 0.281135 133.037 0.051082 0.997869 -0.0405851 -7.65816 -0.279008 0.0532792 0.95881 119.238 
0.958845 -0.0371013 0.281496 133.073 0.0512709 0.997753 -0.0431372 -7.67101 -0.279263 0.0557944 0.958592 119.362 
0.958702 -0.0377178 0.281901 133.11 0.0527342 0.997555 -0.04587 -7.68543 -0.279481 0.0588414 0.958346 119.48 
0.958825 -0.0365665 0.281633 133.144 0.051744 0.997571 -0.0466415 -7.69932 -0.279243 0.0592938 0.958388 119.605 
0.958826 -0.0327129 0.282103 133.173 0.0475629 0.997811 -0.0459525 -7.70871 -0.279983 0.0574781 0.958283 119.739 
0.958694 -0.0240782 0.283419 133.195 0.037792 0.998359 -0.0430187 -7.72228 -0.281918 0.0519527 0.958031 119.878 
0.959218 -0.0139965 0.282322 133.219 0.0251714 0.999035 -0.0359939 -7.73358 -0.281545 0.0416324 0.958644 120.03 
0.960301 -0.0248254 0.27786 133.272 0.0355376 0.998804 -0.0335817 -7.75077 -0.276694 0.042123 0.960034 120.165 
0.958759 -0.0501752 0.279755 133.347 0.0646895 0.996983 -0.0428869 -7.77245 -0.276759 0.0592154 0.959113 120.274 
0.95664 -0.0628541 0.284411 133.412 0.0811261 0.995298 -0.0529162 -7.79595 -0.279747 0.0736949 0.957241 120.391 
0.95787 -0.0502767 0.282767 133.428 0.0693313 0.995919 -0.057782 -7.82114 -0.278708 0.0749522 0.957447 120.517 
0.959483 -0.0276045 0.280412 133.429 0.0469626 0.996936 -0.0625506 -7.8431 -0.277826 0.0731851 0.95784 120.653 
0.959315 -0.0152409 0.281928 133.445 0.0352379 0.997198 -0.0659954 -7.86143 -0.280132 0.0732449 0.957163 120.786 
0.959463 -0.0211672 0.28104 133.497 0.0417282 0.996855 -0.0673785 -7.87805 -0.278729 0.0763744 0.957328 120.919 
0.959324 -0.0300158 0.280709 133.558 0.0510037 0.996397 -0.067762 -7.89211 -0.277663 0.0793229 0.957398 121.057 
0.95897 -0.030571 0.281855 133.603 0.0518713 0.996307 -0.0684212 -7.90814 -0.278723 0.080234 0.957014 121.205 
0.9591 -0.0240002 0.28205 133.628 0.0453556 0.996555 -0.069431 -7.93142 -0.279412 0.0793837 0.956884 121.356 
0.958931 -0.0199206 0.282939 133.667 0.0416244 0.996614 -0.0709049 -7.94982 -0.280569 0.0797701 0.956513 121.522 
0.958512 -0.02295 0.284127 133.722 0.0450806 0.996414 -0.0715969 -7.96744 -0.281465 0.0814352 0.95611 121.691 
0.958005 -0.0266222 0.285513 133.776 0.0492788 0.996153 -0.0724646 -7.98746 -0.282485 0.0834912 0.955631 121.857 
0.957642 -0.0239423 0.286963 133.827 0.0475964 0.995991 -0.075738 -8.00353 -0.284 0.0861883 0.954943 122.031 
0.957098 -0.0119544 0.289519 133.863 0.0375364 0.995845 -0.0829698 -8.01766 -0.287324 0.0902777 0.95357 122.215 
0.956896 -0.000935783 0.29043 133.901 0.0293329 0.995193 -0.0934382 -8.02907 -0.288947 0.0979298 0.952323 122.398 
0.958397 -0.0182263 0.284857 133.981 0.0455571 0.994934 -0.0896163 -8.05581 -0.28178 0.0988652 0.954372 122.581 
0.956842 -0.0390647 0.287971 134.082 0.064379 0.994797 -0.0789635 -8.08998 -0.283388 0.0940948 0.954378 122.781 
0.955634 -0.044591 0.291164 134.148 0.0675811 0.995298 -0.0693817 -8.1308 -0.286701 0.0859806 0.954154 122.979 
0.956923 -0.0315822 0.288618 134.179 0.0525438 0.99649 -0.0651694 -8.16832 -0.285547 0.0775273 0.955224 123.168 
0.956334 -0.0191443 0.291649 134.22 0.0401886 0.996988 -0.0663369 -8.1903 -0.2895 0.0751612 0.954222 123.374 
0.955874 -0.0231429 0.292863 134.292 0.0453827 0.996558 -0.0693735 -8.21148 -0.290249 0.0796033 0.953634 123.591 
0.955598 -0.0337592 0.292734 134.38 0.0564787 0.995981 -0.0695079 -8.2406 -0.289211 0.0829548 0.953664 123.814 
0.954666 -0.0378965 0.295258 134.467 0.0608992 0.995749 -0.0691021 -8.27809 -0.291385 0.0839504 0.952915 124.076 
0.954616 -0.0325744 0.296053 134.544 0.0554533 0.99606 -0.0692123 -8.31889 -0.292631 0.0824883 0.952661 124.352 
0.954493 -0.0276141 0.296952 134.625 0.0493934 0.99659 -0.0660906 -8.36172 -0.294115 0.0777505 0.952602 124.65 
0.954007 -0.0306761 0.29821 134.729 0.0513584 0.996768 -0.0617661 -8.40518 -0.295352 0.0742409 0.9525 124.968 
0.953468 -0.0378939 0.299103 134.859 0.0587287 0.99641 -0.0609759 -8.45137 -0.295718 0.0757046 0.952271 125.333 
0.952655 -0.0427867 0.301027 134.98 0.0645942 0.99593 -0.0628632 -8.49798 -0.297112 0.0793315 0.951541 125.697 
0.951863 -0.043731 0.303389 135.099 0.0659789 0.9958 -0.0634679 -8.55643 -0.299339 0.08043 0.950751 126.065 
0.950998 -0.044933 0.305916 135.23 0.066664 0.995912 -0.0609578 -8.6055 -0.301926 0.0783643 0.950105 126.446 
0.949037 -0.0442343 0.312044 135.35 0.0661309 0.996009 -0.0599365 -8.65255 -0.308148 0.0775178 0.948175 126.824 
0.946654 -0.0437187 0.319272 135.484 0.0674574 0.995688 -0.0636719 -8.70251 -0.315112 0.0818125 0.945522 127.188 
0.943172 -0.040891 0.32978 135.613 0.0667174 0.995494 -0.0673762 -8.75353 -0.325539 0.0855494 0.941651 127.55 
0.938312 -0.0445766 0.342904 135.755 0.0715502 0.995224 -0.0664114 -8.80014 -0.338306 0.0868495 0.93702 127.901 
