1 0 0 0 0 1 0 0 0 0 1 0 
0.999988 0.000880954 0.00471608 -0.000800845 -0.000872818 0.999998 -0.00172704 -0.0255388 -0.00471759 0.00172291 0.999987 0.374205 
0.999947 0.00150649 0.0101627 0.00381734 -0.00146852 0.999992 -0.00374326 -0.0470576 -0.0101683 0.00372814 0.999941 0.734788 
0.999856 0.00320169 0.0166402 0.00947662 -0.0031149 0.999981 -0.00523904 -0.0685765 -0.0166567 0.00518646 0.999848 1.07858 
0.9997 0.00397626 0.0241617 0.0203724 -0.00379271 0.999964 -0.0076381 -0.0884071 -0.0241912 0.00754417 0.999679 1.41631 
0.999413 0.00495866 0.033891 0.0357399 -0.00468854 0.999957 -0.00804521 -0.108464 -0.0339294 0.00788159 0.999393 1.75718 
0.998934 0.00529532 0.0458618 0.0569764 -0.00494537 0.999958 -0.0077407 -0.13487 -0.0459008 0.00750564 0.998918 2.08265 
0.998246 0.00403467 0.0590607 0.0867591 -0.00371453 0.999978 -0.0055292 -0.15903 -0.0590817 0.00530012 0.998239 2.40908 
0.997226 0.0020378 0.0744097 0.124867 -0.00175652 0.999991 -0.00384552 -0.180653 -0.0744168 0.00370415 0.99722 2.72756 
0.995649 0.00254405 0.0931492 0.166396 -0.00223624 0.999992 -0.00340869 -0.202646 -0.0931571 0.00318555 0.995646 3.02923 
0.993337 0.00270456 0.115217 0.217866 -0.00233977 0.999992 -0.00330121 -0.221529 -0.115225 0.00300963 0.993335 3.32225 
0.989905 0.00308693 0.141699 0.280775 -0.0025412 0.999989 -0.00403215 -0.23914 -0.141709 0.00363136 0.989902 3.60806 
0.984984 0.00332908 0.172611 0.358349 -0.00230339 0.999978 -0.00614219 -0.257037 -0.172628 0.00565237 0.984971 3.8938 
0.978095 0.00152667 0.208153 0.45348 -0.000479257 0.999987 -0.00508229 -0.27649 -0.208158 0.00487121 0.978083 4.18379 
0.968731 -0.000878069 0.248113 0.566603 0.000666004 0.999999 0.000938643 -0.297833 -0.248114 -0.000744048 0.968731 4.47829 
0.956964 -0.00350114 0.290187 0.694903 0.00172304 0.999978 0.00638271 -0.317643 -0.290203 -0.00560801 0.956949 4.76004 
0.941919 -0.00600082 0.335787 0.838462 0.00346177 0.999961 0.00815957 -0.330983 -0.335823 -0.00652323 0.941902 5.02618 
0.922521 -0.00855625 0.385852 1.00104 0.00621726 0.999954 0.00730931 -0.343254 -0.385897 -0.00434405 0.922532 5.28088 
0.897981 -0.0126945 0.439851 1.191 0.0103302 0.999916 0.00776864 -0.354771 -0.439913 -0.00243234 0.898037 5.54155 
0.86887 -0.0197634 0.494646 1.40733 0.0154117 0.999798 0.0128751 -0.363144 -0.4948 -0.00356348 0.868999 5.79914 
0.835331 -0.0263541 0.549115 1.63953 0.0193449 0.999641 0.0185484 -0.375021 -0.549407 -0.00487148 0.835541 6.03711 
0.797726 -0.0269206 0.602419 1.88976 0.0189856 0.999629 0.0195301 -0.387156 -0.602721 -0.0041424 0.797941 6.26613 
0.754891 -0.027677 0.655266 2.15751 0.0171342 0.9996 0.0224816 -0.395589 -0.655627 -0.00574369 0.755063 6.48949 
0.708061 -0.0328458 0.705387 2.45229 0.0169352 0.99942 0.0295378 -0.40026 -0.705948 -0.00896873 0.708207 6.70046 
0.657992 -0.0401019 0.751957 2.76975 0.0212805 0.999172 0.0346648 -0.4134 -0.752725 -0.00680714 0.6583 6.88444 
0.604108 -0.044838 0.79564 3.10687 0.0268855 0.998994 0.0358846 -0.423326 -0.796449 -0.000286983 0.604706 7.04601 
0.546766 -0.0481907 0.835898 3.46249 0.0292332 0.998832 0.0384625 -0.425799 -0.836775 0.003406 0.547536 7.198 
0.485957 -0.0522318 0.872421 3.83602 0.0280892 0.99863 0.0441417 -0.431353 -0.873531 0.00305463 0.486758 7.33783 
0.422594 -0.0545562 0.904676 4.22627 0.0238846 0.99851 0.0490578 -0.43392 -0.906004 0.000876351 0.423267 7.45779 
0.357614 -0.0590641 0.932 4.65302 0.0220372 0.998254 0.054807 -0.426852 -0.933609 0.000938875 0.358291 7.5597 
0.291966 -0.0681676 0.953996 5.08868 0.0243622 0.997663 0.0638319 -0.430432 -0.956118 0.00460468 0.292945 7.62698 
0.225235 -0.0720894 0.971634 5.55175 0.0202265 0.99739 0.0693117 -0.433775 -0.974094 0.00404129 0.226106 7.67516 
0.160414 -0.0734646 0.984312 6.047 0.0115373 0.997298 0.0725536 -0.426344 -0.986982 -0.000282341 0.160828 7.71323 
0.0988056 -0.0768271 0.992137 6.56685 0.000205431 0.997017 0.0771845 -0.412959 -0.995107 -0.00742245 0.0985267 7.73038 
0.0341792 -0.0672466 0.997151 7.09619 0.00803427 0.99772 0.0670096 -0.413898 -0.999383 0.00572104 0.0346416 7.68886 
-0.0264443 -0.0585239 0.997936 7.64204 0.0161363 0.99813 0.0589629 -0.41344 -0.99952 0.0176622 -0.0254505 7.60957 
-0.0808676 -0.0564493 0.995125 8.22225 0.0174228 0.998162 0.0580375 -0.399185 -0.996573 0.0220312 -0.0797355 7.51655 
-0.129817 -0.0625518 0.989563 8.8421 0.00789256 0.997911 0.0641149 -0.376156 -0.991507 0.0161334 -0.129052 7.42226 
-0.17133 -0.0799505 0.981964 9.48815 0.0119508 0.99646 0.0832158 -0.367559 -0.985141 0.0259926 -0.169768 7.27739 
-0.207004 -0.0877293 0.974399 10.1347 0.017799 0.995469 0.0934076 -0.355338 -0.978178 0.0366791 -0.204504 7.11183 
-0.238202 -0.0816014 0.967781 10.7818 0.0191827 0.995874 0.0886917 -0.330835 -0.971026 0.0396912 -0.235654 6.92972 
-0.263363 -0.0751379 0.961766 11.4706 0.0175171 0.996425 0.0826423 -0.300281 -0.964538 0.0386123 -0.261105 6.74649 
-0.282758 -0.0776582 0.956042 12.1906 0.0164696 0.996177 0.0857894 -0.283763 -0.95905 0.0400033 -0.280399 6.53316 
-0.300124 -0.0811404 0.950443 12.96 0.016328 0.995793 0.0901679 -0.273908 -0.95376 0.0425804 -0.297536 6.29345 
-0.31548 -0.0821876 0.945366 13.7239 0.0158972 0.995645 0.0918637 -0.245139 -0.948799 0.0440099 -0.3128 6.0345 
-0.329901 -0.0826943 0.940387 14.4908 0.0158951 0.995528 0.0931195 -0.218909 -0.943882 0.0456677 -0.327111 5.76783 
-0.342819 -0.0849992 0.935548 15.2894 0.0168106 0.995184 0.0965774 -0.193401 -0.939251 0.0488358 -0.339739 5.47354 
-0.354194 -0.0901736 0.930814 16.0944 0.0171023 0.994549 0.102856 -0.165766 -0.935015 0.0523499 -0.350722 5.16239 
-0.365653 -0.0925631 0.926137 16.8649 0.0160524 0.994267 0.10571 -0.130254 -0.930613 0.05352 -0.362071 4.85799 
-0.376147 -0.0929009 0.921891 17.6036 0.0141723 0.994268 0.105977 -0.0969159 -0.926452 0.0529283 -0.372674 4.56225 
-0.386635 -0.0918307 0.917649 18.3696 0.0129751 0.99439 0.104977 -0.0556066 -0.922141 0.0524945 -0.383275 4.24232 
-0.395348 -0.0902802 0.914084 19.144 0.0119995 0.994566 0.103419 -0.0232111 -0.918453 0.051855 -0.392116 3.91347 
-0.402791 -0.0890659 0.910948 19.9215 0.0134285 0.994572 0.10318 0.00749299 -0.915194 0.0537924 -0.399408 3.57396 
-0.410123 -0.0943853 0.907133 20.7108 0.0111844 0.994035 0.108484 0.0367569 -0.911962 0.0546375 -0.406621 3.2261 
-0.416766 -0.0967308 0.903852 21.4986 0.00979881 0.993786 0.110874 0.06438 -0.908961 0.0550652 -0.413229 2.87766 
-0.421402 -0.0926965 0.902124 22.2871 0.0106282 0.994189 0.107121 0.10398 -0.906812 0.054729 -0.417968 2.51861 
-0.424627 -0.0919952 0.900682 23.0687 0.0106772 0.994246 0.106586 0.141557 -0.905306 0.0548758 -0.421201 2.17925 
-0.426008 -0.0934572 0.899879 23.8923 0.0105957 0.994067 0.108255 0.187036 -0.904657 0.0556524 -0.42249 1.7953 
-0.425937 -0.0962369 0.89962 24.7535 0.0120378 0.993636 0.111994 0.242826 -0.904673 0.0585317 -0.422068 1.39383 
-0.423098 -0.0984365 0.900721 25.5872 0.0113624 0.993427 0.113905 0.286387 -0.906013 0.0584275 -0.419199 1.01715 
-0.420288 -0.0990956 0.901964 26.4244 0.00925707 0.993499 0.113466 0.328263 -0.907344 0.0560378 -0.416638 0.656277 
-0.417183 -0.0994914 0.90336 27.2376 0.0115781 0.993327 0.114747 0.358293 -0.908749 0.0583297 -0.413248 0.302392 
-0.413873 -0.100706 0.904747 28.0881 0.0154965 0.992939 0.117612 0.400734 -0.910203 0.0626967 -0.40939 -0.0900379 
-0.411035 -0.0975243 0.906388 28.9171 0.0290946 0.992351 0.119968 0.440869 -0.911155 0.0756819 -0.405054 -0.479646 
-0.409153 -0.0910969 0.907907 29.7436 0.0427907 0.991994 0.118818 0.485573 -0.911462 0.0874646 -0.401979 -0.861597 
-0.407002 -0.10622 0.90723 30.6162 0.0228967 0.991717 0.126383 0.542415 -0.91314 0.0722109 -0.401199 -1.20709 
-0.403722 -0.125855 0.906184 31.4688 -0.00452954 0.990756 0.135582 0.60303 -0.914871 0.0506329 -0.40056 -1.52688 
-0.401893 -0.119709 0.907828 32.3046 0.0131295 0.990563 0.136431 0.647699 -0.915592 0.0667501 -0.396529 -1.9004 
-0.403625 -0.0950325 0.909976 33.1314 0.00957632 0.994098 0.108065 0.6678 -0.914874 0.0523321 -0.400333 -2.25602 
-0.406048 -0.0934904 0.909057 33.9612 -0.0082672 0.995088 0.0986454 0.706573 -0.913814 0.0325394 -0.404827 -2.5906 
-0.403924 -0.114912 0.907547 34.7982 -0.00675775 0.992427 0.122652 0.754449 -0.914768 0.0434089 -0.401642 -2.94415 
-0.403471 -0.146504 0.903187 35.679 0.00164586 0.986981 0.160831 0.807016 -0.914991 0.0663773 -0.397977 -3.33994 
-0.405098 -0.147234 0.90234 36.5134 0.00378582 0.986669 0.162694 0.86983 -0.914265 0.069323 -0.399141 -3.70145 
-0.405849 -0.127704 0.904974 37.2992 0.00145456 0.990098 0.140368 0.933076 -0.913939 0.0582845 -0.401644 -4.03338 
-0.405854 -0.120539 0.905954 38.0968 -0.00141456 0.991346 0.131267 1.00472 -0.913937 0.0519936 -0.402513 -4.36939 
-0.405574 -0.130133 0.904752 38.9267 0.00141616 0.989723 0.142989 1.07403 -0.914061 0.059274 -0.401222 -4.7356 
-0.406254 -0.136604 0.903492 39.7247 0.00320173 0.988543 0.150903 1.13058 -0.913755 0.0641977 -0.401162 -5.07829 
-0.408542 -0.133744 0.902888 40.5276 0.00366149 0.988958 0.14815 1.20807 -0.912732 0.0638316 -0.403541 -5.43218 
-0.410935 -0.131625 0.902113 41.3369 0.00363632 0.989278 0.145999 1.26223 -0.911657 0.0632765 -0.40605 -5.79079 
-0.413896 -0.130546 0.900915 42.1165 0.00417058 0.989382 0.145281 1.32317 -0.910315 0.0638887 -0.408956 -6.12896 
-0.417018 -0.13034 0.899504 42.901 0.00514657 0.98931 0.145739 1.39082 -0.908884 0.0654051 -0.411889 -6.48039 
-0.420803 -0.127298 0.898176 43.7024 0.0107896 0.989333 0.145273 1.45245 -0.907088 0.0708221 -0.41494 -6.85262 
-0.423898 -0.12711 0.896746 44.5036 0.0126271 0.989177 0.146181 1.5249 -0.905622 0.0732891 -0.417705 -7.22964 
-0.426998 -0.130715 0.894755 45.286 0.0129361 0.988512 0.150586 1.57238 -0.90416 0.0758745 -0.420402 -7.5792 
-0.428854 -0.132429 0.893614 46.063 0.0156201 0.987962 0.153907 1.63386 -0.903239 0.0799621 -0.421623 -7.94633 
-0.430826 -0.131988 0.892731 46.8222 0.0178996 0.987802 0.154683 1.69555 -0.902258 0.0826209 -0.423208 -8.30399 
-0.432719 -0.131131 0.891941 47.5826 0.0192894 0.987792 0.154581 1.76384 -0.901323 0.0840951 -0.424907 -8.66411 
-0.432354 -0.131625 0.892045 48.3516 0.0208792 0.987562 0.155839 1.83162 -0.901462 0.0860028 -0.424228 -9.02399 
-0.429884 -0.132013 0.893181 49.1146 0.0243819 0.987195 0.157643 1.89545 -0.902555 0.0895455 -0.42116 -9.38203 
-0.425376 -0.131812 0.895366 49.8549 0.0262297 0.987126 0.157782 1.96356 -0.904637 0.0906019 -0.416442 -9.71376 
-0.419814 -0.132234 0.897926 50.6014 0.0276952 0.987002 0.158301 2.02711 -0.907188 0.091325 -0.410695 -10.0434 
-0.413523 -0.13427 0.900539 51.3627 0.0276736 0.986756 0.159832 2.09765 -0.910073 0.0910155 -0.404331 -10.3771 
-0.407443 -0.135178 0.90317 52.1309 0.0296432 0.986505 0.161024 2.17051 -0.912749 0.0923809 -0.397938 -10.7125 
-0.401091 -0.13462 0.906092 52.8919 0.0319589 0.986484 0.16071 2.23911 -0.915481 0.0934172 -0.391368 -11.0333 
-0.394388 -0.132558 0.909333 53.6463 0.0357742 0.986576 0.159334 2.30742 -0.918247 0.09537 -0.384352 -11.3459 
-0.386753 -0.131388 0.912776 54.4111 0.0369442 0.986796 0.157696 2.38217 -0.921443 0.0947111 -0.376792 -11.6499 
-0.379117 -0.13309 0.915728 55.1683 0.0365092 0.986681 0.158517 2.45261 -0.924628 0.0935291 -0.369208 -11.9401 
-0.371398 -0.13416 0.91873 55.9404 0.0381476 0.986465 0.159472 2.53055 -0.92769 0.0942751 -0.361253 -12.2378 
-0.364331 -0.133565 0.921642 56.7005 0.0411372 0.986387 0.159209 2.59886 -0.930361 0.0959187 -0.353877 -12.5195 
-0.357521 -0.133464 0.924319 57.4502 0.0424613 0.986389 0.15885 2.67115 -0.932939 0.09604 -0.346988 -12.793 
-0.34973 -0.136787 0.926811 58.2216 0.0398028 0.986221 0.160574 2.75198 -0.936004 0.0930475 -0.339467 -13.062 
-0.341773 -0.139795 0.929327 59.0123 0.0396654 0.985847 0.162885 2.82739 -0.938945 0.0925318 -0.331391 -13.3407 
-0.333102 -0.141058 0.93228 59.7835 0.040497 0.985694 0.16361 2.88753 -0.942021 0.0922532 -0.322624 -13.6071 
-0.324768 -0.13773 0.935712 60.5562 0.0424407 0.986221 0.159895 2.95355 -0.944841 0.0916411 -0.314448 -13.8632 
-0.314246 -0.135652 0.9396 61.3482 0.0448029 0.986517 0.157409 3.03459 -0.948284 0.0915619 -0.303931 -14.122 
-0.30236 -0.138178 0.943125 62.1335 0.0444669 0.986315 0.158762 3.11066 -0.952156 0.0899411 -0.292078 -14.3561 
-0.28855 -0.14088 0.947044 62.9343 0.0451715 0.986011 0.16044 3.18615 -0.956399 0.0890743 -0.27815 -14.5829 
-0.27365 -0.142865 0.95116 63.7298 0.044968 0.985926 0.161024 3.25545 -0.960777 0.086836 -0.263375 -14.7842 
-0.25632 -0.141757 0.956141 64.5266 0.0469392 0.986195 0.158797 3.33379 -0.965452 0.0855832 -0.246127 -14.98 
-0.236013 -0.142063 0.96131 65.3681 0.0476446 0.986375 0.157464 3.42201 -0.970581 0.0829647 -0.226028 -15.1701 
-0.214898 -0.143347 0.966059 66.1662 0.0509084 0.986181 0.157657 3.48436 -0.975309 0.0830608 -0.204631 -15.3209 
-0.19222 -0.141142 0.971149 66.9993 0.0534267 0.986631 0.153966 3.57234 -0.979897 0.0814806 -0.182109 -15.4589 
-0.168663 -0.138193 0.975938 67.823 0.058523 0.986972 0.149869 3.6442 -0.983935 0.0823922 -0.158378 -15.5779 
-0.14414 -0.134583 0.980363 68.683 0.0688381 0.986945 0.145608 3.7374 -0.98716 0.0884742 -0.132994 -15.6908 
-0.117848 -0.135084 0.983801 69.4985 0.0768171 0.986496 0.144656 3.80065 -0.990056 0.0926202 -0.10588 -15.7707 
-0.0923123 -0.129962 0.987212 70.337 0.0793173 0.987335 0.137395 3.87707 -0.992566 0.0909863 -0.080835 -15.8091 
-0.0643824 -0.129877 0.989438 71.1586 0.08549 0.987132 0.135137 3.93234 -0.994257 0.0932875 -0.0524507 -15.8321 
-0.0366571 -0.131587 0.990627 71.9977 0.093066 0.986535 0.134487 3.99362 -0.994985 0.0971236 -0.0239172 -15.8434 
-0.00921898 -0.135905 0.990679 72.8182 0.0965598 0.98597 0.136157 4.05373 -0.995284 0.096915 0.00403328 -15.8237 
0.0194719 -0.13178 0.991088 73.6361 0.099534 0.986607 0.129228 4.11868 -0.994844 0.0961306 0.0323277 -15.7729 
0.0490606 -0.125809 0.990841 74.444 0.101716 0.987507 0.120349 4.15057 -0.993603 0.0948796 0.0612445 -15.7019 
0.0790589 -0.123109 0.989239 75.2856 0.105822 0.987775 0.114469 4.18392 -0.991237 0.0956333 0.09112 -15.6141 
0.109498 -0.127232 0.98581 76.1268 0.107317 0.98749 0.115529 4.21069 -0.988177 0.0931441 0.121782 -15.4921 
0.139842 -0.131588 0.981391 76.9523 0.106344 0.987393 0.11724 4.2501 -0.984447 0.08797 0.152073 -15.3422 
0.171184 -0.133304 0.976179 77.7926 0.107079 0.987453 0.116066 4.28694 -0.979403 0.0846593 0.18331 -15.1656 
0.202696 -0.131948 0.970311 78.5914 0.107991 0.987848 0.111774 4.33187 -0.973269 0.0821284 0.214482 -14.9738 
0.233145 -0.130416 0.963657 79.3663 0.107903 0.988316 0.107648 4.35968 -0.966437 0.0788836 0.244493 -14.7503 
0.264224 -0.128952 0.955802 80.1584 0.108921 0.988671 0.103276 4.39227 -0.958291 0.0768184 0.275277 -14.4962 
0.295107 -0.12888 0.946732 80.9405 0.110618 0.988807 0.100127 4.41193 -0.949039 0.0751773 0.30606 -14.2316 
0.325822 -0.129464 0.936525 81.6845 0.113361 0.988783 0.0972498 4.43545 -0.93861 0.0744788 0.336844 -13.9504 
0.356373 -0.130065 0.925247 82.4473 0.115488 0.988802 0.0945171 4.45327 -0.927179 0.0731712 0.367403 -13.6371 
0.386436 -0.12951 0.913178 83.2046 0.11892 0.988824 0.0899137 4.47874 -0.914617 0.073849 0.397519 -13.2969 
0.41713 -0.130007 0.899501 83.981 0.122487 0.988728 0.0861014 4.49425 -0.900555 0.0742615 0.428352 -12.9214 
0.448389 -0.130281 0.884293 84.7396 0.125315 0.988712 0.0821228 4.50699 -0.885011 0.0739919 0.459653 -12.5204 
0.478936 -0.129658 0.868222 85.4826 0.12675 0.988882 0.0777582 4.51893 -0.868651 0.0728061 0.490046 -12.0942 
0.509141 -0.127946 0.85112 86.1982 0.127189 0.989216 0.072621 4.53317 -0.851233 0.0712787 0.519924 -11.6419 
0.538412 -0.126829 0.833082 86.8634 0.127974 0.989449 0.067926 4.54096 -0.832907 0.0700407 0.548962 -11.1796 
0.567579 -0.126684 0.813514 87.549 0.129693 0.989512 0.0636065 4.54988 -0.81304 0.0694055 0.578056 -10.6795 
0.59521 -0.125276 0.793745 88.1925 0.12972 0.989797 0.0589444 4.5465 -0.79303 0.0678805 0.605388 -10.1565 
0.622777 -0.124601 0.772414 88.8186 0.128869 0.99009 0.0558115 4.52639 -0.771713 0.0647822 0.632663 -9.62161 
0.649035 -0.122028 0.750908 89.4233 0.129187 0.990395 0.0492862 4.51171 -0.749709 0.0650188 0.658566 -9.05979 
0.674493 -0.121905 0.728148 90.0357 0.131364 0.990352 0.0441184 4.48664 -0.726501 0.0658946 0.683999 -8.45836 
0.699141 -0.121787 0.704535 90.6005 0.131437 0.990485 0.040786 4.45914 -0.702798 0.0640869 0.708497 -7.85467 
0.722641 -0.121052 0.680541 91.1247 0.130986 0.990689 0.0371309 4.43376 -0.678699 0.0623092 0.731768 -7.24849 
0.745345 -0.119463 0.655888 91.6406 0.129271 0.99104 0.033606 4.40574 -0.654026 0.0597391 0.754109 -6.61663 
0.766398 -0.117928 0.631448 92.134 0.127877 0.991338 0.0299335 4.37071 -0.629509 0.0578069 0.77484 -5.97711 
0.785358 -0.114517 0.608358 92.6024 0.123138 0.992001 0.0277695 4.33886 -0.606672 0.0531028 0.793177 -5.31672 
0.802516 -0.113632 0.58571 93.0629 0.121801 0.992224 0.0256108 4.29755 -0.584065 0.0507872 0.810116 -4.65793 
0.817537 -0.113144 0.564652 93.4887 0.122359 0.992249 0.0216677 4.25929 -0.562727 0.051376 0.825044 -4.009 
0.831479 -0.111999 0.544149 93.9111 0.122181 0.992353 0.0175522 4.22061 -0.541954 0.0518907 0.838805 -3.31868 
0.844454 -0.109866 0.524239 94.3128 0.119224 0.992738 0.0160016 4.18404 -0.52219 0.0489893 0.851421 -2.61962 
0.856826 -0.10894 0.503965 94.7049 0.118117 0.992904 0.0138121 4.14115 -0.501893 0.0476924 0.863614 -1.92619 
0.867507 -0.110279 0.485046 95.0869 0.120158 0.992696 0.0107956 4.09258 -0.482694 0.0489168 0.874422 -1.2162 
0.877386 -0.107017 0.467698 95.4463 0.117867 0.993011 0.0061022 4.05228 -0.465082 0.0497721 0.883867 -0.500135 
0.885671 -0.107918 0.451597 95.7904 0.119248 0.992859 0.00339406 4.0044 -0.448739 0.0508462 0.892215 0.20839 
0.892991 -0.106514 0.437289 96.1249 0.118179 0.992992 0.000537078 3.95969 -0.434282 0.0511986 0.899321 0.943861 
0.899474 -0.105088 0.424149 96.4568 0.116681 0.993169 -0.00137038 3.9105 -0.421107 0.0507226 0.905591 1.67294 
0.904724 -0.105791 0.412653 96.7677 0.116678 0.993169 -0.00119393 3.85695 -0.409708 0.0492278 0.910887 2.38663 
0.90954 -0.104628 0.402232 97.0768 0.114907 0.993375 -0.00143606 3.80785 -0.399417 0.0475255 0.915537 3.11315 
0.913643 -0.100057 0.394011 97.3801 0.109941 0.993935 -0.00253155 3.75019 -0.391368 0.045631 0.919102 3.84167 
0.916785 -0.0947494 0.387978 97.6733 0.105144 0.994441 -0.00559674 3.69533 -0.385291 0.0459245 0.921651 4.57214 
0.918828 -0.0957696 0.382861 97.9652 0.103855 0.994592 -0.000453508 3.64927 -0.380747 0.0401789 0.923806 5.2997 
0.920202 -0.0968839 0.379264 98.2668 0.102839 0.994688 0.0045793 3.60025 -0.377693 0.0347892 0.925277 6.04009 
0.921017 -0.0970221 0.377246 98.5645 0.102256 0.994739 0.00618185 3.54984 -0.375861 0.0328821 0.926093 6.77826 
0.921761 -0.098713 0.374983 98.8595 0.107424 0.994211 -0.00233979 3.49849 -0.372581 0.0424388 0.927029 7.50591 
0.92217 -0.0980854 0.374142 99.1501 0.115544 0.993001 -0.0244629 3.42782 -0.369124 0.0657889 0.927049 8.20491 
0.922792 -0.0880501 0.375103 99.4377 0.119578 0.990914 -0.0615719 3.33911 -0.366273 0.101672 0.924936 8.90952 
0.923552 -0.0851306 0.373905 99.7295 0.119438 0.990405 -0.0695197 3.25923 -0.3644 0.108864 0.924858 9.66401 
0.924772 -0.0985397 0.36754 100.04 0.123534 0.991317 -0.0450487 3.20385 -0.35991 0.0870637 0.928916 10.4621 
0.925416 -0.123537 0.358251 100.351 0.129796 0.991519 0.00662745 3.12423 -0.356032 0.0403664 0.933602 11.2438 
0.926293 -0.129068 0.354009 100.638 0.131793 0.99114 0.0165104 3.05835 -0.353003 0.0313626 0.935096 11.9889 
0.927117 -0.121129 0.354657 100.913 0.131505 0.991302 -0.00520196 3.00268 -0.350942 0.051462 0.934982 12.7219 
0.927969 -0.114818 0.354529 101.195 0.130187 0.991293 -0.0197188 2.95508 -0.349178 0.0644535 0.934837 13.4611 
0.928431 -0.116138 0.352886 101.489 0.12769 0.991768 -0.00954696 2.88783 -0.348872 0.0539236 0.935618 14.2486 
0.928295 -0.121358 0.351484 101.793 0.129226 0.991615 0.00108227 2.82378 -0.348668 0.0444164 0.936193 15.0513 
0.928031 -0.121195 0.352237 102.087 0.130426 0.991455 -0.00249861 2.77191 -0.348924 0.0482595 0.935908 15.8277 
0.927938 -0.120687 0.352656 102.388 0.131712 0.991261 -0.00733744 2.71662 -0.348688 0.0532576 0.935724 16.6254 
0.928335 -0.120713 0.3516 102.691 0.131044 0.991361 -0.00563779 2.66566 -0.347881 0.0513088 0.936134 17.4404 
0.928932 -0.120471 0.350103 102.989 0.130212 0.991477 -0.00432405 2.60449 -0.346598 0.0496044 0.936701 18.2492 
0.929613 -0.118121 0.349094 103.294 0.129232 0.991577 -0.00861966 2.54506 -0.345136 0.053127 0.937048 19.069 
0.929967 -0.117199 0.348462 103.608 0.130078 0.991409 -0.0137063 2.48395 -0.343862 0.0580738 0.937223 19.9208 
0.930383 -0.117743 0.347167 103.919 0.130377 0.991377 -0.0131734 2.423 -0.342623 0.0575189 0.937711 20.7591 
0.930735 -0.118834 0.345849 104.222 0.130406 0.991407 -0.0102942 2.36085 -0.341654 0.0546821 0.938234 21.6074 
0.931243 -0.119709 0.344173 104.539 0.130354 0.991436 -0.00786514 2.29724 -0.340285 0.0521886 0.938873 22.4635 
0.931292 -0.121902 0.343271 104.85 0.132074 0.99122 -0.00631739 2.2303 -0.339487 0.0512207 0.939215 23.3011 
0.931494 -0.120858 0.343093 105.168 0.131161 0.991337 -0.0068929 2.16964 -0.339288 0.0514213 0.939276 24.2239 
0.931545 -0.119083 0.343575 105.48 0.12989 0.991492 -0.00852296 2.10909 -0.339637 0.0525666 0.939087 25.1199 
0.931419 -0.117007 0.344626 105.803 0.128073 0.99172 -0.00943512 2.0428 -0.340669 0.0529255 0.938693 26.016 
0.93077 -0.116374 0.34659 106.117 0.126703 0.991914 -0.00720826 1.97392 -0.342948 0.0506233 0.937989 26.8874 
0.930031 -0.11595 0.34871 106.449 0.124987 0.992152 -0.00344611 1.91404 -0.345574 0.0467891 0.937224 27.7782 
0.928804 -0.118794 0.351016 106.796 0.1274 0.99185 -0.00143402 1.85009 -0.347985 0.0460513 0.936369 28.7036 
0.927652 -0.119462 0.353822 107.136 0.127984 0.991776 -0.000692727 1.78738 -0.350829 0.0459263 0.935313 29.6139 
0.926591 -0.120927 0.356099 107.482 0.129085 0.991633 0.000861177 1.72285 -0.353224 0.0451691 0.934448 30.5127 
0.925916 -0.121716 0.357581 107.822 0.129603 0.991564 0.00192246 1.65723 -0.354799 0.0445635 0.93388 31.4095 
0.925326 -0.12277 0.358747 108.162 0.131763 0.991281 -0.000623116 1.59383 -0.355542 0.047846 0.933435 32.2969 
0.925717 -0.120447 0.358526 108.5 0.13042 0.991452 -0.00366659 1.52739 -0.35502 0.0501533 0.933512 33.1903 
0.926138 -0.118898 0.357955 108.858 0.128777 0.991666 -0.00379174 1.47211 -0.354521 0.0496079 0.933731 34.1576 
0.926614 -0.119894 0.356388 109.216 0.128219 0.991746 0.000265347 1.39275 -0.353478 0.0454499 0.934338 35.12 
0.926851 -0.120823 0.355457 109.581 0.128884 0.991659 0.00101155 1.3267 -0.352614 0.044875 0.934692 36.0993 
0.927045 -0.121018 0.354884 109.951 0.129587 0.991568 -0.000381951 1.26231 -0.351846 0.0463426 0.93491 37.0599 
0.927083 -0.120234 0.35505 110.293 0.129605 0.991562 -0.00263352 1.20259 -0.351738 0.0484578 0.934843 37.975 
0.92699 -0.120713 0.35513 110.641 0.130253 0.991476 -0.00298059 1.14163 -0.351743 0.0490196 0.934812 38.9041 
0.926727 -0.121211 0.355646 110.988 0.131159 0.991354 -0.00389576 1.07213 -0.352099 0.0502564 0.934613 39.8062 
0.92657 -0.120255 0.35638 111.356 0.129203 0.991617 -0.00131523 0.994981 -0.353234 0.0472639 0.93434 40.7658 
0.926389 -0.121014 0.356593 111.736 0.129195 0.991619 0.000883725 0.930134 -0.353711 0.0452513 0.934259 41.737 
0.926075 -0.12142 0.35727 112.101 0.129275 0.991607 0.00190918 0.867538 -0.354503 0.0444181 0.933999 42.6846 
0.925943 -0.120149 0.358041 112.472 0.128274 0.991738 0.00106689 0.804296 -0.355211 0.0449394 0.933705 43.6454 
0.925784 -0.120195 0.358438 112.848 0.127569 0.991825 0.00310019 0.747698 -0.35588 0.0428555 0.933548 44.6206 
0.925551 -0.120727 0.358861 113.203 0.127958 0.991773 0.00362917 0.688907 -0.356346 0.0425601 0.933384 45.5686 
0.925049 -0.122231 0.359643 113.583 0.130042 0.991505 0.00249484 0.633096 -0.356893 0.044461 0.933087 46.558 
0.924898 -0.121536 0.360268 113.948 0.129511 0.991576 0.00202006 0.577216 -0.357479 0.0447903 0.932847 47.5244 
0.924578 -0.122836 0.360648 114.324 0.130663 0.991423 0.00270223 0.49618 -0.357886 0.0446249 0.932698 48.5167 
0.924225 -0.123583 0.361297 114.693 0.131092 0.991363 0.00375691 0.423792 -0.35864 0.0438909 0.932443 49.5231 
0.924105 -0.12319 0.361738 115.057 0.130343 0.991458 0.0046662 0.363023 -0.359223 0.0428379 0.932268 50.4911 
0.923441 -0.126317 0.362356 115.449 0.133259 0.991064 0.00588105 0.296096 -0.35986 0.0428564 0.932021 51.4671 
0.923107 -0.127593 0.362757 115.843 0.134231 0.990926 0.0069604 0.237075 -0.360354 0.0422682 0.931858 52.4754 
0.922659 -0.126737 0.364195 116.22 0.133114 0.991071 0.00765235 0.178457 -0.361913 0.0414188 0.931291 53.4529 
0.922857 -0.122792 0.365045 116.604 0.129531 0.991557 0.00607194 0.120376 -0.362708 0.0416811 0.93097 54.4668 
0.92243 -0.125445 0.365222 116.983 0.132028 0.991221 0.00700237 0.0562083 -0.362894 0.0417604 0.930894 55.4227 
0.921959 -0.126924 0.365898 117.361 0.132156 0.99117 0.0108245 -0.00821137 -0.364041 0.038376 0.930592 56.4126 
0.92176 -0.125338 0.366944 117.742 0.130496 0.99139 0.0108276 -0.0713741 -0.365142 0.0379044 0.93018 57.3777 
0.921379 -0.126198 0.367606 118.122 0.132235 0.991179 0.00883239 -0.128114 -0.365478 0.0404724 0.92994 58.324 
0.921191 -0.125737 0.368234 118.527 0.131671 0.991252 0.0090791 -0.17569 -0.366155 0.0401223 0.929689 59.3336 
0.920648 -0.126474 0.369339 118.897 0.131607 0.991237 0.0113763 -0.244305 -0.367541 0.038134 0.929225 60.3158 
0.920323 -0.126222 0.370235 119.282 0.131617 0.991242 0.0107674 -0.305569 -0.368351 0.0388198 0.928876 61.2973 
0.919904 -0.127512 0.370834 119.679 0.132902 0.991067 0.011099 -0.373996 -0.368936 0.0390743 0.928633 62.2455 
0.919961 -0.128334 0.370408 120.06 0.132804 0.99105 0.013526 -0.432797 -0.368829 0.0367485 0.92877 63.1855 
0.919999 -0.129124 0.37004 120.439 0.133035 0.990997 0.0150497 -0.488121 -0.368652 0.0353827 0.928894 64.132 
0.920386 -0.128715 0.369218 120.813 0.132864 0.991031 0.0142873 -0.539064 -0.367746 0.0359057 0.929233 65.0723 
0.920776 -0.130876 0.367483 121.199 0.134832 0.990755 0.0150098 -0.596707 -0.36605 0.0357277 0.929909 66.0296 
0.9213 -0.131065 0.366099 121.564 0.134529 0.990778 0.0161565 -0.65145 -0.36484 0.0343658 0.930436 66.9635 
0.921667 -0.131551 0.364998 121.934 0.13573 0.990643 0.0143081 -0.699272 -0.363464 0.0363538 0.930898 67.9021 
0.922088 -0.132927 0.363433 122.317 0.137031 0.990459 0.014593 -0.758821 -0.361905 0.0363457 0.931506 68.8538 
0.922351 -0.134176 0.362305 122.669 0.137563 0.990355 0.016562 -0.812511 -0.361032 0.0345637 0.931913 69.7573 
0.922509 -0.13427 0.36187 123.018 0.137143 0.99039 0.0178631 -0.868323 -0.360791 0.0331491 0.932058 70.7089 
0.922724 -0.133365 0.361654 123.347 0.135604 0.990575 0.0193084 -0.918688 -0.360821 0.0312253 0.932112 71.5778 
0.922599 -0.133748 0.361832 123.691 0.135603 0.990553 0.0203876 -0.970975 -0.361141 0.030256 0.93202 72.4596 
0.922507 -0.134462 0.361803 124.056 0.136232 0.99046 0.0207395 -1.01136 -0.36114 0.0301569 0.932024 73.3824 
0.92223 -0.135355 0.362175 124.412 0.137536 0.990297 0.0198851 -1.07177 -0.361353 0.0314736 0.931898 74.2794 
0.922142 -0.135324 0.362412 124.768 0.138173 0.990241 0.0181799 -1.11634 -0.361335 0.0333109 0.931841 75.2012 
0.922078 -0.135382 0.362551 125.095 0.138393 0.990218 0.0177857 -1.15934 -0.361412 0.0337747 0.931794 76.0462 
0.921906 -0.135624 0.362898 125.414 0.138604 0.990185 0.0179479 -1.20804 -0.36177 0.0337527 0.931656 76.8788 
0.921783 -0.136042 0.363053 125.739 0.138746 0.99015 0.0187531 -1.25032 -0.362029 0.033086 0.93158 77.7163 
0.921676 -0.1364 0.363192 126.058 0.138771 0.990129 0.0196909 -1.28917 -0.362293 0.032252 0.931506 78.5564 
0.921622 -0.137791 0.362803 126.39 0.139454 0.98999 0.0217414 -1.33254 -0.362167 0.0305571 0.931612 79.3892 
0.92165 -0.13828 0.362546 126.714 0.139612 0.989947 0.0226631 -1.36239 -0.362035 0.0297284 0.93169 80.2158 
0.921655 -0.13813 0.362591 127.027 0.139017 0.990004 0.0237827 -1.39948 -0.362252 0.0284868 0.931645 81.0199 
0.921543 -0.138391 0.362775 127.354 0.139324 0.989962 0.0237298 -1.44395 -0.362418 0.0286754 0.931575 81.8617 
0.921532 -0.13798 0.362961 127.665 0.138935 0.99002 0.0236118 -1.48311 -0.362597 0.0286689 0.931505 82.6525 
0.921415 -0.138912 0.362902 127.959 0.140187 0.989859 0.0229597 -1.52618 -0.362411 0.0297188 0.931545 83.4149 
0.92153 -0.138773 0.362664 128.255 0.139752 0.989903 0.0236757 -1.574 -0.362287 0.0288652 0.931619 84.1827 
0.921568 -0.139215 0.362398 128.553 0.139492 0.989894 0.0255426 -1.61542 -0.362291 0.0270125 0.931673 84.9476 
0.921958 -0.139379 0.36134 128.86 0.13872 0.989938 0.0279041 -1.65462 -0.361594 0.0243986 0.932016 85.7357 
0.922006 -0.140153 0.36092 129.165 0.139784 0.989806 0.0272708 -1.67944 -0.361063 0.0253069 0.932198 86.5194 
0.922241 -0.139471 0.360583 129.461 0.139529 0.989876 0.0260129 -1.70898 -0.360561 0.0263216 0.932364 87.2893 
0.922395 -0.139235 0.36028 129.761 0.139666 0.989884 0.0249782 -1.73681 -0.360113 0.0272791 0.93251 88.0673 
0.922682 -0.139134 0.359582 130.063 0.139888 0.989875 0.0240637 -1.77242 -0.359289 0.028098 0.932803 88.8482 
0.923049 -0.137368 0.359319 130.36 0.138271 0.99012 0.0233227 -1.80998 -0.358972 0.0281554 0.932923 89.6308 
0.923246 -0.137321 0.358832 130.659 0.138507 0.990105 0.0225365 -1.83878 -0.358376 0.0288938 0.93313 90.4156 
0.923604 -0.13795 0.357667 130.955 0.138048 0.9901 0.0253916 -1.87275 -0.357629 0.0259236 0.933504 91.2006 
0.923841 -0.1385 0.356842 131.248 0.137995 0.990065 0.0270101 -1.91043 -0.357038 0.0242895 0.933774 91.976 
0.924602 -0.136391 0.355679 131.544 0.13583 0.990373 0.0266798 -1.9422 -0.355894 0.0236437 0.934227 92.7504 
0.925059 -0.136911 0.35429 131.848 0.136424 0.990297 0.0264803 -1.97561 -0.354478 0.023838 0.934761 93.5564 
0.925502 -0.136692 0.353215 132.129 0.136066 0.990339 0.0267322 -2.01158 -0.353456 0.0233199 0.93516 94.3237 
0.925763 -0.138452 0.351843 132.418 0.137563 0.990107 0.0276586 -2.04501 -0.352192 0.0227953 0.93565 95.0957 
0.926165 -0.139174 0.350498 132.72 0.138324 0.990003 0.0275928 -2.08225 -0.350834 0.0229268 0.936157 95.8841 
0.926282 -0.141055 0.349435 133.013 0.140037 0.989741 0.0283146 -2.11737 -0.349844 0.0227065 0.936533 96.6817 
0.926443 -0.143587 0.347975 133.315 0.142288 0.989388 0.0294313 -2.146 -0.348508 0.0222464 0.937042 97.4812 
0.926697 -0.144029 0.347114 133.605 0.141954 0.989371 0.0315462 -2.1792 -0.347968 0.0200403 0.937292 98.2611 
0.926576 -0.143353 0.347716 133.888 0.141014 0.989485 0.0321684 -2.2089 -0.348671 0.0192264 0.937048 99.0386 
0.926297 -0.142227 0.348919 134.162 0.139223 0.989684 0.0338135 -2.24805 -0.350129 0.0172561 0.936543 99.7985 
0.926223 -0.142024 0.349199 134.44 0.137294 0.989786 0.0383972 -2.27159 -0.351085 0.0123787 0.936262 100.567 
0.92611 -0.142156 0.349446 134.719 0.136096 0.989806 0.0419742 -2.30292 -0.351851 0.00868538 0.936016 101.335 
0.925722 -0.146688 0.348601 135 0.137154 0.989183 0.0520202 -2.31549 -0.352461 -0.000344166 0.935827 102.078 
0.926423 -0.148346 0.346025 135.275 0.130588 0.988654 0.0742245 -2.31338 -0.35311 -0.0235765 0.935285 102.86 
0.926456 -0.15273 0.344026 135.56 0.129601 0.987528 0.0893996 -2.30551 -0.353389 -0.0382388 0.934695 103.629 
0.926477 -0.153099 0.343805 135.83 0.129839 0.987457 0.0898348 -2.29468 -0.353246 -0.0385906 0.934734 104.37 
0.925923 -0.149609 0.34682 136.089 0.13054 0.988382 0.0778539 -2.28054 -0.354438 -0.0268128 0.934695 105.08 
0.925904 -0.146128 0.34835 136.357 0.130086 0.989089 0.0691456 -2.27636 -0.354654 -0.0187068 0.934811 105.796 
0.925938 -0.145421 0.348557 136.617 0.129061 0.989174 0.0698434 -2.2766 -0.35494 -0.0196856 0.934682 106.509 
0.925879 -0.143976 0.349312 136.875 0.128302 0.989419 0.0677341 -2.2715 -0.355368 -0.0178962 0.934555 107.209 
0.92613 -0.142446 0.349275 137.131 0.126004 0.989594 0.0694779 -2.27518 -0.355537 -0.0203353 0.934441 107.907 
0.926153 -0.141813 0.349472 137.38 0.124988 0.98966 0.0703584 -2.28098 -0.355836 -0.0214828 0.934301 108.58 
0.92673 -0.137108 0.349818 137.618 0.120445 0.990315 0.0690664 -2.2933 -0.3559 -0.0218722 0.934268 109.236 
0.927233 -0.131068 0.350799 137.858 0.115312 0.991165 0.0655313 -2.2997 -0.356289 -0.0203112 0.934155 109.909 
0.927437 -0.129688 0.350772 138.091 0.114226 0.991358 0.0645145 -2.30505 -0.356107 -0.0197659 0.934236 110.537 
0.927593 -0.128837 0.350674 138.326 0.113444 0.991469 0.0641861 -2.3054 -0.355952 -0.0197568 0.934295 111.181 
0.928428 -0.123014 0.350554 138.554 0.107832 0.992197 0.0625884 -2.307 -0.355518 -0.020308 0.934449 111.823 
0.928945 -0.121937 0.349561 138.776 0.10605 0.992279 0.0643141 -2.31461 -0.354704 -0.0226735 0.934704 112.445 
0.929493 -0.121639 0.348206 138.996 0.106365 0.992347 0.062728 -2.31585 -0.353171 -0.0212682 0.935317 113.052 
0.92948 -0.12188 0.348155 139.219 0.107307 0.992358 0.0609157 -2.31696 -0.352918 -0.0192604 0.935456 113.656 
0.929746 -0.1199 0.348132 139.426 0.104633 0.992551 0.0624032 -2.32148 -0.353021 -0.0215929 0.935366 114.241 
0.930275 -0.119289 0.346927 139.642 0.103595 0.99259 0.0635086 -2.32155 -0.351932 -0.0231405 0.93574 114.821 
0.930273 -0.121353 0.346216 139.845 0.104753 0.992283 0.0663398 -2.32196 -0.351595 -0.025447 0.935806 115.377 
0.929824 -0.126451 0.345598 140.05 0.108882 0.991596 0.0698724 -2.32448 -0.351529 -0.0273397 0.935778 115.919 
0.9294 -0.130731 0.345146 140.25 0.112799 0.991033 0.0716294 -2.3203 -0.351415 -0.0276401 0.935812 116.447 
0.928972 -0.134146 0.344987 140.442 0.116052 0.99058 0.0726798 -2.31466 -0.351487 -0.0274813 0.935789 116.953 
0.928739 -0.135218 0.345195 140.621 0.117148 0.990444 0.0727868 -2.30787 -0.351738 -0.0271611 0.935704 117.437 
0.928609 -0.137268 0.344735 140.79 0.119306 0.990178 0.0728978 -2.30545 -0.351355 -0.0265646 0.935865 117.885 
0.928033 -0.14078 0.344872 140.952 0.123461 0.989749 0.0717975 -2.30166 -0.351444 -0.0240521 0.9359 118.312 
0.927459 -0.142506 0.345704 141.107 0.126573 0.989599 0.0683605 -2.29828 -0.351851 -0.0196449 0.93585 118.711 
0.927317 -0.140711 0.346819 141.237 0.12622 0.989926 0.0641475 -2.30267 -0.352352 -0.0157096 0.935736 119.071 
0.927498 -0.138451 0.347245 141.356 0.124516 0.990263 0.0622446 -2.30551 -0.352482 -0.014494 0.935706 119.397 
0.927662 -0.134741 0.348265 141.459 0.121328 0.990788 0.0601523 -2.30471 -0.353162 -0.0135466 0.935464 119.693 
0.927779 -0.13298 0.34863 141.554 0.12093 0.991068 0.0562093 -2.30664 -0.352991 -0.00998991 0.935574 119.952 
0.927854 -0.132549 0.348593 141.642 0.121483 0.991149 0.0535219 -2.30923 -0.352602 -0.00731248 0.935745 120.186 
0.927554 -0.132672 0.349346 141.723 0.122355 0.991147 0.051543 -2.31379 -0.353092 -0.00506463 0.935575 120.397 
0.927637 -0.131909 0.349413 141.793 0.122148 0.991255 0.0499316 -2.31769 -0.352944 -0.00363826 0.935637 120.586 
0.927874 -0.131279 0.34902 141.857 0.121367 0.991336 0.0502209 -2.32057 -0.352589 -0.00423928 0.935769 120.759 
0.927949 -0.130144 0.349245 141.912 0.120091 0.991483 0.0503887 -2.32241 -0.352829 -0.0048171 0.935675 120.916 
0.928019 -0.130014 0.349108 141.961 0.120356 0.991505 0.0493186 -2.324 -0.352554 -0.00375142 0.935784 121.049 
0.927922 -0.129657 0.349498 142.008 0.120836 0.991558 0.0470282 -2.32537 -0.352645 -0.00140642 0.935756 121.168 
0.927697 -0.129572 0.350127 142.053 0.121802 0.991569 0.0442265 -2.32868 -0.352906 0.00161726 0.935658 121.284 
0.92792 -0.128137 0.350065 142.098 0.12055 0.991755 0.043477 -2.32665 -0.35275 0.00185731 0.935716 121.408 
0.928392 -0.124841 0.350004 142.14 0.116647 0.992177 0.044486 -2.32886 -0.35282 -0.000473509 0.935691 121.539 
0.929156 -0.116929 0.350709 142.178 0.107199 0.993121 0.0471051 -2.32821 -0.353805 -0.00617232 0.935299 121.677 
0.930982 -0.107998 0.348724 142.214 0.0949864 0.993999 0.0542536 -2.32767 -0.352491 -0.0173851 0.935654 121.828 
0.931353 -0.118416 0.344323 142.276 0.105316 0.992828 0.0565738 -2.33123 -0.348553 -0.0164274 0.937145 121.963 
0.927139 -0.142472 0.346576 142.365 0.134448 0.989795 0.0472206 -2.33754 -0.349766 0.00281644 0.936833 122.07 
0.923262 -0.154015 0.351946 142.442 0.150626 0.987892 0.0371745 -2.34116 -0.35341 0.0186902 0.935282 122.188 
0.925672 -0.141236 0.350976 142.469 0.138825 0.989795 0.0321626 -2.35673 -0.351937 0.0189521 0.935832 122.319 
0.929532 -0.117434 0.349543 142.479 0.115236 0.992967 0.027156 -2.36772 -0.350273 0.0150377 0.936527 122.458 
0.930319 -0.104814 0.351456 142.508 0.103184 0.994386 0.0234235 -2.37094 -0.351938 0.0144732 0.935911 122.597 
0.92991 -0.110276 0.350867 142.569 0.109527 0.993739 0.0220467 -2.37064 -0.351101 0.017928 0.936166 122.728 
0.928817 -0.118699 0.351013 142.638 0.118703 0.992695 0.0215918 -2.37134 -0.351012 0.0216113 0.936122 122.863 
0.928278 -0.119127 0.352291 142.695 0.119363 0.992626 0.0211382 -2.37454 -0.352211 0.0224283 0.935652 123.011 
0.929132 -0.113087 0.35203 142.741 0.113231 0.993362 0.0202551 -2.38241 -0.351984 0.0210409 0.93577 123.163 
0.929299 -0.109312 0.352782 142.793 0.109621 0.993789 0.0191694 -2.38737 -0.352686 0.0208582 0.935509 123.324 
0.928613 -0.112138 0.353698 142.861 0.112631 0.99345 0.0192612 -2.39495 -0.353541 0.0219512 0.935161 123.482 
0.927778 -0.115771 0.354717 142.933 0.116791 0.992982 0.0186131 -2.39948 -0.354383 0.0241588 0.934788 123.651 
0.927459 -0.112952 0.356458 142.993 0.114915 0.993251 0.015741 -2.40387 -0.35583 0.0263632 0.934179 123.823 
0.927689 -0.101839 0.359196 143.044 0.10563 0.994364 0.00911144 -2.40792 -0.358099 0.0294893 0.933218 123.996 
0.928039 -0.0897612 0.361505 143.092 0.0966159 0.995321 -0.000891097 -2.40564 -0.359734 0.0357541 0.93237 124.182 
0.928452 -0.106952 0.355722 143.188 0.113314 0.993555 0.00296922 -2.4144 -0.353747 0.0375515 0.934587 124.36 
0.924994 -0.128366 0.357644 143.3 0.132103 0.991136 0.0140749 -2.42912 -0.35628 0.0342266 0.933752 124.548 
0.923186 -0.134152 0.360182 143.382 0.134501 0.990617 0.0242198 -2.45038 -0.360051 0.0260855 0.932568 124.746 
0.925879 -0.121948 0.357598 143.437 0.119897 0.992392 0.0279916 -2.46671 -0.358291 0.0169583 0.933456 124.955 
0.926161 -0.110867 0.360463 143.495 0.108387 0.993738 0.0271577 -2.47228 -0.361216 0.0139169 0.932378 125.16 
0.925138 -0.114655 0.361903 143.582 0.113597 0.99323 0.0242777 -2.47162 -0.362237 0.0186508 0.931899 125.365 
0.923866 -0.125142 0.361679 143.691 0.125149 0.991859 0.0235072 -2.47216 -0.361676 0.0235462 0.932006 125.59 
0.922369 -0.128624 0.364268 143.797 0.128603 0.991395 0.0244259 -2.48151 -0.364276 0.0243164 0.930974 125.845 
0.922796 -0.12323 0.365051 143.898 0.122764 0.992131 0.0245826 -2.49367 -0.365208 0.0221306 0.930663 126.127 
0.923183 -0.118783 0.365546 144.009 0.116787 0.992772 0.0276541 -2.50674 -0.366189 0.0171612 0.930382 126.435 
0.922369 -0.121904 0.366571 144.138 0.118232 0.992452 0.0325455 -2.522 -0.367771 0.0133215 0.929821 126.756 
0.921078 -0.129337 0.367271 144.286 0.125682 0.991489 0.0339617 -2.53507 -0.368537 0.0148779 0.929494 127.094 
0.919518 -0.135011 0.369133 144.439 0.132308 0.990667 0.0327544 -2.54872 -0.37011 0.0187211 0.928799 127.449 
0.918518 -0.136242 0.371163 144.59 0.134069 0.990462 0.0317847 -2.55927 -0.371953 0.0205668 0.928023 127.813 
0.917285 -0.13759 0.373708 144.742 0.134381 0.99032 0.0347674 -2.57342 -0.374874 0.0183275 0.926895 128.178 
0.915043 -0.138425 0.378859 144.897 0.134767 0.990212 0.0362989 -2.585 -0.380175 0.0178425 0.924742 128.543 
0.91192 -0.138189 0.386402 145.052 0.135878 0.990161 0.0334336 -2.59872 -0.387221 0.022015 0.921724 128.884 
0.907868 -0.135504 0.396755 145.213 0.134743 0.990428 0.0299369 -2.60679 -0.397014 0.0262814 0.917436 129.237 
0.901657 -0.138252 0.409757 145.383 0.137 0.990035 0.032574 -2.61746 -0.410177 0.0267659 0.911613 129.581 
0.892514 -0.146181 0.426674 145.571 0.144268 0.988846 0.0370067 -2.62457 -0.427325 0.0285264 0.903648 129.914 
0.881221 -0.151789 0.447671 145.768 0.151998 0.987736 0.0357036 -2.63528 -0.4476 0.0365823 0.893485 130.231 
0.868423 -0.151729 0.472037 145.982 0.156318 0.987258 0.0297538 -2.64171 -0.470537 0.0479491 0.881076 130.565 
0.853944 -0.145674 0.499558 146.201 0.151876 0.987989 0.0284867 -2.65309 -0.497708 0.0515446 0.865812 130.905 
0.836815 -0.143042 0.528469 146.443 0.147217 0.988504 0.0344479 -2.65828 -0.527321 0.0489731 0.848253 131.252 
0.816533 -0.144661 0.55888 146.71 0.145182 0.988438 0.043734 -2.65474 -0.558744 0.0454291 0.828095 131.596 
