1 0 0 0 0 1 0 0 0 0 1 0 
0.99999 0.00031854 0.00450707 0.00188537 -0.00031054 0.999998 -0.00177542 -0.0263051 -0.00450763 0.001774 0.999988 0.374746 
0.999946 0.00185147 0.0102669 0.00292577 -0.00181055 0.99999 -0.00399364 -0.0482178 -0.0102741 0.00397483 0.999939 0.730212 
0.999849 0.0042148 0.0168309 0.00754371 -0.00411696 0.999974 -0.00584362 -0.0691798 -0.0168551 0.00577345 0.999841 1.07234 
0.999688 0.00510895 0.024469 0.0169885 -0.00490993 0.999954 -0.00818647 -0.0904888 -0.0245097 0.00806377 0.999667 1.40567 
0.999405 0.00571059 0.0340251 0.0340086 -0.00541677 0.999947 -0.00872128 -0.111393 -0.0340731 0.00853178 0.999383 1.74619 
0.998951 0.00487873 0.0455383 0.058684 -0.00450078 0.999955 -0.00839837 -0.134874 -0.0455772 0.0081846 0.998927 2.08248 
0.998263 0.00401773 0.0587727 0.092191 -0.00364075 0.999972 -0.00651984 -0.158688 -0.0587972 0.00629454 0.99825 2.4235 
0.997246 0.00253702 0.0741156 0.130161 -0.00219228 0.999986 -0.00473242 -0.183276 -0.0741266 0.00455691 0.997238 2.73959 
0.99568 0.00297892 0.0927997 0.173387 -0.00257806 0.999987 -0.00443924 -0.204096 -0.0928117 0.00418082 0.995675 3.04846 
0.993393 0.00246857 0.114732 0.226658 -0.00199431 0.999989 -0.00424824 -0.22266 -0.114741 0.00399137 0.993387 3.3454 
0.989946 0.00330359 0.141404 0.287463 -0.00259261 0.999983 -0.00521194 -0.236527 -0.141419 0.00479294 0.989938 3.6292 
0.985053 0.00305291 0.172224 0.365609 -0.00179256 0.99997 -0.00747312 -0.253283 -0.172242 0.0070527 0.985029 3.91489 
0.978144 0.00129623 0.207923 0.459041 0.000111694 0.999977 -0.00675947 -0.271606 -0.207927 0.00663496 0.978122 4.20779 
0.968805 -0.0015746 0.247818 0.575227 0.00194219 0.999997 -0.00123883 -0.289255 -0.247816 0.00168149 0.968806 4.50556 
0.957083 -0.0045493 0.289777 0.70542 0.00344632 0.999985 0.00431644 -0.308094 -0.289793 -0.00313253 0.957084 4.7909 
0.942021 -0.00654422 0.335491 0.850496 0.00480825 0.99997 0.00600478 -0.317996 -0.33552 -0.00404351 0.942024 5.06519 
0.922449 -0.00878116 0.38602 1.01419 0.00734739 0.99996 0.00518939 -0.327374 -0.38605 -0.00195071 0.922476 5.32908 
0.898147 -0.0131654 0.439498 1.20968 0.0119405 0.999913 0.00555145 -0.333487 -0.439533 0.000261827 0.898226 5.59275 
0.869027 -0.0203222 0.494347 1.4263 0.0171356 0.999793 0.0109775 -0.344964 -0.494468 -0.0010688 0.869195 5.84692 
0.835644 -0.0269463 0.548609 1.66821 0.0215822 0.999635 0.0162254 -0.352635 -0.548847 -0.0017185 0.835921 6.09448 
0.797947 -0.0276997 0.60209 1.92121 0.0214442 0.999616 0.0175684 -0.367555 -0.602345 -0.00110736 0.798235 6.32931 
0.755426 -0.0287555 0.654603 2.19606 0.0202205 0.999584 0.020575 -0.375815 -0.654922 -0.00230646 0.755693 6.55422 
0.708587 -0.0339776 0.704805 2.49481 0.0200512 0.999406 0.0280211 -0.385224 -0.705339 -0.00572323 0.708847 6.76953 
0.65855 -0.0409547 0.751422 2.81973 0.0246239 0.999156 0.0328765 -0.395442 -0.752134 -0.00314786 0.659002 6.96064 
0.604566 -0.0456726 0.795244 3.15816 0.0303561 0.998951 0.0342944 -0.401653 -0.795976 0.0034073 0.605318 7.12735 
0.547282 -0.0492874 0.835496 3.51673 0.0328623 0.99876 0.0373926 -0.407867 -0.836303 0.00699204 0.548223 7.28078 
0.486923 -0.0536594 0.871795 3.89792 0.0325105 0.998533 0.0433021 -0.410229 -0.872839 0.00725766 0.487953 7.41705 
0.423826 -0.0564808 0.903981 4.30505 0.0296684 0.998384 0.0484693 -0.411139 -0.905258 0.00627708 0.424817 7.53741 
0.359046 -0.0618474 0.931268 4.72346 0.0283871 0.998064 0.0553389 -0.412003 -0.932888 0.00656678 0.360107 7.63146 
0.293891 -0.0713637 0.953171 5.17972 0.0319693 0.997385 0.0648169 -0.410333 -0.955304 0.0114231 0.295404 7.6961 
0.227322 -0.0750881 0.97092 5.66561 0.0280552 0.997114 0.0705452 -0.408191 -0.973415 0.0112029 0.228773 7.74743 
0.162478 -0.0760409 0.983778 6.19262 0.0193452 0.99708 0.0738741 -0.39344 -0.986522 0.00702842 0.163475 7.79045 
0.101349 -0.0796034 0.991661 6.73286 0.00865473 0.996826 0.0791335 -0.379915 -0.994813 0.000562451 0.101716 7.80787 
0.0368015 -0.0696505 0.996892 7.27169 0.0165544 0.997474 0.06908 -0.367292 -0.999185 0.0139607 0.0378616 7.76733 
-0.0238817 -0.0608846 0.997859 7.83018 0.0253589 0.997786 0.061487 -0.362066 -0.999393 0.026773 -0.0222849 7.69398 
-0.078521 -0.0585823 0.99519 8.42073 0.0270766 0.997778 0.0608711 -0.336125 -0.996545 0.031726 -0.0767603 7.60717 
-0.127505 -0.0644661 0.989741 9.04757 0.0180442 0.99757 0.0673006 -0.301931 -0.991674 0.0264403 -0.126032 7.50946 
-0.168968 -0.0816964 0.98223 9.71099 0.0219581 0.995999 0.086619 -0.297948 -0.985377 0.0362037 -0.166498 7.36249 
-0.204743 -0.0899932 0.97467 10.3805 0.026577 0.994886 0.0974427 -0.289341 -0.978455 0.0458546 -0.201305 7.1853 
-0.236056 -0.0835549 0.968141 11.0389 0.0279956 0.995298 0.0927247 -0.257542 -0.971336 0.0489918 -0.232607 7.00308 
-0.26084 -0.0772237 0.962288 11.7296 0.0268362 0.99583 0.0871897 -0.214269 -0.965009 0.0485667 -0.25768 6.80645 
-0.280384 -0.0798532 0.956561 12.4544 0.0253015 0.995573 0.0905262 -0.185661 -0.959554 0.0495845 -0.277122 6.59118 
-0.297872 -0.0828323 0.951005 13.203 0.0248506 0.995218 0.0944668 -0.153278 -0.954282 0.0517721 -0.294389 6.35524 
-0.313411 -0.0839904 0.945896 13.9769 0.0239764 0.995063 0.0963005 -0.116172 -0.949315 0.0528608 -0.30985 6.09543 
-0.328109 -0.0848609 0.940821 14.7615 0.0233712 0.994923 0.0978915 -0.0864916 -0.944351 0.0541072 -0.324459 5.83329 
-0.340935 -0.0872406 0.93603 15.542 0.02419 0.994541 0.101505 -0.0455286 -0.939776 0.0572491 -0.336964 5.55006 
-0.352502 -0.0924803 0.93123 16.344 0.0245126 0.993851 0.107978 -0.0147617 -0.93549 0.0608893 -0.348067 5.24918 
-0.364133 -0.0950531 0.926484 17.1087 0.0227598 0.993573 0.110881 0.0238984 -0.931069 0.0614622 -0.35963 4.95688 
-0.374673 -0.0952035 0.922256 17.8637 0.0215667 0.99355 0.111325 0.0650435 -0.926906 0.0616004 -0.370203 4.65212 
-0.385151 -0.094302 0.918023 18.6221 0.0207986 0.993626 0.110794 0.102926 -0.922619 0.061766 -0.380735 4.34116 
-0.393944 -0.0928413 0.914433 19.3777 0.0198219 0.993796 0.109438 0.142929 -0.918921 0.0612384 -0.38966 4.02308 
-0.40155 -0.0916948 0.911235 20.1531 0.0210969 0.993785 0.109298 0.185059 -0.915594 0.063113 -0.39712 3.68784 
-0.408783 -0.0965866 0.907506 20.9592 0.0200192 0.993196 0.114724 0.22548 -0.912412 0.0650648 -0.404067 3.33176 
-0.415469 -0.0989219 0.904212 21.7582 0.0180731 0.992975 0.116937 0.272753 -0.909428 0.0649256 -0.410762 2.97641 
-0.420268 -0.095379 0.902374 22.5574 0.0180922 0.993382 0.113425 0.319053 -0.90722 0.0639946 -0.415761 2.61206 
-0.423013 -0.0941439 0.90122 23.3864 0.0189609 0.993451 0.112678 0.382819 -0.905925 0.0647524 -0.418458 2.22227 
-0.424437 -0.095996 0.900354 24.2326 0.0187683 0.993218 0.114745 0.442468 -0.905263 0.0656001 -0.419757 1.82554 
-0.424137 -0.0988392 0.900188 25.0706 0.021069 0.99268 0.118922 0.496173 -0.905353 0.0694052 -0.41895 1.43146 
-0.420965 -0.10069 0.901471 25.9386 0.0210865 0.992465 0.1207 0.549233 -0.906832 0.0698194 -0.41567 1.0209 
-0.417906 -0.101052 0.902853 26.7932 0.0198974 0.992538 0.120301 0.601669 -0.908272 0.0682388 -0.412777 0.642931 
-0.414638 -0.101048 0.904359 27.6241 0.022455 0.992377 0.121178 0.657095 -0.90971 0.0705523 -0.409208 0.279227 
-0.411334 -0.102315 0.905724 28.494 0.0264005 0.991926 0.124042 0.70544 -0.911102 0.0749343 -0.405311 -0.108744 
-0.408943 -0.099826 0.907083 29.3183 0.0387476 0.991203 0.126552 0.747139 -0.911737 0.0869 -0.401478 -0.476017 
-0.407069 -0.0934732 0.908602 30.1621 0.0524348 0.990718 0.125413 0.8105 -0.911891 0.0986939 -0.398389 -0.864867 
-0.404811 -0.108695 0.907917 31.0193 0.0327547 0.990549 0.133192 0.861877 -0.913814 0.0836563 -0.397425 -1.2039 
-0.401466 -0.128091 0.906873 32.0148 0.0052737 0.989832 0.142143 0.965498 -0.915859 0.0618481 -0.396708 -1.57207 
-0.398874 -0.121685 0.908896 32.8375 0.0245449 0.989385 0.143232 1.01516 -0.916677 0.0794404 -0.391653 -1.95442 
-0.40053 -0.0965638 0.911181 33.6616 0.0219181 0.993137 0.114884 1.05136 -0.916022 0.0659857 -0.395664 -2.30439 
-0.402931 -0.094838 0.910303 34.51 0.00371189 0.994439 0.105247 1.11328 -0.915223 0.045786 -0.400338 -2.64609 
-0.400626 -0.116236 0.908839 35.3537 0.00566891 0.991587 0.129318 1.17402 -0.916224 0.0569605 -0.396597 -3.00672 
-0.399657 -0.147426 0.904732 36.2316 0.0152114 0.98578 0.167352 1.24033 -0.916538 0.0806457 -0.391732 -3.41761 
-0.401229 -0.14817 0.903914 37.0805 0.017325 0.985426 0.169222 1.30892 -0.915814 0.0835572 -0.392814 -3.78789 
-0.402029 -0.128419 0.906577 37.9307 0.0151322 0.989049 0.146812 1.38452 -0.915502 0.0727412 -0.395683 -4.13696 
-0.402691 -0.121011 0.907302 38.9171 0.0116784 0.990463 0.137286 1.50553 -0.915261 0.0658796 -0.397438 -4.49167 
-0.402324 -0.13111 0.90606 39.8067 0.0141613 0.988682 0.149354 1.57389 -0.915388 0.0729196 -0.395914 -4.88808 
-0.402678 -0.137177 0.905004 40.6253 0.0169216 0.987422 0.157199 1.65084 -0.915185 0.0786147 -0.395292 -5.24448 
-0.404941 -0.13459 0.904383 41.434 0.0182224 0.987723 0.155152 1.71677 -0.914161 0.0793076 -0.397517 -5.59645 
-0.407531 -0.131815 0.903628 42.2213 0.0182709 0.988152 0.152385 1.79154 -0.913008 0.0786118 -0.400295 -5.9285 
-0.410034 -0.130149 0.902737 43.0669 0.0196806 0.988274 0.15142 1.86795 -0.911858 0.0798536 -0.402664 -6.30804 
-0.412915 -0.129566 0.901506 43.8717 0.0218984 0.988131 0.152046 1.93622 -0.910506 0.0825235 -0.405177 -6.67483 
-0.416537 -0.126775 0.900236 44.6563 0.0268103 0.988086 0.151551 2.01667 -0.908724 0.0872624 -0.408175 -7.03123 
-0.419775 -0.127114 0.898683 45.4675 0.0278672 0.987872 0.152747 2.08678 -0.9072 0.0891629 -0.411141 -7.40467 
-0.42258 -0.130666 0.896857 46.2608 0.0283339 0.987164 0.157173 2.15994 -0.905883 0.0918298 -0.413454 -7.76818 
-0.424343 -0.132712 0.895723 47.0456 0.0307591 0.986518 0.160737 2.23104 -0.904979 0.0957591 -0.41454 -8.13878 
-0.426307 -0.132053 0.894888 47.8642 0.0333001 0.986325 0.16141 2.29963 -0.903965 0.0986101 -0.416081 -8.51476 
-0.427982 -0.131335 0.894194 48.6631 0.0352493 0.986207 0.16172 2.36744 -0.9031 0.100733 -0.417449 -8.89843 
-0.427602 -0.131923 0.894289 49.4227 0.0371063 0.985898 0.163179 2.4401 -0.903205 0.102959 -0.416677 -9.25572 
-0.425255 -0.132128 0.895377 50.2116 0.0400058 0.985576 0.164439 2.53203 -0.904189 0.105749 -0.413835 -9.60705 
-0.420472 -0.131718 0.897694 51.1007 0.0421183 0.985506 0.16433 2.63329 -0.906328 0.106906 -0.40883 -10.0152 
-0.414923 -0.131943 0.900239 51.8629 0.0432681 0.985449 0.164374 2.70656 -0.908827 0.107154 -0.403176 -10.341 
-0.408709 -0.133915 0.902787 52.667 0.0432651 0.985222 0.165729 2.78727 -0.911639 0.106794 -0.396875 -10.69 
-0.402791 -0.135175 0.905255 53.4233 0.044735 0.984945 0.166979 2.86423 -0.914198 0.107754 -0.39068 -11.01 
-0.396179 -0.134356 0.90829 54.2129 0.0470086 0.98497 0.166203 2.95226 -0.916969 0.108543 -0.383909 -11.3437 
-0.389352 -0.13222 0.91155 54.9983 0.0500173 0.985148 0.164259 3.03591 -0.91973 0.109548 -0.376957 -11.6685 
-0.381478 -0.130904 0.915062 55.813 0.0515544 0.985368 0.162454 3.12146 -0.922939 0.109148 -0.369147 -11.993 
-0.373542 -0.132279 0.918133 56.5895 0.052115 0.985224 0.163148 3.19689 -0.926148 0.108791 -0.361129 -12.2936 
-0.365901 -0.133234 0.921067 57.377 0.0538698 0.985008 0.163883 3.28246 -0.929093 0.109583 -0.353238 -12.5913 
-0.35906 -0.132479 0.923864 58.1479 0.0566656 0.984954 0.163262 3.35719 -0.931593 0.110972 -0.346151 -12.8654 
-0.352531 -0.132735 0.926339 58.9237 0.0573218 0.984968 0.16295 3.43193 -0.934043 0.110544 -0.339623 -13.137 
-0.343765 -0.135258 0.929264 59.7462 0.0561073 0.984846 0.164104 3.52352 -0.937378 0.108552 -0.330967 -13.453 
-0.335756 -0.137819 0.931812 60.5525 0.0569127 0.984463 0.166114 3.60488 -0.940228 0.108806 -0.322696 -13.7328 
-0.327429 -0.139027 0.934592 61.3334 0.0576291 0.984336 0.166617 3.66724 -0.943117 0.108415 -0.314288 -13.9936 
-0.31935 -0.135443 0.937908 62.1143 0.0592801 0.98494 0.162419 3.74088 -0.945781 0.107468 -0.306512 -14.2424 
-0.309133 -0.133755 0.941566 62.924 0.0603827 0.985302 0.159793 3.82561 -0.9491 0.106251 -0.296512 -14.4998 
-0.296858 -0.1358 0.945216 63.7368 0.0608172 0.985138 0.160636 3.90816 -0.952983 0.105171 -0.284187 -14.7488 
-0.282943 -0.138403 0.949099 64.5354 0.0615856 0.984871 0.161979 3.97754 -0.957158 0.104282 -0.270139 -14.9751 
-0.267694 -0.14024 0.953243 65.339 0.0619647 0.984797 0.162284 4.04536 -0.961509 0.10251 -0.254935 -15.1777 
-0.249889 -0.139354 0.958194 66.1575 0.0646638 0.984978 0.160114 4.11746 -0.966113 0.101971 -0.237124 -15.3835 
-0.229354 -0.140124 0.963204 66.9726 0.0652208 0.985147 0.158847 4.19401 -0.971156 0.099253 -0.216808 -15.5634 
-0.20811 -0.140955 0.967896 67.7988 0.068246 0.985057 0.158128 4.26827 -0.975722 0.098963 -0.19538 -15.7161 
-0.184562 -0.139687 0.972844 68.6396 0.0717862 0.985288 0.155092 4.33114 -0.980196 0.0984609 -0.171819 -15.8732 
-0.161261 -0.136917 0.977368 69.4571 0.0762836 0.985638 0.150662 4.39623 -0.983959 0.098853 -0.1485 -15.9797 
-0.13629 -0.134176 0.981541 70.3187 0.086736 0.985365 0.146743 4.47183 -0.986865 0.105134 -0.122657 -16.0918 
-0.110263 -0.13421 0.984799 71.1658 0.0938739 0.985005 0.144749 4.54521 -0.989459 0.108407 -0.0960108 -16.1677 
-0.084856 -0.129713 0.987914 72.0141 0.0963182 0.985779 0.137706 4.61297 -0.991727 0.106839 -0.0711556 -16.1989 
-0.0567668 -0.129471 0.989957 72.87 0.101743 0.985644 0.134741 4.67221 -0.99319 0.10837 -0.042779 -16.2234 
-0.0289797 -0.131281 0.990922 73.729 0.108342 0.985085 0.133676 4.73277 -0.993691 0.111232 -0.0143242 -16.2274 
-0.00185786 -0.135737 0.990743 74.5655 0.111677 0.984519 0.135094 4.7861 -0.993743 0.110894 0.0133296 -16.1938 
0.0271892 -0.132545 0.990804 75.4096 0.115702 0.984926 0.128584 4.83101 -0.992912 0.111141 0.042115 -16.1452 
0.0568772 -0.126087 0.990387 76.2363 0.117557 0.985938 0.118769 4.87065 -0.991436 0.109671 0.0708997 -16.069 
0.0863772 -0.123051 0.988634 77.071 0.121992 0.986182 0.112087 4.90277 -0.988765 0.110924 0.100195 -15.9632 
0.116713 -0.126223 0.985112 77.943 0.122224 0.986177 0.111879 4.93999 -0.985616 0.107346 0.130527 -15.8373 
0.147212 -0.13155 0.980318 78.801 0.121913 0.985972 0.114001 4.95869 -0.981563 0.102731 0.161185 -15.6836 
0.178691 -0.133765 0.97477 79.6441 0.122456 0.986036 0.112863 4.97562 -0.976255 0.0991988 0.192576 -15.5076 
0.209953 -0.133114 0.968608 80.4738 0.122864 0.986427 0.108931 5.0032 -0.969961 0.0961362 0.223458 -15.3055 
0.240937 -0.131998 0.961523 81.2892 0.123947 0.986781 0.104407 5.03674 -0.962594 0.0940223 0.254113 -15.0792 
0.272204 -0.130798 0.953308 82.0948 0.12466 0.987163 0.0998485 5.06348 -0.95413 0.0916602 0.285015 -14.8248 
0.303111 -0.130615 0.943962 82.9321 0.127123 0.987251 0.0957847 5.09565 -0.944438 0.090966 0.315851 -14.5393 
0.333403 -0.130944 0.933647 83.7423 0.129136 0.987317 0.0923573 5.11741 -0.933899 0.0897749 0.346084 -14.2237 
0.363585 -0.131219 0.922273 84.5444 0.130733 0.987419 0.0889495 5.12631 -0.922342 0.0882305 0.376166 -13.885 
0.393602 -0.130587 0.909958 85.3374 0.133484 0.987487 0.0839748 5.13596 -0.909538 0.0884127 0.406108 -13.5324 
0.423898 -0.131189 0.896158 86.1103 0.1362 0.987436 0.0801263 5.12982 -0.895411 0.0880911 0.43644 -13.1474 
0.455064 -0.13129 0.880727 86.8581 0.138353 0.987484 0.0757182 5.13282 -0.879645 0.087395 0.467533 -12.7528 
0.485604 -0.131905 0.86417 87.5929 0.140307 0.987495 0.0718857 5.1197 -0.862846 0.0863412 0.498039 -12.3303 
0.515324 -0.132532 0.846685 88.2847 0.140702 0.987647 0.0689611 5.07126 -0.845366 0.0835927 0.527606 -11.8911 
0.544226 -0.131829 0.828517 88.9674 0.141297 0.987872 0.0643708 5.06167 -0.826954 0.0820348 0.556252 -11.406 
0.573082 -0.131588 0.808864 89.666 0.142184 0.98802 0.0599957 5.06038 -0.807069 0.0806255 0.584926 -10.8896 
0.601032 -0.130651 0.788474 90.3231 0.143428 0.988164 0.0544092 5.05277 -0.78625 0.0803876 0.612657 -10.3654 
0.628388 -0.12961 0.767026 90.9557 0.142725 0.988493 0.0501054 5.04186 -0.764695 0.0779879 0.639656 -9.8158 
0.654515 -0.127383 0.745241 91.5615 0.143271 0.988741 0.0431746 5.02023 -0.74235 0.0785129 0.665396 -9.24376 
0.679738 -0.126007 0.72255 92.1625 0.144302 0.988853 0.0366965 5.00182 -0.71912 0.079321 0.690344 -8.63252 
0.703997 -0.125032 0.69911 92.7349 0.143291 0.989143 0.0326095 4.97905 -0.695597 0.0772193 0.71427 -8.00554 
0.727268 -0.123781 0.6751 93.2809 0.141595 0.989503 0.0288906 4.94499 -0.67159 0.0745796 0.73716 -7.36166 
0.749818 -0.122296 0.650243 93.8136 0.139465 0.989902 0.0253567 4.91002 -0.646778 0.0716729 0.759303 -6.70507 
0.770694 -0.119958 0.625812 94.3186 0.137256 0.990317 0.0207953 4.87562 -0.622247 0.0698694 0.779697 -6.04474 
0.789636 -0.11736 0.602247 94.7946 0.132799 0.990961 0.0189898 4.82559 -0.599032 0.0649828 0.798084 -5.3806 
0.806293 -0.115099 0.58021 95.2636 0.129933 0.991392 0.0161051 4.78111 -0.57707 0.0624029 0.814307 -4.67819 
0.821185 -0.114475 0.559062 95.706 0.130176 0.991421 0.0117945 4.7395 -0.555616 0.0630912 0.829042 -3.99226 
0.834992 -0.11335 0.53846 96.1566 0.129619 0.991534 0.00772444 4.69147 -0.534777 0.0633447 0.842615 -3.26334 
0.847881 -0.112263 0.518164 96.5861 0.127382 0.991833 0.00644864 4.62834 -0.514656 0.060537 0.855257 -2.51822 
0.859887 -0.110145 0.49846 96.9769 0.124562 0.992202 0.00436611 4.57507 -0.495054 0.058335 0.866902 -1.79146 
0.870331 -0.111396 0.479703 97.3509 0.126255 0.991997 0.00129504 4.51353 -0.476008 0.0594377 0.87743 -1.08154 
0.880028 -0.108413 0.462382 97.7025 0.123689 0.992317 -0.00274461 4.45753 -0.458532 0.0596069 0.886676 -0.362111 
0.888226 -0.109199 0.446239 98.0433 0.124674 0.992183 -0.00536376 4.39791 -0.442165 0.0603987 0.894898 0.348943 
0.89548 -0.108315 0.43172 98.3772 0.123813 0.992274 -0.00786072 4.33913 -0.427534 0.0604915 0.901973 1.08185 
0.901705 -0.107046 0.418891 98.7072 0.122322 0.992443 -0.00969599 4.28443 -0.414688 0.0599825 0.907985 1.82497 
0.906836 -0.107555 0.407529 99.0194 0.122027 0.99248 -0.00960009 4.22777 -0.403432 0.0584355 0.913142 2.55362 
0.911454 -0.106999 0.397244 99.3224 0.120607 0.992656 -0.00935143 4.16377 -0.393326 0.0564337 0.917665 3.28549 
0.915463 -0.102979 0.389003 99.6493 0.116147 0.993177 -0.0104159 4.10239 -0.385276 0.0547169 0.921178 4.05243 
0.918511 -0.0976506 0.383148 99.9343 0.111165 0.993714 -0.0132303 4.0438 -0.379447 0.0547447 0.923592 4.78593 
0.920509 -0.0995576 0.377826 100.26 0.110778 0.993813 -0.00802081 3.99269 -0.37469 0.049238 0.925842 5.58947 
0.921794 -0.100446 0.374443 100.56 0.10953 0.993979 -0.0029968 3.93478 -0.371887 0.043775 0.927245 6.3357 
0.922552 -0.101711 0.372227 100.897 0.110147 0.993914 -0.00141025 3.86826 -0.369819 0.0423008 0.92814 7.15696 
0.923273 -0.102842 0.370123 101.205 0.114668 0.993353 -0.0100265 3.82472 -0.366631 0.0516984 0.928929 7.92207 
0.923624 -0.102578 0.369318 101.519 0.122937 0.9919 -0.031952 3.74777 -0.363049 0.0749143 0.928754 8.69849 
0.924166 -0.0934201 0.370392 101.821 0.12758 0.989441 -0.0687692 3.64384 -0.360057 0.110809 0.926326 9.4308 
0.924907 -0.0918845 0.368922 102.118 0.128692 0.988739 -0.0763813 3.55144 -0.357749 0.118123 0.926317 10.2003 
0.925948 -0.105312 0.362671 102.428 0.132784 0.989801 -0.0515958 3.48315 -0.353539 0.0959317 0.930488 11.0389 
0.926514 -0.129896 0.353128 102.766 0.138733 0.99033 0.000288337 3.38404 -0.34975 0.0487235 0.935575 11.9053 
0.927354 -0.13545 0.348809 103.069 0.140712 0.989997 0.0103344 3.30684 -0.34672 0.0394982 0.937137 12.6929 
0.928187 -0.127459 0.349603 103.362 0.140239 0.990052 -0.0113766 3.25456 -0.344675 0.0595876 0.936829 13.5056 
0.92896 -0.119811 0.350256 103.677 0.137336 0.990195 -0.0255343 3.19491 -0.343763 0.0718231 0.936306 14.3539 
0.929355 -0.121836 0.348504 103.974 0.135735 0.990622 -0.0156464 3.1307 -0.34333 0.0618455 0.937177 15.1975 
0.929301 -0.127593 0.346582 104.28 0.138006 0.990416 -0.00542187 3.07705 -0.342568 0.0528691 0.938004 16.0208 
0.929103 -0.129153 0.346537 104.597 0.140838 0.989995 -0.00863538 3.01659 -0.341955 0.0568288 0.937996 16.8348 
0.928979 -0.128548 0.347094 104.906 0.141957 0.989783 -0.0133677 2.96087 -0.341829 0.0616905 0.937735 17.6521 
0.929345 -0.128772 0.34603 105.209 0.141342 0.989897 -0.0112265 2.90314 -0.341088 0.0593419 0.938156 18.4882 
0.929925 -0.128128 0.344707 105.525 0.140032 0.990099 -0.0097473 2.84735 -0.340045 0.0573344 0.93866 19.3527 
0.930531 -0.126934 0.343511 105.862 0.14017 0.99003 -0.0138685 2.78977 -0.338326 0.0610549 0.939046 20.2496 
0.930808 -0.126259 0.34301 106.176 0.141227 0.989797 -0.0189056 2.72516 -0.337123 0.0660398 0.939142 21.1671 
0.931147 -0.126962 0.341828 106.501 0.141702 0.989739 -0.018389 2.65729 -0.335986 0.0655606 0.939582 22.0621 
0.931466 -0.129026 0.34018 106.836 0.142683 0.98965 -0.0153262 2.57774 -0.334682 0.0628136 0.940235 22.9715 
0.931872 -0.129424 0.338916 107.132 0.142079 0.989774 -0.0126847 2.51035 -0.333809 0.0599733 0.940731 23.8721 
0.9319 -0.131553 0.338018 107.458 0.143692 0.989561 -0.0110252 2.44149 -0.333039 0.0588448 0.941075 24.7809 
0.932126 -0.130769 0.337699 107.789 0.142917 0.989671 -0.0112457 2.36324 -0.332741 0.0587452 0.941187 25.7073 
0.93215 -0.129496 0.338123 108.128 0.142139 0.989764 -0.0127902 2.29001 -0.333006 0.0599828 0.941015 26.6549 
0.931962 -0.127803 0.339285 108.443 0.140744 0.989951 -0.0137043 2.21643 -0.334124 0.0605242 0.940584 27.5911 
0.931344 -0.127487 0.341094 108.788 0.139772 0.990116 -0.0115788 2.14751 -0.336247 0.0584593 0.939958 28.5501 
0.930483 -0.126784 0.343697 109.092 0.137827 0.990426 -0.00778432 2.0849 -0.33942 0.0546141 0.939048 29.4785 
0.929184 -0.129537 0.346177 109.449 0.14012 0.990119 -0.00560604 2.00064 -0.34203 0.0537153 0.938153 30.4491 
0.928003 -0.130411 0.349003 109.796 0.140823 0.990025 -0.00450775 1.92896 -0.344933 0.0533306 0.937111 31.3963 
0.926894 -0.131509 0.35153 110.141 0.141504 0.989934 -0.00277195 1.86242 -0.347626 0.0523122 0.936173 32.3477 
0.926272 -0.132635 0.352744 110.496 0.142379 0.989811 -0.00169588 1.79896 -0.348925 0.0517941 0.935718 33.2675 
0.925642 -0.133991 0.353883 110.849 0.144778 0.989456 -0.0040532 1.73156 -0.349609 0.0549862 0.935281 34.2182 
0.926005 -0.132203 0.353606 111.234 0.143899 0.989568 -0.0068659 1.6535 -0.34901 0.0572416 0.935369 35.2115 
0.926385 -0.130934 0.353082 111.583 0.142455 0.989778 -0.00672107 1.57476 -0.348593 0.0565246 0.935568 36.1949 
0.926808 -0.131369 0.351808 111.938 0.141401 0.989948 -0.00284987 1.50606 -0.347898 0.0523872 0.936068 37.1805 
0.926947 -0.132401 0.351054 112.274 0.142014 0.989863 -0.00165595 1.43193 -0.347276 0.0513897 0.936354 38.1171 
0.927081 -0.132067 0.350825 112.615 0.142197 0.989833 -0.00314828 1.38147 -0.346843 0.0528051 0.936436 39.0502 
0.92715 -0.131138 0.350993 112.989 0.141897 0.989869 -0.00498658 1.30423 -0.346783 0.0544281 0.936365 40.0833 
0.927018 -0.131717 0.351125 113.342 0.142585 0.989769 -0.00515309 1.24589 -0.346854 0.0548421 0.936314 41.0407 
0.926607 -0.132571 0.351886 113.684 0.143831 0.989585 -0.00592411 1.16894 -0.347435 0.0561013 0.936024 42.0195 
0.926429 -0.131125 0.352895 114.039 0.141312 0.98996 -0.00313776 1.0939 -0.348941 0.0527752 0.935658 43.0132 
0.926172 -0.131512 0.353426 114.399 0.140876 0.990027 -0.000779428 1.02526 -0.349799 0.0505111 0.935462 44.0317 
0.925811 -0.131459 0.354391 114.773 0.140481 0.990083 0.000273226 0.959938 -0.350913 0.0495324 0.935097 45.0597 
0.925567 -0.129624 0.355701 115.125 0.138815 0.990318 -0.000317586 0.89604 -0.352216 0.0496704 0.9346 46.0772 
0.925439 -0.129506 0.356078 115.51 0.13801 0.99043 0.00153483 0.851986 -0.352869 0.047722 0.934455 47.0743 
0.925137 -0.129956 0.356697 115.893 0.138312 0.990387 0.00210025 0.781944 -0.353541 0.0473924 0.934218 48.1042 
0.92454 -0.131229 0.357778 116.252 0.140095 0.990137 0.00114942 0.72374 -0.354401 0.0490604 0.933806 49.1015 
0.9243 -0.13077 0.358566 116.636 0.139824 0.990176 0.000686755 0.668556 -0.355133 0.0495014 0.933504 50.128 
0.92407 -0.131548 0.358873 117.057 0.140537 0.990075 0.00104845 0.607625 -0.355449 0.0494661 0.933386 51.1736 
0.923681 -0.13293 0.359365 117.473 0.141606 0.989921 0.00220025 0.522776 -0.356035 0.048856 0.933195 52.2545 
0.923534 -0.132328 0.359963 117.85 0.140566 0.990066 0.00332086 0.450547 -0.356827 0.0475317 0.932961 53.2793 
0.922735 -0.135179 0.360952 118.217 0.143246 0.989677 0.00444885 0.391197 -0.357827 0.0475998 0.932574 54.2834 
0.922248 -0.136495 0.3617 118.591 0.144242 0.989526 0.00563432 0.329394 -0.358681 0.0469762 0.932277 55.295 
0.921823 -0.135657 0.363096 118.963 0.142913 0.989711 0.00694217 0.263275 -0.360302 0.0454916 0.931726 56.2614 
0.922005 -0.131793 0.364056 119.351 0.139439 0.990216 0.00532851 0.196449 -0.361197 0.0458509 0.931362 57.3097 
0.921481 -0.133584 0.364731 119.735 0.141134 0.989972 0.00601187 0.124914 -0.361876 0.045936 0.931094 58.3447 
0.921045 -0.134944 0.36533 120.139 0.141304 0.989922 0.00940801 0.0704281 -0.362918 0.0429574 0.93083 59.3804 
0.920697 -0.13303 0.366906 120.501 0.139273 0.990208 0.00953731 -0.00527032 -0.364582 0.0423189 0.930209 60.4067 
0.920141 -0.133842 0.368003 120.865 0.140983 0.989983 0.00754791 -0.062822 -0.365327 0.0449369 0.929794 61.392 
0.919787 -0.133442 0.369033 121.245 0.140406 0.990061 0.00805318 -0.128334 -0.36644 0.0444073 0.929382 62.4122 
0.919251 -0.135026 0.369791 121.647 0.141222 0.989923 0.0104028 -0.193235 -0.367469 0.0426598 0.929057 63.4254 
0.918867 -0.135121 0.370709 122.039 0.141674 0.989866 0.0096357 -0.237988 -0.368255 0.0436659 0.928699 64.4083 
0.918429 -0.135439 0.371677 122.416 0.142014 0.989816 0.00976548 -0.295221 -0.369214 0.0438145 0.928311 65.3458 
0.918499 -0.135545 0.371466 122.813 0.141317 0.989894 0.011781 -0.329361 -0.369309 0.0416735 0.928372 66.345 
0.918483 -0.136272 0.371239 123.2 0.14167 0.989831 0.0128327 -0.381884 -0.369212 0.0408069 0.928449 67.349 
0.918776 -0.136455 0.370447 123.572 0.1421 0.989778 0.0121527 -0.440635 -0.368319 0.041475 0.928774 68.3184 
0.919096 -0.137639 0.369213 123.946 0.143006 0.989637 0.0129355 -0.497776 -0.367167 0.0409107 0.929255 69.2875 
0.919589 -0.137264 0.368123 124.329 0.142164 0.989745 0.0139188 -0.560028 -0.366259 0.0395342 0.929673 70.2993 
0.919964 -0.138139 0.366855 124.707 0.143717 0.989543 0.0122115 -0.605306 -0.364706 0.0414894 0.930198 71.2264 
0.920331 -0.138762 0.3657 125.075 0.144247 0.989464 0.0124304 -0.660363 -0.363572 0.0413109 0.93065 72.2216 
0.920458 -0.13993 0.364934 125.449 0.144659 0.989375 0.0144972 -0.721813 -0.363085 0.0394469 0.930921 73.2237 
0.920705 -0.140231 0.364194 125.827 0.144406 0.989391 0.0158919 -0.777251 -0.362559 0.03796 0.931188 74.18 
0.920832 -0.139751 0.364058 126.179 0.143333 0.989523 0.017308 -0.841302 -0.362662 0.0362436 0.931216 75.1642 
0.920777 -0.139447 0.364314 126.535 0.142864 0.989584 0.0177012 -0.867034 -0.362988 0.0357484 0.931108 76.0998 
0.920608 -0.140445 0.364357 126.915 0.143721 0.98945 0.0182588 -0.911085 -0.363077 0.0355563 0.931081 77.0677 
0.920432 -0.140137 0.36492 127.291 0.143867 0.989449 0.0170954 -0.958403 -0.363466 0.0367649 0.930882 78.005 
0.920303 -0.139875 0.365345 127.641 0.144194 0.989427 0.0155835 -1.00942 -0.363662 0.038339 0.930742 78.9269 
0.920184 -0.140474 0.365415 127.998 0.144945 0.989321 0.0153184 -1.06648 -0.363665 0.0388693 0.930719 79.8154 
0.920016 -0.141417 0.365475 128.34 0.145996 0.989168 0.0152316 -1.11363 -0.36367 0.0393447 0.930696 80.6992 
0.919875 -0.1419 0.365643 128.691 0.146331 0.989111 0.0157232 -1.15165 -0.363892 0.0390415 0.930622 81.5823 
0.919774 -0.142412 0.365697 129.041 0.146502 0.989069 0.016697 -1.20025 -0.364077 0.0382178 0.930584 82.488 
0.919678 -0.143652 0.365453 129.385 0.146998 0.988958 0.0188146 -1.25281 -0.364121 0.0364173 0.930639 83.3661 
0.919719 -0.144354 0.365074 129.715 0.147235 0.988897 0.0200947 -1.29574 -0.363921 0.0352702 0.930762 84.185 
0.91974 -0.144328 0.365032 130.033 0.146809 0.98894 0.0211109 -1.33071 -0.364041 0.0341733 0.930756 85.0028 
0.919691 -0.143829 0.365351 130.36 0.146453 0.989001 0.0206815 -1.36029 -0.364308 0.034486 0.93064 85.8451 
0.919614 -0.14342 0.365707 130.697 0.146168 0.989051 0.0203204 -1.40704 -0.364617 0.0347676 0.930508 86.7201 
0.919526 -0.144532 0.365489 131.029 0.147637 0.988847 0.0196002 -1.44869 -0.364246 0.0359369 0.930609 87.5349 
0.919565 -0.144802 0.365284 131.343 0.147897 0.988807 0.0196554 -1.47478 -0.364042 0.0359502 0.930689 88.3561 
0.919601 -0.145586 0.364883 131.665 0.148027 0.988751 0.0214388 -1.50825 -0.363899 0.0342974 0.930807 89.1728 
0.9199 -0.145619 0.364114 131.976 0.147257 0.988821 0.0234233 -1.555 -0.363455 0.0320714 0.93106 90.0046 
0.919889 -0.146629 0.363737 132.308 0.148469 0.988648 0.0230635 -1.58967 -0.36299 0.0327879 0.931216 90.8547 
0.920179 -0.145761 0.363352 132.627 0.147936 0.988752 0.0220018 -1.62268 -0.362472 0.0335073 0.931392 91.6718 
0.920353 -0.146245 0.362716 132.96 0.148643 0.988658 0.0214568 -1.66232 -0.36174 0.0341671 0.931653 92.4902 
0.920664 -0.146723 0.361731 133.293 0.149489 0.988551 0.0204951 -1.69265 -0.360597 0.0352059 0.932057 93.3116 
0.921017 -0.145356 0.361384 133.589 0.148412 0.988734 0.0194487 -1.73234 -0.36014 0.0357211 0.932214 94.0861 
0.921287 -0.145405 0.360676 133.899 0.148685 0.988706 0.018802 -1.76454 -0.359336 0.036305 0.932502 94.9015 
0.921657 -0.147057 0.359058 134.219 0.149235 0.988561 0.0218118 -1.7976 -0.358159 0.0334811 0.93306 95.7171 
0.921935 -0.147971 0.357966 134.529 0.14952 0.988479 0.0235179 -1.83763 -0.357322 0.031841 0.933438 96.5277 
0.922611 -0.147448 0.356439 134.837 0.148933 0.988569 0.0234407 -1.89138 -0.355821 0.031459 0.934024 97.3243 
0.923086 -0.147882 0.355026 135.146 0.149252 0.988515 0.0236899 -1.93385 -0.354452 0.0311207 0.934556 98.1371 
0.923507 -0.148494 0.353673 135.458 0.149803 0.988428 0.0238385 -1.98068 -0.35312 0.0309663 0.935065 98.9697 
0.923771 -0.149862 0.352403 135.762 0.15077 0.988252 0.0250396 -2.0189 -0.352016 0.0300009 0.935513 99.7648 
0.924138 -0.150851 0.351017 136.067 0.151844 0.988092 0.0248682 -2.0568 -0.350588 0.0303182 0.936039 100.558 
0.924271 -0.152642 0.34989 136.362 0.153503 0.98782 0.0254489 -2.0989 -0.349513 0.0301876 0.936445 101.337 
0.924387 -0.154455 0.348787 136.666 0.155057 0.987553 0.0263767 -2.11516 -0.34852 0.0296994 0.936831 102.15 
0.924635 -0.155162 0.347815 136.959 0.154904 0.987512 0.0287368 -2.15578 -0.347931 0.0273069 0.937123 102.945 
0.924647 -0.153962 0.348316 137.259 0.153359 0.987731 0.0294846 -2.1832 -0.348582 0.0261546 0.936913 103.741 
0.924366 -0.153252 0.349373 137.546 0.152038 0.987886 0.0310761 -2.21919 -0.349903 0.0243923 0.936468 104.532 
0.924276 -0.153809 0.349367 137.83 0.150846 0.987907 0.035852 -2.25005 -0.350656 0.0195634 0.9363 105.308 
0.924142 -0.15396 0.349655 138.109 0.14964 0.987951 0.0395131 -2.29365 -0.351526 0.0158068 0.936045 106.08 
0.923747 -0.158612 0.348617 138.401 0.150703 0.98732 0.0498803 -2.31336 -0.352108 0.00646087 0.935937 106.835 
0.924573 -0.159823 0.345863 138.682 0.143908 0.987012 0.0713966 -2.3026 -0.352782 -0.0162387 0.935565 107.628 
0.92453 -0.165215 0.343437 138.976 0.144149 0.985796 0.0861821 -2.29967 -0.352797 -0.0301717 0.935213 108.408 
0.924493 -0.166843 0.342747 139.246 0.145582 0.985509 0.0870478 -2.29501 -0.352304 -0.0305773 0.935386 109.152 
0.923998 -0.163476 0.345692 139.518 0.146439 0.98637 0.0750321 -2.28527 -0.353247 -0.0187066 0.935343 109.871 
0.923978 -0.16064 0.347073 139.799 0.14665 0.986958 0.0663957 -2.28092 -0.353212 -0.01045 0.935485 110.606 
0.924055 -0.160736 0.346824 140.059 0.146446 0.986933 0.0672138 -2.27554 -0.353095 -0.0113184 0.935519 111.304 
0.923923 -0.160241 0.347402 140.325 0.146563 0.987031 0.0654879 -2.27415 -0.353391 -0.00958961 0.935427 112.018 
0.924184 -0.15904 0.34726 140.586 0.144717 0.987203 0.0669822 -2.2786 -0.353469 -0.0116496 0.935374 112.727 
0.92432 -0.157576 0.347565 140.84 0.142882 0.987423 0.067685 -2.28383 -0.353859 -0.0129017 0.93521 113.421 
0.924959 -0.15257 0.3481 141.08 0.138131 0.988207 0.0660876 -2.28074 -0.354077 -0.0130451 0.935125 114.099 
0.925515 -0.145896 0.34948 141.309 0.13255 0.989239 0.0619462 -2.28415 -0.354757 -0.0110085 0.934894 114.761 
0.925593 -0.144171 0.34999 141.544 0.131276 0.989502 0.0604286 -2.28407 -0.355028 -0.00998712 0.934802 115.43 
0.925821 -0.143877 0.349507 141.778 0.131037 0.989545 0.0602464 -2.2872 -0.354521 -0.00997916 0.934995 116.063 
0.926742 -0.138281 0.349323 142.015 0.125679 0.990338 0.058606 -2.28639 -0.354052 -0.01041 0.935168 116.722 
0.927227 -0.136944 0.348562 142.229 0.123846 0.990504 0.0597016 -2.28848 -0.353428 -0.0121887 0.935382 117.344 
0.927803 -0.137179 0.346935 142.484 0.124819 0.990492 0.0578431 -2.28225 -0.351571 -0.010363 0.936104 117.992 
0.927858 -0.137181 0.346787 142.711 0.125573 0.990512 0.0558406 -2.28313 -0.351156 -0.00826502 0.93628 118.6 
0.928236 -0.135341 0.346498 142.923 0.123018 0.990742 0.0574271 -2.28778 -0.351062 -0.0106805 0.936291 119.196 
0.928809 -0.134497 0.345288 143.153 0.121932 0.990844 0.0579632 -2.27575 -0.349923 -0.011735 0.936705 119.795 
0.928804 -0.137229 0.344225 143.372 0.12384 0.990444 0.0606997 -2.27162 -0.349266 -0.0137494 0.936923 120.379 
0.92827 -0.142755 0.343417 143.588 0.12844 0.989637 0.0642045 -2.27029 -0.349024 -0.0154907 0.936986 120.942 
0.927707 -0.146779 0.343243 143.79 0.132223 0.989049 0.0655737 -2.26013 -0.349109 -0.0154485 0.936955 121.484 
0.927241 -0.149952 0.343131 143.984 0.135275 0.988576 0.0664663 -2.2539 -0.349178 -0.0152131 0.936933 121.998 
0.926901 -0.151863 0.343209 144.169 0.13716 0.988289 0.0668715 -2.25274 -0.349345 -0.0149086 0.936875 122.486 
0.926732 -0.153782 0.34281 144.344 0.139332 0.988007 0.0665503 -2.24803 -0.348933 -0.0139098 0.937044 122.957 
0.925982 -0.158479 0.342699 144.513 0.144757 0.987301 0.0654356 -2.25 -0.348717 -0.0109841 0.937164 123.379 
0.92535 -0.159929 0.34373 144.668 0.147567 0.987106 0.0620132 -2.24641 -0.349216 -0.00666065 0.937019 123.776 
0.925266 -0.158308 0.344706 144.801 0.147434 0.987386 0.0577156 -2.24946 -0.349495 -0.00258069 0.936935 124.137 
0.925506 -0.155777 0.345213 144.92 0.145446 0.987791 0.0558036 -2.25617 -0.349691 -0.00143688 0.936864 124.464 
0.925748 -0.152168 0.346172 145.025 0.142254 0.988354 0.0540312 -2.25817 -0.350363 -0.0007748 0.936614 124.765 
0.925921 -0.150241 0.34655 145.123 0.141638 0.988646 0.0501788 -2.2612 -0.350155 0.00262304 0.936688 125.031 
0.925983 -0.149862 0.346549 145.212 0.142373 0.988691 0.0471256 -2.2625 -0.349693 0.00570185 0.936847 125.268 
0.925664 -0.149784 0.347435 145.292 0.143038 0.988687 0.0451413 -2.26927 -0.350266 0.00791088 0.936617 125.476 
0.925767 -0.149076 0.347464 145.362 0.142841 0.988783 0.0436483 -2.27284 -0.350074 0.00922387 0.936677 125.665 
0.926006 -0.148445 0.347098 145.426 0.142027 0.988884 0.0440138 -2.27547 -0.349774 0.00854023 0.936795 125.841 
0.926092 -0.147119 0.347434 145.482 0.1406 0.989086 0.0440525 -2.27524 -0.350123 0.00805247 0.936669 125.999 
0.926176 -0.146692 0.347389 145.53 0.140418 0.989144 0.0433166 -2.27949 -0.349972 0.00866096 0.93672 126.131 
0.926092 -0.146389 0.347742 145.576 0.140882 0.989168 0.0412201 -2.28009 -0.350009 0.0108168 0.936684 126.251 
0.925857 -0.146062 0.348504 145.62 0.141622 0.989178 0.0383326 -2.28219 -0.350331 0.0138653 0.936523 126.366 
0.926122 -0.144419 0.348484 145.663 0.140137 0.989418 0.0376111 -2.281 -0.350228 0.014003 0.93656 126.49 
0.926648 -0.141208 0.348402 145.702 0.136267 0.989913 0.0387813 -2.28385 -0.350364 0.0115393 0.936543 126.616 
0.927558 -0.133461 0.349034 145.741 0.126934 0.991038 0.0416193 -2.28281 -0.35146 0.00569982 0.936186 126.753 
0.929582 -0.123884 0.347174 145.774 0.114014 0.99228 0.0488015 -2.28152 -0.350539 -0.00578236 0.93653 126.904 
0.929768 -0.134738 0.342605 145.839 0.124894 0.990872 0.0507452 -2.28143 -0.346315 -0.00439194 0.938108 127.044 
0.925083 -0.158588 0.345067 145.927 0.15379 0.987235 0.0414253 -2.28629 -0.347232 0.0147461 0.937663 127.149 
0.920988 -0.170036 0.350527 146.002 0.169837 0.984967 0.0315568 -2.29338 -0.350624 0.0304692 0.936021 127.26 
0.923566 -0.158018 0.349367 146.031 0.158806 0.986952 0.0265854 -2.3123 -0.349009 0.0309282 0.936609 127.389 
0.927762 -0.134378 0.348139 146.037 0.135364 0.99056 0.021613 -2.32901 -0.347756 0.0270738 0.937194 127.527 
0.92882 -0.121716 0.34997 146.063 0.123118 0.992223 0.0183325 -2.33794 -0.349479 0.0260599 0.936582 127.658 
0.928268 -0.127156 0.349499 146.123 0.129346 0.991451 0.0171701 -2.33936 -0.348695 0.0292679 0.936779 127.789 
0.927022 -0.135413 0.349704 146.192 0.138222 0.990255 0.01704 -2.33895 -0.348604 0.0325402 0.936705 127.922 
0.926518 -0.1353 0.351082 146.246 0.138277 0.990253 0.0167047 -2.3427 -0.34992 0.0330695 0.936196 128.067 
0.927465 -0.129053 0.350933 146.291 0.13196 0.99113 0.0157305 -2.34978 -0.34985 0.0317196 0.936268 128.218 
0.927723 -0.125034 0.351705 146.344 0.1281 0.991653 0.0146407 -2.35488 -0.3506 0.0314709 0.935997 128.378 
0.926921 -0.127961 0.352765 146.411 0.131329 0.991233 0.0144793 -2.36171 -0.351525 0.0329071 0.9356 128.537 
0.926029 -0.131217 0.35391 146.483 0.135217 0.990724 0.0135193 -2.36722 -0.352401 0.0353355 0.935182 128.701 
0.925704 -0.128137 0.355885 146.546 0.133051 0.991051 0.010748 -2.37143 -0.354077 0.0374013 0.934468 128.876 
0.926025 -0.117682 0.358647 146.594 0.12433 0.99223 0.00456077 -2.38064 -0.356398 0.0403671 0.933462 129.046 
0.926549 -0.106453 0.360797 146.644 0.116106 0.993224 -0.00511703 -2.3829 -0.357807 0.0466318 0.93263 129.227 
0.926606 -0.123187 0.355283 146.738 0.13224 0.991217 -0.00120702 -2.39335 -0.352014 0.048101 0.934758 129.409 
0.922836 -0.144645 0.357003 146.851 0.15105 0.988475 0.0100379 -2.40862 -0.354341 0.0446619 0.934049 129.592 
0.920977 -0.150389 0.359424 146.94 0.153515 0.987944 0.0200117 -2.42752 -0.3581 0.0367466 0.93296 129.801 
0.923933 -0.137966 0.35681 146.99 0.138683 0.990053 0.0237089 -2.44369 -0.356532 0.0275782 0.933876 130.002 
0.924383 -0.126527 0.35987 147.048 0.126936 0.991653 0.0226021 -2.44699 -0.359726 0.0247873 0.932729 130.209 
0.9233 -0.130244 0.361322 147.135 0.132092 0.991042 0.0196961 -2.44772 -0.36065 0.0295422 0.932233 130.412 
0.921799 -0.140559 0.36129 147.243 0.143434 0.989478 0.0189954 -2.44915 -0.360158 0.0343114 0.93226 130.634 
0.920234 -0.14455 0.363696 147.352 0.147459 0.988868 0.0199178 -2.45627 -0.362527 0.0353012 0.931305 130.89 
0.920746 -0.139217 0.36448 147.456 0.141804 0.989697 0.0198019 -2.46526 -0.363481 0.0334521 0.931001 131.176 
0.921155 -0.134675 0.365153 147.566 0.135929 0.990465 0.0224018 -2.47286 -0.364688 0.0289991 0.930678 131.484 
0.920306 -0.138282 0.365943 147.703 0.138218 0.990047 0.0265146 -2.47779 -0.365967 0.0261783 0.930259 131.823 
0.918894 -0.14597 0.366506 147.857 0.146167 0.988881 0.0273788 -2.48442 -0.366427 0.0284129 0.930013 132.168 
0.917204 -0.151812 0.36836 148.014 0.153176 0.987864 0.0257257 -2.49465 -0.367796 0.0328282 0.929327 132.531 
0.916129 -0.153506 0.370329 148.167 0.155394 0.987538 0.0249297 -2.51086 -0.369541 0.0347081 0.928566 132.896 
0.914878 -0.154497 0.373 148.318 0.155496 0.987451 0.0276107 -2.52116 -0.372585 0.0327395 0.92742 133.266 
0.912613 -0.155044 0.378284 148.468 0.155664 0.98738 0.0291493 -2.53395 -0.378029 0.0322831 0.925231 133.627 
0.909565 -0.154144 0.385917 148.625 0.156148 0.987382 0.0263587 -2.5474 -0.38511 0.0362853 0.922157 133.973 
0.905741 -0.152084 0.395605 148.802 0.155722 0.98753 0.0231134 -2.55948 -0.394188 0.0406697 0.91813 134.331 
0.899509 -0.155421 0.408324 148.975 0.158802 0.986972 0.025842 -2.57132 -0.407021 0.0415977 0.912471 134.675 
0.890198 -0.163862 0.425084 149.161 0.166554 0.985541 0.0311145 -2.58179 -0.424036 0.0431016 0.904619 135.002 
0.878738 -0.170099 0.445967 149.364 0.175093 0.984084 0.0303408 -2.58999 -0.44403 0.0514242 0.894535 135.327 
0.866044 -0.169933 0.470202 149.583 0.179328 0.983468 0.0251344 -2.59899 -0.4667 0.0625528 0.882201 135.657 
0.851903 -0.164906 0.497058 149.806 0.176226 0.984046 0.0244396 -2.60639 -0.493158 0.0667743 0.867373 135.98 
0.834955 -0.162521 0.525772 150.044 0.171982 0.984605 0.0312323 -2.61554 -0.522754 0.064346 0.850052 136.32 
0.814857 -0.1642 0.555919 150.312 0.17048 0.984512 0.0409042 -2.6093 -0.554026 0.0614421 0.830229 136.664 
0.791457 -0.166974 0.587976 150.603 0.168479 0.984294 0.0527368 -2.59543 -0.587546 0.0573224 0.807158 137.004 
0.76303 -0.181419 0.62038 150.931 0.180327 0.981442 0.0652145 -2.57635 -0.620699 0.0621106 0.781585 137.329 
