1 0 0 0 0 1 0 0 0 0 1 0 
0.99999 0.000493279 0.00455111 0.00109558 -0.000484005 0.999998 -0.00203861 -0.0223126 -0.00455211 0.00203639 0.999988 0.385132 
0.999946 0.00152563 0.0102924 0.00373917 -0.00148355 0.999991 -0.00409466 -0.0451872 -0.0102985 0.00407917 0.999939 0.747482 
0.999852 0.00348221 0.016845 0.00937871 -0.00338366 0.999977 -0.00587514 -0.064059 -0.016865 0.00581727 0.999841 1.09923 
0.999691 0.00419553 0.0245214 0.0175328 -0.00399377 0.999958 -0.00827095 -0.0822073 -0.0245551 0.00817046 0.999665 1.43855 
0.999395 0.00499239 0.0344276 0.0266932 -0.00470064 0.999952 -0.00855031 -0.105285 -0.0344686 0.0083833 0.999371 1.775 
0.998899 0.00418487 0.0467235 0.0332751 -0.00383752 0.999964 -0.00752146 -0.146558 -0.0467533 0.00733387 0.99888 2.12078 
0.998162 0.00275784 0.0605428 0.0496875 -0.00247106 0.999985 -0.00481111 -0.188196 -0.0605552 0.00465266 0.998154 2.45869 
0.99705 0.00106989 0.076741 0.0687428 -0.000893319 0.999997 -0.00233522 -0.228153 -0.0767432 0.00225977 0.997048 2.77964 
0.995363 0.00084302 0.0961892 0.0937443 -0.000729153 0.999999 -0.00121892 -0.262787 -0.0961901 0.00114313 0.995362 3.08583 
0.992898 2.30001e-05 0.118966 0.129267 1.17703e-05 1 -0.00029157 -0.295722 -0.118966 0.0002909 0.992898 3.38229 
0.989269 0.000323672 0.146108 0.180267 -0.000289693 1 -0.000253838 -0.327885 -0.146108 0.000208787 0.989269 3.67086 
0.984167 1.42358e-06 0.177245 0.253797 0.000403251 0.999997 -0.00224712 -0.350128 -0.177244 0.00228302 0.984164 3.96014 
0.977039 -0.00150966 0.213054 0.347916 0.00175697 0.999998 -0.000971458 -0.371206 -0.213052 0.00132348 0.97704 4.25441 
0.96746 -0.00422062 0.252988 0.464167 0.00305924 0.999983 0.00498383 -0.392692 -0.253004 -0.0040477 0.967457 4.55893 
0.955382 -0.00727219 0.295285 0.589328 0.00427425 0.999933 0.0107969 -0.416621 -0.295344 -0.00905304 0.955348 4.85564 
0.939932 -0.00988148 0.34122 0.728722 0.00581463 0.999899 0.0129393 -0.429391 -0.341313 -0.010178 0.939895 5.13184 
0.920116 -0.0118072 0.391468 0.898045 0.0077098 0.999898 0.0120369 -0.436123 -0.391571 -0.00805722 0.920113 5.40147 
0.895501 -0.016136 0.444767 1.09631 0.0115522 0.999849 0.013015 -0.448551 -0.44491 -0.00651688 0.895552 5.66188 
0.866167 -0.0233822 0.499208 1.32295 0.0164022 0.999697 0.0183652 -0.459119 -0.499486 -0.00771922 0.866287 5.92245 
0.832448 -0.029902 0.553296 1.56853 0.0198966 0.999512 0.0240821 -0.47057 -0.553746 -0.00903844 0.832637 6.16941 
0.794443 -0.0306062 0.606567 1.82213 0.0191606 0.999495 0.0253373 -0.481766 -0.607037 -0.00850684 0.794628 6.40422 
0.751383 -0.0317856 0.6591 2.10204 0.0170738 0.999441 0.0287344 -0.494539 -0.659645 -0.0103372 0.751506 6.63728 
0.704293 -0.0367815 0.708956 2.40395 0.015894 0.999224 0.0360514 -0.501865 -0.709731 -0.0141226 0.704331 6.85096 
0.653804 -0.0435341 0.755411 2.72478 0.0194767 0.998981 0.040714 -0.511499 -0.756413 -0.011906 0.653986 7.03894 
0.5992 -0.0477255 0.799176 3.05647 0.0234354 0.998839 0.042078 -0.523488 -0.800256 -0.00648413 0.599623 7.20471 
0.541341 -0.05096 0.839257 3.41547 0.0248745 0.998695 0.0445965 -0.52946 -0.840435 -0.00326583 0.541903 7.36372 
0.480292 -0.0550444 0.87538 3.79751 0.0232374 0.998477 0.0500352 -0.53367 -0.876801 -0.00368996 0.480839 7.50685 
0.416599 -0.0579064 0.907244 4.19491 0.0192912 0.998308 0.0548604 -0.537099 -0.908886 -0.00535297 0.417011 7.6282 
0.351098 -0.0628332 0.934228 4.64841 0.0168317 0.998008 0.0607972 -0.532897 -0.936188 -0.00562114 0.351456 7.74017 
0.285569 -0.0719009 0.955657 5.12006 0.0186971 0.99741 0.0694551 -0.530212 -0.958176 -0.00196619 0.286173 7.8122 
0.218626 -0.0757325 0.972866 5.59336 0.0134464 0.997123 0.0745991 -0.533671 -0.975716 -0.00322778 0.219015 7.85979 
0.153545 -0.0774371 0.985103 6.09655 0.00400909 0.996965 0.0777447 -0.531312 -0.988133 -0.00798798 0.15339 7.89489 
0.0923377 -0.0813617 0.992398 6.60275 -0.00815715 0.996561 0.082462 -0.531397 -0.995694 -0.0157095 0.0913564 7.90553 
0.0275152 -0.0717077 0.997046 7.14949 -0.00109841 0.997421 0.071765 -0.529637 -0.999621 -0.00306979 0.0273654 7.86501 
-0.0333295 -0.062853 0.997466 7.71665 0.0066987 0.997984 0.0631095 -0.52612 -0.999422 0.00878513 -0.0328412 7.78676 
-0.0880006 -0.0606774 0.994271 8.32172 0.00690253 0.998082 0.061521 -0.509367 -0.996097 0.0122769 -0.087413 7.69256 
-0.136914 -0.0671698 0.988303 8.94445 -0.00336468 0.997724 0.067344 -0.493873 -0.990577 0.00589499 -0.136828 7.58981 
-0.178412 -0.0841033 0.980355 9.59224 0.000202821 0.996337 0.0855113 -0.487836 -0.983956 0.0154551 -0.177741 7.44354 
-0.214401 -0.0919024 0.972413 10.2513 0.005402 0.995437 0.0952695 -0.479407 -0.976731 0.0256788 -0.212926 7.27837 
-0.245955 -0.0857983 0.965476 10.9204 0.00684414 0.995896 0.0902451 -0.468905 -0.969257 0.0288041 -0.244358 7.09409 
-0.270963 -0.0799199 0.959266 11.6225 0.00471941 0.996425 0.0843488 -0.44569 -0.962578 0.0273825 -0.269617 6.89611 
-0.290365 -0.0827023 0.953336 12.3445 0.00308537 0.996172 0.0873581 -0.430644 -0.956911 0.0283071 -0.288998 6.67505 
-0.307767 -0.0861618 0.947553 13.0935 0.00223637 0.995823 0.0912774 -0.419039 -0.951459 0.0302112 -0.306288 6.43412 
-0.323283 -0.0875359 0.942245 13.867 0.000816956 0.995686 0.092781 -0.40488 -0.946302 0.0307642 -0.321816 6.17617 
-0.337802 -0.088608 0.937037 14.611 -0.000298852 0.995569 0.0940351 -0.390817 -0.941217 0.0314852 -0.336331 5.91558 
-0.350775 -0.0913496 0.931994 15.3642 0.000194952 0.995224 0.0976205 -0.385201 -0.93646 0.0344245 -0.349082 5.64747 
-0.362379 -0.0969 0.92698 16.1207 -0.000238316 0.99459 0.103874 -0.374347 -0.932031 0.037421 -0.360442 5.37071 
-0.373899 -0.0995495 0.922112 16.8605 -0.00169125 0.994294 0.106656 -0.358519 -0.927468 0.0383192 -0.371934 5.08361 
-0.384458 -0.100012 0.917709 17.6039 -0.00335849 0.994259 0.106948 -0.33921 -0.923136 0.0380349 -0.382587 4.78954 
-0.394988 -0.0993879 0.913294 18.3362 -0.0044088 0.994324 0.106299 -0.324938 -0.918676 0.0379604 -0.393184 4.49256 
-0.403831 -0.0980574 0.909563 19.1054 -0.00543427 0.994479 0.104799 -0.304652 -0.914817 0.0373783 -0.402134 4.17003 
-0.411405 -0.097049 0.906271 19.8866 -0.00410872 0.994503 0.104632 -0.289438 -0.911444 0.0393225 -0.409542 3.82751 
-0.418809 -0.102475 0.902274 20.6316 -0.0059409 0.9939 0.110123 -0.281934 -0.908055 0.0407603 -0.416863 3.50908 
-0.425518 -0.105117 0.898824 21.3768 -0.00782526 0.993621 0.112499 -0.270156 -0.904916 0.0408369 -0.423626 3.17886 
-0.430478 -0.101793 0.896842 22.1438 -0.00760233 0.993994 0.109171 -0.255295 -0.902569 0.0401777 -0.428667 2.84362 
-0.43336 -0.100842 0.895561 22.9445 -0.00650374 0.994044 0.108785 -0.238439 -0.901197 0.0413184 -0.431435 2.46795 
-0.434958 -0.102958 0.894545 23.7441 -0.0067741 0.993788 0.111086 -0.22253 -0.900425 0.0422582 -0.432954 2.10746 
-0.434921 -0.106119 0.894194 24.5651 -0.00484974 0.993293 0.115521 -0.209929 -0.900456 0.0459059 -0.432518 1.72919 
-0.431975 -0.108336 0.895355 25.4097 -0.0052855 0.993046 0.117606 -0.182625 -0.90187 0.0460704 -0.429543 1.33752 
-0.42897 -0.10896 0.896723 26.2867 -0.0065406 0.993047 0.117536 -0.158377 -0.903295 0.0445542 -0.4267 0.942269 
-0.42577 -0.10924 0.898213 27.1383 -0.00431943 0.992919 0.118711 -0.130451 -0.904821 0.0466637 -0.423227 0.548601 
-0.422695 -0.110639 0.899493 27.9777 -0.00061087 0.992555 0.121799 -0.108639 -0.906272 0.0509342 -0.419616 0.171762 
-0.42029 -0.107756 0.900969 28.8186 0.0118729 0.992186 0.124204 -0.068574 -0.907312 0.0628989 -0.415726 -0.227604 
-0.418852 -0.101679 0.902344 29.6607 0.0258319 0.991975 0.12377 -0.0603981 -0.907687 0.0751504 -0.412864 -0.597146 
-0.416313 -0.116908 0.901674 30.4583 0.0068541 0.991267 0.131689 -0.0337321 -0.909196 0.0610041 -0.411876 -0.916656 
-0.412594 -0.136633 0.900609 31.3026 -0.0193913 0.98978 0.141278 0.0103669 -0.910708 0.0408263 -0.411027 -1.2341 
-0.410727 -0.130416 0.902383 32.0991 -0.00137107 0.989804 0.142427 0.0490584 -0.911757 0.0572612 -0.406718 -1.60002 
-0.412391 -0.105467 0.904881 32.8925 -0.00420959 0.993486 0.113876 0.07558 -0.910997 0.0431522 -0.410149 -1.95125 
-0.414821 -0.10386 0.903956 33.7207 -0.0224066 0.994329 0.103961 0.119467 -0.909627 0.0228706 -0.414796 -2.28942 
-0.412593 -0.124949 0.902305 34.5745 -0.0204936 0.99157 0.12794 0.167306 -0.910685 0.0342955 -0.411676 -2.66194 
-0.412098 -0.15595 0.897694 35.5075 -0.0116594 0.986065 0.16595 0.226812 -0.911065 0.0579209 -0.408173 -3.10376 
-0.413343 -0.156646 0.897001 36.2685 -0.00946503 0.985778 0.167787 0.276968 -0.910526 0.0608635 -0.408947 -3.45131 
-0.414236 -0.137303 0.899754 37.02 -0.0116145 0.989273 0.145617 0.321405 -0.910096 0.0498695 -0.411387 -3.75969 
-0.414209 -0.131005 0.900704 37.8111 -0.0145814 0.990416 0.137348 0.352188 -0.910065 0.0437572 -0.41215 -4.08902 
-0.413967 -0.14097 0.89931 38.7075 -0.0124571 0.988721 0.149251 0.416494 -0.910207 0.0505823 -0.411054 -4.50213 
-0.414245 -0.147067 0.898205 39.518 -0.00998805 0.987534 0.157087 0.474944 -0.910111 0.0561011 -0.41055 -4.8753 
-0.416518 -0.144572 0.897559 40.3026 -0.00884857 0.987873 0.155012 0.526054 -0.909085 0.0566233 -0.412746 -5.2313 
-0.418908 -0.141661 0.89691 41.1102 -0.00819585 0.988305 0.152268 0.580885 -0.907992 0.0564353 -0.41517 -5.59979 
-0.42151 -0.140373 0.895893 41.9385 -0.00743051 0.988448 0.151379 0.649269 -0.906793 0.0571509 -0.417684 -5.98512 
-0.4245 -0.139953 0.894546 42.7329 -0.00564717 0.988372 0.151952 0.716021 -0.90541 0.0594521 -0.420354 -6.35188 
-0.428266 -0.13744 0.89314 43.5025 -0.000900827 0.98843 0.151672 0.765828 -0.903652 0.0641514 -0.423435 -6.71257 
-0.431516 -0.138178 0.89146 44.2554 -0.000160704 0.988211 0.153097 0.814567 -0.902106 0.0659203 -0.426451 -7.06543 
-0.434476 -0.141822 0.889448 45.0174 -0.000164864 0.987538 0.157382 0.871615 -0.900683 0.0682321 -0.429085 -7.42308 
-0.436527 -0.14393 0.888104 45.7814 0.00120208 0.987027 0.160552 0.934553 -0.89969 0.0711529 -0.430691 -7.78287 
-0.438568 -0.143495 0.887168 46.5484 0.00296723 0.986934 0.161098 1.00339 -0.898693 0.073285 -0.432412 -8.15108 
-0.440602 -0.143001 0.88624 47.2989 0.00392573 0.986914 0.161197 1.0637 -0.897694 0.0745029 -0.434275 -8.50752 
-0.440305 -0.143556 0.886297 48.0832 0.00542803 0.986691 0.162514 1.13643 -0.897832 0.0763665 -0.433666 -8.88601 
-0.437895 -0.144106 0.887402 48.8631 0.00838539 0.986372 0.164315 1.20958 -0.898987 0.0793941 -0.430719 -9.26172 
-0.433298 -0.144133 0.889651 49.6714 0.0100685 0.986293 0.164694 1.29394 -0.901194 0.080319 -0.425908 -9.6405 
-0.427741 -0.144357 0.8923 50.4375 0.0111611 0.986246 0.164906 1.36811 -0.903833 0.0804959 -0.420246 -9.99204 
-0.421618 -0.146481 0.894864 51.2002 0.0107053 0.985993 0.166442 1.45124 -0.90671 0.0797549 -0.414145 -10.3358 
-0.415843 -0.14764 0.897372 51.9744 0.0119122 0.985766 0.167703 1.53358 -0.909358 0.0804277 -0.408165 -10.675 
-0.40955 -0.147331 0.900312 52.7337 0.013528 0.985784 0.167472 1.60924 -0.912187 0.0807676 -0.401735 -11.0031 
-0.402853 -0.145223 0.90367 53.5183 0.0166803 0.986003 0.16589 1.69146 -0.915113 0.0819027 -0.394792 -11.3423 
-0.395323 -0.144508 0.907104 54.2655 0.0176715 0.986168 0.164805 1.75939 -0.918372 0.0811812 -0.387302 -11.6456 
-0.387607 -0.146101 0.910173 55.0093 0.0176429 0.986004 0.165787 1.83042 -0.921656 0.0803181 -0.379604 -11.9416 
-0.380152 -0.147375 0.913107 55.7636 0.0191798 0.985756 0.167086 1.90526 -0.924725 0.0810312 -0.37191 -12.2373 
-0.372869 -0.146467 0.916251 56.5306 0.0231339 0.985689 0.166982 1.97651 -0.927596 0.0834587 -0.364144 -12.5411 
-0.366002 -0.146159 0.919065 57.3191 0.0245473 0.98573 0.166536 2.06003 -0.93029 0.0835129 -0.357191 -12.8447 
-0.358099 -0.149499 0.921637 58.1229 0.0220154 0.985472 0.168407 2.14315 -0.933424 0.0805967 -0.349605 -13.141 
-0.350194 -0.15239 0.924198 58.9113 0.02253 0.985021 0.170956 2.22504 -0.936406 0.08069 -0.341516 -13.4266 
-0.341607 -0.153449 0.927231 59.7073 0.0233555 0.984891 0.171596 2.3047 -0.939553 0.0802743 -0.332861 -13.717 
-0.333146 -0.14978 0.930903 60.5206 0.0257062 0.985492 0.167763 2.39109 -0.942525 0.0798195 -0.324463 -14.0094 
-0.32267 -0.148185 0.93484 61.3269 0.0277685 0.985761 0.165841 2.47411 -0.946104 0.0794711 -0.313961 -14.2873 
-0.31022 -0.150361 0.938699 62.1775 0.0288805 0.985467 0.167397 2.56221 -0.950226 0.0790399 -0.301369 -14.575 
-0.29598 -0.153081 0.942848 63 0.0302488 0.985077 0.169433 2.64039 -0.954715 0.0786689 -0.286932 -14.8338 
-0.280059 -0.154598 0.947453 63.836 0.0320648 0.98489 0.170185 2.72289 -0.959447 0.0780417 -0.27087 -15.0786 
-0.261872 -0.153181 0.952869 64.6755 0.0351727 0.985153 0.168037 2.81641 -0.964462 0.0775192 -0.252596 -15.3165 
-0.241065 -0.154025 0.958209 65.5084 0.03711 0.985141 0.16769 2.89801 -0.969799 0.0759833 -0.231767 -15.5203 
-0.219322 -0.154706 0.963309 66.3282 0.0412883 0.984992 0.167589 2.97787 -0.974778 0.0765292 -0.209643 -15.6964 
-0.196088 -0.152953 0.968584 67.1882 0.0449451 0.98532 0.164695 3.06286 -0.979556 0.0758277 -0.186335 -15.8599 
-0.173369 -0.150314 0.973319 67.995 0.0496277 0.985695 0.161065 3.13259 -0.983606 0.0762272 -0.163429 -15.9643 
-0.149872 -0.147904 0.97758 68.8269 0.0608695 0.985492 0.158432 3.20231 -0.98683 0.0832493 -0.138694 -16.054 
-0.12461 -0.148385 0.981047 69.6628 0.0682092 0.985134 0.157667 3.272 -0.989858 0.0865635 -0.112637 -16.1319 
-0.0995073 -0.144651 0.984467 70.4863 0.0712497 0.985802 0.152049 3.33253 -0.992483 0.0852729 -0.0877881 -16.17 
-0.0720422 -0.145289 0.986763 71.3043 0.0776577 0.985513 0.150774 3.38429 -0.994374 0.0874918 -0.0597157 -16.1936 
-0.0450199 -0.147318 0.988064 72.116 0.085277 0.98489 0.150731 3.44723 -0.99534 0.0910451 -0.0317768 -16.1954 
-0.0180019 -0.152209 0.988184 72.9452 0.0893785 0.984143 0.153215 3.50392 -0.995835 0.0910806 -0.00411223 -16.1748 
0.0104951 -0.149048 0.988774 73.763 0.0939033 0.984606 0.147423 3.56542 -0.995526 0.0913019 0.0243297 -16.1291 
0.0398631 -0.143317 0.988874 74.5706 0.0975739 0.985489 0.138894 3.61107 -0.99443 0.0909515 0.0532687 -16.0625 
0.0694137 -0.14001 0.987714 75.3695 0.102239 0.985887 0.132566 3.66442 -0.992335 0.0917805 0.0827485 -15.9767 
0.0995183 -0.143755 0.984597 76.1425 0.103535 0.985634 0.133441 3.7095 -0.989635 0.0886607 0.112972 -15.8646 
0.129694 -0.148443 0.98038 76.9148 0.102971 0.985401 0.135581 3.75506 -0.986193 0.083367 0.143086 -15.7229 
0.160792 -0.150124 0.975504 77.7126 0.103361 0.985491 0.134624 3.80301 -0.981561 0.0791831 0.173976 -15.5584 
0.191823 -0.149124 0.970034 78.5203 0.104151 0.985901 0.130968 3.85393 -0.975888 0.0759073 0.20465 -15.3618 
0.222529 -0.147729 0.963668 79.3059 0.1048 0.98635 0.127006 3.89321 -0.969277 0.0727299 0.234974 -15.1448 
0.253648 -0.146528 0.956134 80.1025 0.105933 0.986723 0.123113 3.93286 -0.961479 0.0700585 0.265802 -14.9029 
0.284406 -0.146745 0.947406 80.9175 0.108917 0.986764 0.120145 3.97225 -0.952497 0.0690189 0.296625 -14.6374 
0.314742 -0.147299 0.937678 81.7188 0.111655 0.986772 0.117533 4.00668 -0.942587 0.0677035 0.327025 -14.339 
0.34498 -0.147656 0.926923 82.5211 0.113921 0.986835 0.114802 4.03773 -0.931671 0.0659913 0.35726 -14.0129 
0.374757 -0.147351 0.915339 83.2875 0.117403 0.986884 0.110801 4.05919 -0.91966 0.0659397 0.387141 -13.6721 
0.405158 -0.147426 0.902282 84.0536 0.120608 0.986906 0.107095 4.0867 -0.906256 0.0654315 0.417634 -13.3033 
0.435944 -0.146871 0.887908 84.8018 0.12262 0.987087 0.103073 4.113 -0.891581 0.0639411 0.448324 -12.9077 
0.466153 -0.146769 0.872445 85.5362 0.124513 0.987212 0.0995474 4.13171 -0.875898 0.0622264 0.478467 -12.4872 
0.495929 -0.145572 0.856074 86.2465 0.125148 0.987538 0.0954276 4.14886 -0.859298 0.0598104 0.507967 -12.0399 
0.524801 -0.144508 0.838869 86.9272 0.126016 0.987815 0.0913297 4.16131 -0.841845 0.0577811 0.536617 -11.5667 
0.55406 -0.14415 0.819901 87.63 0.127656 0.987957 0.0874313 4.18368 -0.822631 0.0562231 0.56579 -11.071 
0.581486 -0.143457 0.800808 88.2763 0.129248 0.988119 0.0831622 4.18406 -0.803224 0.055145 0.593119 -10.5442 
0.608606 -0.142895 0.7805 88.916 0.129493 0.98835 0.0799742 4.18291 -0.782835 0.0523964 0.620019 -9.99063 
0.634742 -0.140556 0.759833 89.536 0.130947 0.988661 0.0734962 4.18475 -0.761548 0.0528464 0.645951 -9.41404 
0.660172 -0.139081 0.738126 90.1369 0.132529 0.988858 0.0677928 4.18583 -0.73933 0.0530681 0.671249 -8.81865 
0.684752 -0.138633 0.715468 90.7009 0.132802 0.989039 0.0645412 4.17646 -0.716574 0.0508209 0.695658 -8.21696 
0.708562 -0.138165 0.691991 91.2473 0.132871 0.989226 0.0614597 4.15712 -0.693027 0.0483973 0.719286 -7.6007 
0.731485 -0.136773 0.667999 91.7675 0.131908 0.989554 0.0581673 4.14408 -0.668977 0.0455658 0.741885 -6.97468 
0.752746 -0.134621 0.6444 92.2692 0.13074 0.98994 0.0540859 4.1262 -0.645198 0.0435357 0.762774 -6.33198 
0.772079 -0.131662 0.621738 92.749 0.126896 0.990543 0.0521807 4.10553 -0.622728 0.0386083 0.781485 -5.67276 
0.789253 -0.129805 0.600192 93.1979 0.124987 0.9909 0.0499463 4.08091 -0.601213 0.0355959 0.798295 -5.02327 
0.804536 -0.128699 0.579792 93.6607 0.125478 0.991036 0.0458667 4.05972 -0.580498 0.03585 0.813472 -4.33701 
0.81878 -0.127363 0.559801 94.1103 0.125449 0.991209 0.0420306 4.03875 -0.560234 0.0358125 0.82756 -3.63602 
0.832205 -0.125945 0.539974 94.5374 0.123814 0.991481 0.0404338 4.01846 -0.540467 0.033207 0.84071 -2.93548 
0.844736 -0.124052 0.520608 94.9334 0.122045 0.991786 0.0382965 3.99211 -0.521082 0.0311869 0.852937 -2.24503 
0.855626 -0.124666 0.502357 95.3284 0.12388 0.991676 0.0351005 3.96357 -0.502551 0.032199 0.863948 -1.53627 
0.865852 -0.121774 0.485255 95.6994 0.122207 0.992024 0.03089 3.93485 -0.485146 0.0325555 0.873827 -0.834246 
0.87437 -0.122681 0.469496 96.0426 0.124133 0.99187 0.0279994 3.90384 -0.469114 0.0337982 0.882491 -0.150484 
0.881984 -0.122098 0.455188 96.399 0.124156 0.991935 0.0255042 3.86784 -0.45463 0.0340201 0.89003 0.578854 
0.888516 -0.121051 0.44259 96.7227 0.123357 0.992079 0.0236972 3.82967 -0.441953 0.0335411 0.896411 1.26909 
0.893919 -0.121882 0.431339 97.0583 0.123798 0.992023 0.0237519 3.79293 -0.430793 0.0321665 0.901877 2.00335 
0.898812 -0.121389 0.42119 97.3884 0.122831 0.992142 0.0238208 3.75533 -0.420772 0.0303248 0.90666 2.7438 
0.902969 -0.117445 0.413345 97.7098 0.118661 0.992672 0.0228316 3.71248 -0.412997 0.0284315 0.910288 3.48458 
0.906216 -0.112382 0.407606 98.015 0.11417 0.993259 0.0200243 3.67409 -0.407109 0.02839 0.912938 4.2087 
0.908226 -0.114417 0.402534 98.3083 0.113876 0.993171 0.0253663 3.63424 -0.402687 0.0228005 0.915054 4.93513 
0.909533 -0.1157 0.399204 98.6016 0.112901 0.993135 0.0306067 3.59712 -0.400005 0.0172327 0.916351 5.65352 
0.910274 -0.116519 0.397272 98.8979 0.113014 0.993068 0.0323149 3.55824 -0.398283 0.0154819 0.917132 6.36604 
0.910907 -0.118027 0.395371 99.1985 0.118244 0.992697 0.023915 3.51934 -0.395306 0.0249658 0.91821 7.08935 
0.911166 -0.116711 0.395164 99.5026 0.126178 0.992006 0.00204755 3.46638 -0.392244 0.0479952 0.918608 7.79066 
0.911678 -0.105605 0.397103 99.7918 0.129872 0.990926 -0.0346389 3.39169 -0.389841 0.0831522 0.91712 8.45998 
0.912431 -0.103395 0.395954 100.107 0.130496 0.990557 -0.0420497 3.3302 -0.387867 0.0900379 0.917307 9.19988 
0.913524 -0.117854 0.389338 100.424 0.135126 0.99068 -0.017172 3.27688 -0.383685 0.0682966 0.920935 9.96337 
0.914035 -0.14374 0.379313 100.738 0.141295 0.989368 0.0344387 3.21138 -0.38023 0.0221168 0.924627 10.7522 
0.914981 -0.148716 0.375092 101.052 0.142609 0.988793 0.0441616 3.16922 -0.377456 0.0130844 0.925935 11.5359 
0.915835 -0.140089 0.376326 101.321 0.142109 0.989594 0.0225412 3.13339 -0.375568 0.0328355 0.926213 12.2373 
0.916574 -0.132699 0.377203 101.595 0.139813 0.990141 0.00859306 3.08675 -0.374625 0.0448617 0.926091 12.9657 
0.916999 -0.134591 0.375498 101.904 0.137717 0.990296 0.0186372 3.04399 -0.374362 0.0346222 0.926636 13.7546 
0.916775 -0.140115 0.374021 102.242 0.139359 0.989811 0.0292125 2.99615 -0.374303 0.0253419 0.92696 14.6208 
0.916374 -0.140083 0.375013 102.577 0.140641 0.989718 0.0260351 2.95635 -0.374805 0.0288841 0.926654 15.4532 
0.916179 -0.139734 0.37562 102.896 0.142246 0.989605 0.021189 2.92538 -0.374676 0.0340173 0.926532 16.2396 
0.916533 -0.140189 0.374586 103.199 0.141775 0.989621 0.0234742 2.87774 -0.373988 0.0315919 0.926895 17.0234 
0.917032 -0.140681 0.373177 103.516 0.141584 0.989607 0.0251407 2.82535 -0.372835 0.0297813 0.92742 17.8651 
0.917604 -0.13874 0.372498 103.842 0.141042 0.989776 0.0212117 2.77727 -0.371632 0.0330738 0.927791 18.7081 
0.917894 -0.137979 0.372065 104.128 0.142096 0.989716 0.0164784 2.72033 -0.370513 0.0377436 0.92806 19.4735 
0.918187 -0.138939 0.370983 104.455 0.142778 0.989604 0.0172454 2.66297 -0.369523 0.0371338 0.928479 20.3347 
0.918508 -0.140686 0.369528 104.78 0.143299 0.989467 0.02052 2.61639 -0.368523 0.0341053 0.928993 21.1552 
0.91894 -0.141578 0.368109 105.105 0.143092 0.989434 0.0233339 2.56098 -0.367523 0.0312309 0.92949 22.0189 
0.918876 -0.144009 0.367326 105.444 0.144905 0.989122 0.025298 2.4973 -0.366974 0.0299817 0.929748 22.9259 
0.919089 -0.143235 0.367096 105.794 0.144109 0.989241 0.0251829 2.43525 -0.366753 0.0297567 0.929842 23.8423 
0.919078 -0.141927 0.367631 106.141 0.143246 0.9894 0.023849 2.37468 -0.367119 0.0307427 0.929666 24.7616 
0.9189 -0.139988 0.368818 106.476 0.141514 0.989668 0.0230585 2.32246 -0.368235 0.0310043 0.929216 25.6431 
0.918142 -0.140129 0.370646 106.82 0.14079 0.989713 0.0254193 2.27613 -0.370395 0.0288448 0.928426 26.525 
0.917264 -0.139744 0.372959 107.168 0.138867 0.989876 0.0293639 2.22475 -0.373286 0.0248573 0.927383 27.4199 
0.915829 -0.142499 0.375434 107.52 0.141024 0.989503 0.0315616 2.1705 -0.37599 0.0240401 0.926312 28.3054 
0.914508 -0.143754 0.378166 107.863 0.141977 0.989328 0.0327385 2.1167 -0.378837 0.0237513 0.925159 29.1825 
0.913271 -0.145081 0.38064 108.202 0.142738 0.989157 0.0345432 2.07204 -0.381525 0.0227847 0.924078 30.0339 
0.912535 -0.146405 0.381896 108.545 0.143711 0.988974 0.0357407 2.02644 -0.382918 0.022268 0.923514 30.8794 
0.91183 -0.147893 0.383005 108.892 0.146262 0.988677 0.0335562 1.98333 -0.383631 0.0254216 0.923137 31.739 
0.912199 -0.145719 0.38296 109.234 0.14506 0.988944 0.0307694 1.93723 -0.38321 0.0274846 0.923252 32.6016 
0.912631 -0.144674 0.382327 109.587 0.143786 0.989121 0.0310635 1.8948 -0.382662 0.0266239 0.923505 33.4893 
0.913089 -0.145433 0.380944 109.971 0.142886 0.989115 0.0351308 1.84637 -0.381907 0.022354 0.92393 34.448 
0.913226 -0.146514 0.380199 110.304 0.143532 0.988978 0.0363537 1.79942 -0.381335 0.0213716 0.92419 35.3039 
0.913333 -0.146603 0.379908 110.652 0.144077 0.988939 0.0352478 1.74836 -0.380873 0.022543 0.924352 36.1964 
0.913341 -0.145936 0.380147 111.013 0.144104 0.988997 0.0334457 1.69525 -0.380845 0.0242332 0.924321 37.1306 
0.913117 -0.147138 0.380221 111.383 0.145375 0.988808 0.0335263 1.63204 -0.380899 0.0246613 0.924288 38.0619 
0.912663 -0.14825 0.380878 111.737 0.146856 0.988611 0.0329029 1.58236 -0.381418 0.0259048 0.92404 38.948 
0.912452 -0.147138 0.381814 112.089 0.144532 0.988857 0.0356702 1.53111 -0.382808 0.0226371 0.923551 39.8465 
0.912164 -0.14804 0.382153 112.459 0.144402 0.988775 0.0383625 1.46784 -0.383543 0.0201908 0.923302 40.7809 
0.911713 -0.148667 0.382986 112.836 0.144593 0.988699 0.0395819 1.42124 -0.384542 0.0192898 0.922906 41.7358 
0.911532 -0.147042 0.384041 113.229 0.143052 0.988942 0.0391085 1.38272 -0.385545 0.0192891 0.922488 42.6919 
0.911229 -0.148049 0.384374 113.651 0.143165 0.98883 0.0414668 1.32587 -0.386219 0.0172433 0.922246 43.701 
0.910875 -0.14881 0.384918 114.062 0.1437 0.988722 0.0421868 1.27226 -0.386855 0.016886 0.921986 44.7253 
0.910163 -0.150764 0.385841 114.474 0.146131 0.988395 0.0414986 1.21906 -0.38762 0.0186128 0.921631 45.7365 
0.909865 -0.150681 0.386575 114.86 0.146076 0.988405 0.0414531 1.1663 -0.388339 0.0187524 0.921326 46.6888 
0.909441 -0.152515 0.386854 115.273 0.147774 0.988122 0.0421654 1.11455 -0.38869 0.0188199 0.921177 47.6751 
0.908962 -0.154131 0.38734 115.698 0.149006 0.987882 0.0434307 1.06185 -0.38934 0.018239 0.920914 48.6986 
0.908795 -0.153802 0.387862 116.12 0.14815 0.987957 0.0446349 1.01549 -0.390056 0.0168977 0.920636 49.7196 
0.907893 -0.15722 0.388602 116.481 0.1512 0.987421 0.04624 0.956245 -0.390984 0.0167756 0.920245 50.5852 
0.90736 -0.158428 0.389357 116.871 0.151877 0.987244 0.04777 0.906424 -0.391958 0.0157898 0.919848 51.5501 
0.906899 -0.157652 0.390743 117.254 0.150446 0.987393 0.0492023 0.865049 -0.393574 0.0141643 0.919184 52.4684 
0.907141 -0.154378 0.391488 117.651 0.147354 0.987912 0.0481269 0.807226 -0.394186 0.0140295 0.918924 53.4182 
0.906518 -0.156382 0.392136 117.938 0.148971 0.987603 0.0494668 0.73225 -0.39501 0.0135745 0.918576 54.1992 
0.905926 -0.158366 0.392705 118.271 0.149462 0.987326 0.0533668 0.687141 -0.39618 0.0103481 0.918115 55.0345 
0.905633 -0.157123 0.393881 118.64 0.147963 0.987532 0.0537316 0.635256 -0.397412 0.00961861 0.91759 55.9127 
0.904987 -0.158008 0.395009 118.969 0.149659 0.987365 0.05208 0.575776 -0.398247 0.0119851 0.9172 56.7459 
0.904611 -0.158074 0.395842 119.278 0.149248 0.987367 0.0532164 0.515416 -0.399254 0.0109388 0.916775 57.5247 
0.904014 -0.159618 0.396587 119.643 0.149881 0.987137 0.0556499 0.476684 -0.400368 0.00913278 0.916309 58.3885 
0.903546 -0.160134 0.397445 120.036 0.150547 0.987047 0.0554384 0.434989 -0.401174 0.00974282 0.91595 59.2974 
0.902999 -0.160589 0.398501 120.418 0.150855 0.986974 0.0558984 0.390098 -0.402287 0.0096397 0.915463 60.1882 
0.902954 -0.161966 0.398046 120.821 0.151124 0.98677 0.0587009 0.337578 -0.402287 0.00714991 0.915486 61.1226 
0.902898 -0.16342 0.397578 121.196 0.152015 0.986538 0.06028 0.28631 -0.402077 0.00601121 0.915586 62.002 
0.903266 -0.163013 0.396909 121.552 0.151824 0.986603 0.0596914 0.246312 -0.401322 0.00634303 0.915915 62.8574 
0.903575 -0.165195 0.395301 121.94 0.153826 0.986242 0.0605351 0.220068 -0.399862 0.00610932 0.916555 63.7582 
0.90414 -0.164951 0.394109 122.279 0.15306 0.986291 0.0616651 0.187946 -0.398878 0.00456828 0.916993 64.594 
0.904367 -0.165725 0.393264 122.611 0.15431 0.986155 0.0607167 0.123328 -0.397881 0.00577443 0.917419 65.4327 
0.904717 -0.166831 0.391989 122.97 0.155176 0.985972 0.0614816 0.0777508 -0.396747 0.00520378 0.917913 66.2964 
0.904875 -0.168708 0.390819 123.339 0.156208 0.985661 0.0638134 0.0432675 -0.395981 0.0033061 0.918253 67.1759 
0.905097 -0.168915 0.390215 123.675 0.155722 0.985629 0.065461 0.00879179 -0.395664 0.00151665 0.918394 68.0009 
0.905301 -0.168142 0.390075 123.958 0.154155 0.985763 0.0671453 -0.0339003 -0.395811 -0.000654673 0.918332 68.7487 
0.905225 -0.167691 0.390445 124.285 0.153301 0.985838 0.0679849 -0.0505947 -0.396316 -0.00168591 0.918113 69.554 
0.905005 -0.168393 0.390653 124.61 0.153643 0.985717 0.0689612 -0.0871363 -0.396686 -0.00238919 0.917951 70.3599 
0.904719 -0.168106 0.391438 124.941 0.153729 0.985768 0.0680359 -0.114166 -0.397304 -0.00137796 0.917686 71.1726 
0.904569 -0.167976 0.39184 125.27 0.154149 0.985791 0.066737 -0.14003 -0.397483 3.3666e-05 0.91761 71.9707 
0.904371 -0.168248 0.392181 125.599 0.15443 0.985745 0.0667724 -0.169816 -0.397824 0.000177545 0.917462 72.761 
0.904152 -0.168935 0.39239 125.919 0.155149 0.985627 0.0668426 -0.198422 -0.398042 0.000443053 0.917367 73.5403 
0.903944 -0.169551 0.392603 126.236 0.155524 0.985521 0.0675266 -0.213147 -0.398368 1.90189e-05 0.917226 74.3025 
0.903864 -0.170298 0.392464 126.569 0.155978 0.985392 0.0683573 -0.222197 -0.398372 -0.00057014 0.917224 75.0967 
0.903757 -0.170981 0.392414 126.885 0.155829 0.985271 0.070413 -0.240548 -0.398674 -0.00248662 0.917089 75.8698 
0.903746 -0.171137 0.392371 127.188 0.155414 0.98524 0.0717582 -0.25615 -0.39886 -0.00387112 0.917004 76.6147 
0.9037 -0.17104 0.392521 127.508 0.154807 0.985251 0.0729105 -0.276674 -0.399202 -0.00512441 0.916849 77.399 
0.903618 -0.170675 0.392866 127.817 0.154585 0.985316 0.0724995 -0.288781 -0.399471 -0.00478065 0.916733 78.1589 
0.903591 -0.169561 0.393411 128.114 0.153467 0.985507 0.0722707 -0.307408 -0.399963 -0.00492748 0.916518 78.8963 
0.903417 -0.169853 0.393685 128.417 0.154109 0.985461 0.0715285 -0.31765 -0.40011 -0.00394992 0.916458 79.6296 
0.903373 -0.170091 0.393683 128.702 0.154096 0.985418 0.0721493 -0.34855 -0.400215 -0.00451252 0.91641 80.3427 
0.903354 -0.171083 0.393297 129.015 0.154299 0.985236 0.074169 -0.366969 -0.40018 -0.00631528 0.916415 81.0964 
0.903748 -0.17117 0.392353 129.329 0.153631 0.985206 0.0759378 -0.376419 -0.399547 -0.00835113 0.916675 81.8447 
0.903757 -0.171349 0.392253 129.642 0.154019 0.985179 0.075495 -0.37941 -0.399375 -0.00781468 0.916754 82.595 
0.904051 -0.170218 0.392069 129.954 0.153204 0.985379 0.074543 -0.389623 -0.399025 -0.00732427 0.916911 83.3503 
0.904146 -0.169885 0.391994 130.267 0.153026 0.985439 0.074117 -0.400207 -0.398878 -0.00702742 0.916977 84.1146 
0.904397 -0.169896 0.391409 130.581 0.153395 0.985442 0.0733066 -0.404169 -0.398166 -0.00625814 0.917292 84.8681 
0.904816 -0.16779 0.391349 130.882 0.151539 0.985804 0.0722976 -0.41146 -0.397924 -0.00611137 0.917398 85.6006 
0.905154 -0.167506 0.390689 131.198 0.151613 0.985856 0.0714229 -0.407561 -0.397127 -0.00541518 0.917748 86.3502 
0.905566 -0.16853 0.389292 131.516 0.151476 0.985661 0.0743442 -0.407361 -0.396239 -0.00835501 0.918109 87.1062 
0.905871 -0.168982 0.388386 131.842 0.151292 0.985568 0.0759345 -0.414212 -0.395612 -0.010027 0.918363 87.891 
0.906679 -0.166851 0.387421 132.167 0.149374 0.98593 0.0750312 -0.405988 -0.394489 -0.0101586 0.918845 88.6888 
0.907174 -0.167043 0.386176 132.487 0.149677 0.985898 0.0748469 -0.407451 -0.393233 -0.0100975 0.919383 89.4584 
0.907759 -0.167087 0.384781 132.821 0.149951 0.985893 0.0743561 -0.396298 -0.391777 -0.00979908 0.920008 90.2439 
0.908014 -0.167483 0.384004 133.129 0.150036 0.985817 0.0751895 -0.397023 -0.391151 -0.0106586 0.920265 91.0105 
0.90844 -0.167314 0.38307 133.455 0.150123 0.985851 0.0745786 -0.390795 -0.390128 -0.0102427 0.920704 91.8062 
0.908572 -0.168716 0.382142 133.776 0.151491 0.985612 0.0749665 -0.389443 -0.389292 -0.0102213 0.921058 92.5885 
0.908635 -0.170529 0.381185 134.076 0.152945 0.985292 0.0762101 -0.392355 -0.388575 -0.010947 0.921352 93.34 
0.908912 -0.170029 0.380748 134.384 0.151511 0.985346 0.0783384 -0.392068 -0.388489 -0.0135152 0.921354 94.121 
0.908854 -0.16888 0.381398 134.697 0.149977 0.985528 0.0789973 -0.382595 -0.389219 -0.0145962 0.921029 94.8946 
0.908595 -0.167809 0.382487 135 0.148261 0.985686 0.0802598 -0.373237 -0.39048 -0.0162158 0.920469 95.649 
0.90843 -0.16779 0.382887 135.291 0.146072 0.985586 0.0853419 -0.375904 -0.391687 -0.0215983 0.919845 96.3863 
0.908277 -0.167584 0.383338 135.584 0.144216 0.985523 0.0891374 -0.381366 -0.392726 -0.025678 0.919297 97.1264 
0.907778 -0.171683 0.382707 135.904 0.144372 0.984537 0.0992172 -0.357751 -0.393823 -0.0348152 0.918527 97.9006 
0.908649 -0.173472 0.379823 136.219 0.137282 0.983162 0.120609 -0.310908 -0.394349 -0.0574489 0.917163 98.694 
0.908578 -0.17789 0.377942 136.531 0.135909 0.98145 0.135222 -0.263528 -0.394986 -0.0714936 0.915901 99.4567 
0.908685 -0.179089 0.377118 136.86 0.136855 0.981184 0.136193 -0.230415 -0.394413 -0.0721463 0.916097 100.219 
0.908143 -0.175464 0.380118 137.154 0.13776 0.982615 0.124455 -0.189392 -0.395347 -0.0606579 0.916527 100.918 
0.908041 -0.171391 0.382213 137.443 0.137075 0.983804 0.1155 -0.135699 -0.395819 -0.0524867 0.916828 101.639 
0.908106 -0.170705 0.382366 137.736 0.136117 0.983881 0.115974 -0.0889271 -0.396001 -0.0532704 0.916704 102.352 
0.908019 -0.16924 0.383223 138.034 0.135435 0.984234 0.113757 -0.0388725 -0.396433 -0.0513918 0.916624 103.071 
0.908425 -0.167333 0.383097 138.331 0.132911 0.984453 0.114834 0.00884725 -0.396357 -0.0534006 0.916542 103.773 
0.908656 -0.165928 0.383162 138.624 0.131211 0.984635 0.115233 0.0463557 -0.396395 -0.054432 0.916465 104.451 
0.909358 -0.160557 0.383784 138.908 0.126091 0.985502 0.113521 0.0826156 -0.396446 -0.0548396 0.916419 105.141 
0.91011 -0.154008 0.384683 139.181 0.120764 0.986647 0.109291 0.121438 -0.396378 -0.0530112 0.916556 105.8 
0.910349 -0.153106 0.384478 139.456 0.120369 0.98684 0.107974 0.154513 -0.395949 -0.0520146 0.916798 106.436 
0.910636 -0.152419 0.384071 139.739 0.119936 0.986965 0.107308 0.195683 -0.395421 -0.0516547 0.917046 107.096 
0.911697 -0.146726 0.383772 140.016 0.114372 0.987772 0.105947 0.232095 -0.394624 -0.0526988 0.91733 107.744 
0.912323 -0.146454 0.382384 140.261 0.113628 0.987723 0.107196 0.258621 -0.393389 -0.0543479 0.917764 108.331 
0.912808 -0.14784 0.38069 140.517 0.115733 0.987605 0.106033 0.278713 -0.391647 -0.0527294 0.918603 108.936 
0.912917 -0.14839 0.380214 140.786 0.117186 0.98764 0.104087 0.315117 -0.39096 -0.0504677 0.919023 109.553 
0.913468 -0.146922 0.379461 141.045 0.115059 0.987744 0.105463 0.348592 -0.390305 -0.052677 0.919177 110.158 
0.914039 -0.1464 0.378285 141.289 0.114114 0.987739 0.106534 0.379661 -0.389243 -0.0542088 0.919538 110.745 
0.9141 -0.149331 0.376991 141.535 0.116087 0.987179 0.109553 0.407893 -0.388517 -0.0563788 0.919715 111.309 
0.913632 -0.15498 0.375843 141.782 0.120844 0.986229 0.112915 0.439409 -0.388166 -0.0577446 0.919778 111.858 
0.91317 -0.159407 0.375114 142.015 0.125071 0.985537 0.114341 0.473455 -0.387915 -0.0574966 0.9199 112.384 
0.912762 -0.163113 0.374514 142.238 0.128734 0.984961 0.115234 0.503449 -0.387678 -0.0569689 0.920033 112.885 
0.912585 -0.164326 0.374414 142.446 0.130012 0.984783 0.115321 0.532367 -0.387667 -0.0565619 0.920062 113.36 
0.912413 -0.1671 0.373603 142.646 0.13321 0.984398 0.114961 0.560692 -0.386984 -0.0551245 0.920437 113.818 
0.911741 -0.171141 0.373415 142.835 0.138121 0.98387 0.11368 0.585514 -0.386847 -0.0520701 0.920673 114.234 
0.911278 -0.171968 0.374166 143.013 0.140483 0.983945 0.110079 0.612908 -0.387089 -0.0477488 0.920805 114.622 
0.911228 -0.170207 0.375092 143.166 0.140388 0.984442 0.105664 0.631213 -0.387241 -0.0436254 0.920946 114.985 
0.911497 -0.167408 0.375696 143.295 0.138202 0.984971 0.103598 0.646548 -0.387393 -0.0425078 0.920934 115.309 
0.911801 -0.164259 0.376349 143.424 0.135646 0.985544 0.101509 0.671851 -0.387582 -0.0415059 0.9209 115.623 
0.912006 -0.162134 0.376774 143.529 0.1349 0.986024 0.0977732 0.681227 -0.38736 -0.0383431 0.921131 115.881 
0.912098 -0.16162 0.376772 143.628 0.135442 0.986205 0.0951604 0.690607 -0.386954 -0.0357647 0.921405 116.114 
0.911756 -0.161442 0.377674 143.716 0.136063 0.986312 0.093138 0.696541 -0.387541 -0.0335317 0.921242 116.321 
0.911894 -0.160371 0.377798 143.789 0.135545 0.986527 0.0916029 0.700457 -0.387398 -0.0323235 0.921346 116.506 
0.91224 -0.159429 0.377359 143.86 0.134423 0.986654 0.0918881 0.706385 -0.386973 -0.0330983 0.921497 116.678 
0.91236 -0.157994 0.377673 143.92 0.132783 0.98686 0.0920683 0.71006 -0.387257 -0.0338507 0.92135 116.83 
0.912457 -0.157818 0.377513 143.972 0.132851 0.986906 0.0914699 0.710289 -0.387005 -0.0333096 0.921476 116.959 
0.912377 -0.157368 0.377893 144.019 0.1332 0.987045 0.0894472 0.712718 -0.387074 -0.0312743 0.921518 117.074 
0.912121 -0.156663 0.378803 144.068 0.133634 0.987247 0.0865231 0.718144 -0.387527 -0.0282988 0.921424 117.19 
0.912446 -0.154823 0.378778 144.114 0.131841 0.987529 0.0860516 0.722576 -0.387377 -0.0285789 0.921478 117.31 
0.91304 -0.151552 0.378668 144.16 0.127848 0.987958 0.0871389 0.727483 -0.387314 -0.0311494 0.921422 117.436 
0.914018 -0.143683 0.379375 144.201 0.118076 0.988912 0.0900583 0.73339 -0.388109 -0.0375197 0.92085 117.572 
0.916229 -0.134512 0.377401 144.24 0.105338 0.989693 0.0970126 0.744491 -0.38656 -0.0491312 0.920955 117.724 
0.916421 -0.144936 0.37305 144.306 0.116002 0.988302 0.0990051 0.751383 -0.383035 -0.0474558 0.922514 117.858 
0.911432 -0.167897 0.375636 144.399 0.144562 0.985422 0.0896925 0.754426 -0.385219 -0.0274461 0.922417 117.966 
0.907179 -0.178648 0.380934 144.496 0.160321 0.98385 0.0795997 0.763158 -0.389002 -0.0111393 0.921169 118.092 
0.909992 -0.166532 0.379712 144.535 0.149274 0.985971 0.0746833 0.751742 -0.386822 -0.0112801 0.922085 118.225 
0.914508 -0.143196 0.378379 144.549 0.12608 0.989563 0.0697715 0.743155 -0.384421 -0.0161005 0.923018 118.362 
0.915637 -0.130496 0.380236 144.58 0.11368 0.991292 0.0664579 0.74044 -0.385598 -0.0176258 0.922499 118.493 
0.915039 -0.135904 0.379781 144.641 0.119999 0.99062 0.0653681 0.742138 -0.385102 -0.014241 0.922764 118.616 
0.913699 -0.144006 0.380021 144.712 0.128825 0.98952 0.0652318 0.745198 -0.385432 -0.0106461 0.922675 118.747 
0.913167 -0.144187 0.38123 144.774 0.129148 0.9895 0.0648947 0.747037 -0.386584 -0.0100247 0.9222 118.892 
0.914231 -0.137551 0.381132 144.827 0.122399 0.990425 0.0638435 0.751064 -0.386265 -0.0117174 0.922313 119.046 
0.914548 -0.133736 0.381728 144.889 0.118569 0.990939 0.0631006 0.749175 -0.386708 -0.0124476 0.922118 119.208 
0.913709 -0.136395 0.382796 144.961 0.121415 0.990591 0.0631486 0.748951 -0.387808 -0.011222 0.921672 119.366 
0.912776 -0.139554 0.38388 145.037 0.12512 0.990174 0.0624578 0.751245 -0.388824 -0.00897889 0.921268 119.529 
0.912437 -0.136901 0.385638 145.103 0.123294 0.990559 0.0599283 0.751068 -0.390201 -0.00713389 0.920702 119.697 
0.912784 -0.125856 0.388569 145.158 0.113943 0.992037 0.0536556 0.752098 -0.392228 -0.00470126 0.919856 119.872 
0.913333 -0.114174 0.390879 145.209 0.105353 0.99346 0.0440181 0.757099 -0.393349 0.000977018 0.919389 120.048 
0.913453 -0.130823 0.385342 145.308 0.1217 0.991401 0.0480891 0.75474 -0.38832 0.00296901 0.92152 120.226 
0.90946 -0.152247 0.386914 145.426 0.140164 0.988342 0.0594401 0.748705 -0.391453 0.000173166 0.920198 120.407 
0.907515 -0.157763 0.389264 145.518 0.141847 0.987446 0.069501 0.738617 -0.395342 -0.00785718 0.9185 120.603 
0.910686 -0.145887 0.386482 145.577 0.127366 0.989147 0.0732568 0.732735 -0.392975 -0.0174891 0.919383 120.806 
0.911146 -0.134426 0.389541 145.64 0.115229 0.9907 0.0723548 0.736909 -0.395645 -0.0210395 0.918163 121.008 
0.909989 -0.137901 0.391029 145.731 0.120219 0.990313 0.0694769 0.744659 -0.396822 -0.0162143 0.917752 121.205 
0.908405 -0.148562 0.390806 145.847 0.131987 0.98884 0.0691042 0.749793 -0.396711 -0.0111932 0.917875 121.421 
0.906743 -0.152539 0.393127 145.964 0.135814 0.988244 0.0701988 0.751885 -0.399214 -0.0102601 0.916801 121.669 
0.907258 -0.147368 0.393911 146.073 0.130097 0.989002 0.0703605 0.752112 -0.399947 -0.0125885 0.916452 121.943 
0.907685 -0.143355 0.394407 146.192 0.124433 0.989517 0.0732903 0.755142 -0.400779 -0.0174471 0.916008 122.245 
0.906761 -0.14718 0.395124 146.339 0.126639 0.988898 0.0777355 0.759926 -0.402178 -0.0204495 0.915333 122.572 
0.905267 -0.15421 0.395868 146.504 0.133824 0.987868 0.0787949 0.765228 -0.403216 -0.0183537 0.914921 122.916 
0.903463 -0.160143 0.39763 146.668 0.140887 0.986996 0.0773925 0.767156 -0.404853 -0.0139002 0.914276 123.261 
0.902365 -0.161516 0.399563 146.832 0.142679 0.986795 0.0766697 0.768692 -0.406671 -0.0121747 0.913494 123.618 
0.901065 -0.162495 0.402092 147.001 0.142441 0.986605 0.0795079 0.772796 -0.409625 -0.0143673 0.912141 123.983 
0.89871 -0.163375 0.406975 147.173 0.142567 0.986451 0.0811727 0.775551 -0.414723 -0.0149296 0.909825 124.35 
0.895258 -0.162476 0.414867 147.343 0.142822 0.986654 0.0782056 0.780846 -0.422037 -0.0107621 0.906515 124.711 
0.891045 -0.159707 0.424891 147.517 0.141117 0.98714 0.0751066 0.783254 -0.431422 -0.00696412 0.902123 125.054 
0.884428 -0.162363 0.437523 147.7 0.142643 0.98671 0.0778188 0.787644 -0.444343 -0.00641556 0.895834 125.386 
0.874621 -0.170101 0.453986 147.904 0.148864 0.985416 0.0824258 0.798014 -0.461386 -0.00450905 0.887188 125.717 
0.862485 -0.175681 0.474611 148.117 0.155875 0.984439 0.0811348 0.809598 -0.48148 0.00400276 0.876448 126.036 
0.848888 -0.175131 0.498717 148.341 0.15862 0.984433 0.0757029 0.811197 -0.504211 0.0148431 0.863453 126.361 
0.833883 -0.168915 0.525459 148.576 0.152572 0.985468 0.0746648 0.816996 -0.530435 0.0179087 0.847537 126.679 
0.816053 -0.166996 0.553326 148.814 0.146662 0.985846 0.0812323 0.816336 -0.55906 0.0148623 0.828994 126.994 
0.794924 -0.168219 0.582922 149.094 0.142305 0.985687 0.0903888 0.832748 -0.589784 0.0111007 0.807485 127.332 
