1 0 0 0 0 1 0 0 0 0 1 0 
0.99999 0.000714954 0.00447396 0.00137981 -0.000709373 0.999999 -0.00124888 -0.0319086 -0.00447485 0.00124569 0.999989 0.376964 
0.999943 0.00226728 0.0104745 0.00118315 -0.00223644 0.999993 -0.00295487 -0.0575372 -0.0104811 0.00293127 0.999941 0.727759 
0.999854 0.00391025 0.0166249 0.00752319 -0.00382746 0.99998 -0.00500877 -0.0772934 -0.0166442 0.00494441 0.999849 1.06198 
0.999697 0.00445492 0.02422 0.0182878 -0.00427028 0.999961 -0.00766977 -0.0957292 -0.0242532 0.00756402 0.999677 1.40881 
0.999397 0.00549525 0.0342703 0.0304776 -0.00522281 0.999954 -0.00803413 -0.119191 -0.0343129 0.0078503 0.99938 1.73597 
0.998918 0.00490448 0.0462401 0.0510946 -0.00455425 0.99996 -0.00767636 -0.142431 -0.0462759 0.00745746 0.998901 2.06348 
0.998217 0.00385812 0.0595588 0.0791517 -0.0035269 0.999978 -0.00566518 -0.168645 -0.0595794 0.00544502 0.998209 2.39764 
0.997149 0.00259783 0.0754167 0.111663 -0.00232983 0.999991 -0.00364131 -0.193222 -0.0754255 0.00345522 0.997145 2.70399 
0.995586 0.00225638 0.0938216 0.156321 -0.00191978 0.999991 -0.00367785 -0.214923 -0.0938291 0.0034815 0.995582 3.00641 
0.993228 0.0028898 0.116142 0.205635 -0.00249018 0.99999 -0.00358573 -0.233385 -0.116151 0.00327223 0.993226 3.2931 
0.989789 0.00411009 0.142479 0.268272 -0.00348409 0.999983 -0.0046428 -0.249444 -0.142496 0.00409898 0.989787 3.57373 
0.984721 0.00508668 0.174065 0.33911 -0.00401741 0.999971 -0.00649475 -0.271325 -0.174093 0.00569622 0.984713 3.85438 
0.97775 0.00332801 0.209746 0.432847 -0.00225692 0.999983 -0.00534573 -0.287177 -0.209761 0.0047534 0.977741 4.1469 
0.96842 0.000264389 0.249323 0.54916 -0.000540623 0.999999 0.00103946 -0.312836 -0.249322 -0.00114143 0.96842 4.43881 
0.956606 -0.00319955 0.291368 0.672625 0.00138745 0.999978 0.00642566 -0.331042 -0.291382 -0.00574256 0.956589 4.70818 
0.941527 -0.00493346 0.336901 0.816721 0.00248703 0.999967 0.00769274 -0.341738 -0.336928 -0.00640504 0.941509 4.97452 
0.921915 -0.0074354 0.387322 0.977033 0.0051003 0.999962 0.00705635 -0.356698 -0.387359 -0.00452989 0.921918 5.22723 
0.897554 -0.0114232 0.440756 1.16061 0.00898887 0.999931 0.00761067 -0.366422 -0.440813 -0.00286909 0.897594 5.47057 
0.868174 -0.018185 0.495927 1.36875 0.0136301 0.999825 0.0128013 -0.38048 -0.496073 -0.00435419 0.86827 5.71864 
0.834498 -0.0245387 0.550464 1.59662 0.0166397 0.999675 0.019338 -0.402625 -0.55076 -0.00697797 0.834635 5.94971 
0.796593 -0.0253333 0.603984 1.84035 0.0161652 0.999657 0.020609 -0.416746 -0.604299 -0.00665348 0.79673 6.17984 
0.753885 -0.0266665 0.656465 2.10964 0.0142526 0.999605 0.0242376 -0.434686 -0.656852 -0.00891598 0.753967 6.40009 
0.706876 -0.0314684 0.706638 2.39054 0.0135436 0.999429 0.030959 -0.439167 -0.707208 -0.0123138 0.706898 6.60163 
0.656794 -0.0382551 0.753099 2.71201 0.0179943 0.999223 0.0350642 -0.446078 -0.753855 -0.00947843 0.656972 6.78644 
0.602524 -0.0434017 0.79692 3.05455 0.0240825 0.999054 0.0362024 -0.454554 -0.797738 -0.00262094 0.602999 6.95673 
0.544679 -0.0465253 0.837353 3.41108 0.0259562 0.998917 0.0386182 -0.465155 -0.838243 0.000699921 0.545297 7.11112 
0.483905 -0.0506918 0.873651 3.79381 0.0256368 0.998714 0.0437483 -0.461441 -0.874745 0.00122759 0.484582 7.25299 
0.420095 -0.0521821 0.905979 4.1735 0.0202641 0.998636 0.0481226 -0.465116 -0.907254 -0.00185721 0.420579 7.37328 
0.35503 -0.0566973 0.933134 4.58879 0.0181199 0.998389 0.0537682 -0.462462 -0.934679 -0.00218105 0.355486 7.46929 
0.290394 -0.0664717 0.954596 5.03493 0.0223403 0.997783 0.062683 -0.465931 -0.956646 0.00312315 0.291235 7.52514 
0.223177 -0.0696893 0.972284 5.54591 0.0163969 0.997568 0.0677379 -0.459669 -0.97464 0.000824893 0.223777 7.58089 
0.158136 -0.0709827 0.984863 6.00444 0.00766055 0.997471 0.0706614 -0.45405 -0.987388 -0.00362951 0.15828 7.61748 
0.0965295 -0.074949 0.992504 6.53155 -0.00353838 0.997129 0.0756423 -0.449618 -0.995324 -0.0108136 0.0959871 7.63407 
0.0311522 -0.0656622 0.997356 7.06123 0.0050554 0.997837 0.0655361 -0.451937 -0.999502 0.00300044 0.0314168 7.60496 
-0.0312308 -0.0569077 0.997891 7.58676 0.00989737 0.998311 0.0572414 -0.459743 -0.999463 0.0116642 -0.0306148 7.54683 
-0.0863212 -0.0549112 0.994753 8.16796 0.0117535 0.998354 0.0561299 -0.448453 -0.996198 0.0165371 -0.0855337 7.47538 
-0.135713 -0.0593392 0.98897 8.81609 0.0031181 0.998174 0.0603194 -0.403659 -0.990743 0.0112699 -0.135281 7.38643 
-0.177903 -0.0756189 0.981138 9.43175 0.00699419 0.996921 0.0781035 -0.383848 -0.984023 0.0207571 -0.176826 7.26248 
-0.213633 -0.0822523 0.973445 10.0979 0.013691 0.996099 0.0871711 -0.353048 -0.976818 0.0319501 -0.211674 7.09183 
-0.245729 -0.0733762 0.966557 10.8175 0.0150358 0.996722 0.0794887 -0.293669 -0.969222 0.0340657 -0.24382 6.91797 
-0.270074 -0.0656391 0.960599 11.5098 0.0150854 0.997263 0.0723856 -0.248533 -0.962721 0.0340406 -0.268345 6.71198 
-0.289344 -0.0679536 0.95481 12.2274 0.0139918 0.99707 0.0752013 -0.231414 -0.957123 0.0351185 -0.287546 6.49649 
-0.306358 -0.0706499 0.949291 12.9411 0.0136348 0.996814 0.078587 -0.20826 -0.951819 0.0370191 -0.304418 6.25728 
-0.321891 -0.0711994 0.944096 13.7017 0.0130967 0.996738 0.0796348 -0.183047 -0.946686 0.0379983 -0.319909 5.9972 
-0.337274 -0.0715888 0.938681 14.5318 0.0118094 0.996704 0.0802572 -0.156209 -0.941332 0.0381539 -0.335317 5.72995 
-0.350104 -0.0726656 0.933888 15.3728 0.0127854 0.996523 0.0823323 -0.117057 -0.936624 0.040765 -0.347958 5.41189 
-0.362051 -0.0769782 0.928974 16.1422 0.0127607 0.996082 0.0875122 -0.0858791 -0.932071 0.0435383 -0.35965 5.13119 
-0.373215 -0.078694 0.924401 16.8751 0.0124938 0.995879 0.089823 -0.0569297 -0.927661 0.0450725 -0.370694 4.83164 
-0.384205 -0.0786067 0.919896 17.5736 0.0106299 0.995926 0.0895433 -0.0343666 -0.923187 0.0441813 -0.381804 4.55284 
-0.395312 -0.0774986 0.915272 18.3345 0.00886525 0.996066 0.0881686 -0.00574492 -0.918504 0.0429682 -0.393069 4.23928 
-0.405273 -0.0762444 0.911011 19.0947 0.00561041 0.99629 0.0858775 0.0206882 -0.914179 0.039915 -0.403342 3.93403 
-0.412928 -0.0741902 0.907737 19.8363 0.00757194 0.996363 0.0848781 0.049725 -0.910732 0.0419219 -0.410864 3.61248 
-0.419763 -0.0785208 0.904231 20.6379 0.00648169 0.995966 0.0894957 0.0854466 -0.907611 0.0434279 -0.417561 3.22992 
-0.426911 -0.0804133 0.900711 21.4521 0.00417608 0.995852 0.0908866 0.118903 -0.904284 0.042562 -0.424805 2.87672 
-0.431061 -0.075009 0.8992 22.1408 0.0074186 0.996211 0.0866577 0.153251 -0.902292 0.0440255 -0.428871 2.52905 
-0.433843 -0.0734219 0.897992 22.9667 0.00830573 0.996306 0.0854731 0.179284 -0.90095 0.0445404 -0.431631 2.13687 
-0.435019 -0.0732197 0.89744 23.7598 0.0110866 0.996177 0.0866495 0.201766 -0.900353 0.0476437 -0.432544 1.74687 
-0.435733 -0.0761343 0.89685 24.5521 0.011783 0.995848 0.090263 0.22416 -0.899999 0.0498981 -0.433026 1.39949 
-0.433365 -0.0769105 0.897931 25.3493 0.0109926 0.995827 0.0906009 0.283798 -0.901152 0.0491338 -0.430711 1.04118 
-0.430287 -0.0764508 0.899449 26.189 0.01048 0.995917 0.0896639 0.311716 -0.902631 0.0480075 -0.427729 0.654768 
-0.427308 -0.0751107 0.90098 26.9732 0.013248 0.995916 0.0893081 0.344924 -0.904009 0.0500983 -0.424568 0.298209 
-0.423993 -0.0760189 0.902469 27.8136 0.0172659 0.995611 0.0919765 0.374253 -0.905501 0.0545793 -0.42082 -0.0952479 
-0.421059 -0.0720137 0.90417 28.7655 0.0298973 0.9952 0.0931866 0.427614 -0.90654 0.0662693 -0.416885 -0.555465 
-0.419089 -0.0639571 0.90569 29.545 0.0438881 0.994923 0.0905668 0.473584 -0.906884 0.0777046 -0.414155 -0.921903 
-0.417799 -0.0783222 0.905157 30.3475 0.0230612 0.995042 0.0967443 0.517281 -0.908247 0.0612937 -0.413921 -1.2508 
-0.415594 -0.0974591 0.904314 31.1896 -0.00396678 0.994428 0.105348 0.553146 -0.909542 0.0401946 -0.413664 -1.58316 
-0.413225 -0.0909788 0.906073 32.0217 0.0127888 0.994319 0.105672 0.575069 -0.910539 0.0552539 -0.409714 -1.97782 
-0.415119 -0.0646983 0.907464 32.8096 0.0108659 0.997044 0.0760556 0.599633 -0.909702 0.0414325 -0.413189 -2.33875 
-0.418272 -0.0621891 0.906191 33.6238 -0.00710622 0.997847 0.0651992 0.64544 -0.908294 0.0208314 -0.417813 -2.68036 
-0.415712 -0.0824437 0.905752 34.4375 -0.00397007 0.996038 0.0888397 0.666516 -0.909488 0.0333358 -0.414393 -3.04376 
-0.415028 -0.113432 0.90271 35.2485 0.00427068 0.991944 0.126608 0.692688 -0.909799 0.056401 -0.4112 -3.41803 
-0.4164 -0.112787 0.902158 36.0595 0.00769315 0.991803 0.127545 0.742976 -0.909149 0.0600501 -0.412119 -3.79069 
-0.417078 -0.0923363 0.904168 36.829 0.00602391 0.994523 0.104342 0.790737 -0.908851 0.0489655 -0.414237 -4.12993 
-0.417291 -0.0850679 0.904783 37.6061 0.00285823 0.995481 0.0949136 0.836558 -0.908769 0.0421926 -0.415162 -4.46999 
-0.417579 -0.0945199 0.903711 38.4103 0.00511899 0.994314 0.106362 0.865398 -0.908626 0.0490404 -0.414721 -4.8092 
-0.417116 -0.0987203 0.903476 39.2199 0.00962813 0.993548 0.113007 0.921637 -0.908802 0.0558359 -0.413474 -5.2163 
-0.41905 -0.0944387 0.903038 40.0972 0.0107515 0.99399 0.10894 0.993209 -0.907899 0.0553601 -0.415516 -5.63114 
-0.421559 -0.090434 0.90228 40.8962 0.0116389 0.994393 0.105104 1.04061 -0.906726 0.0548091 -0.418142 -5.99703 
-0.425234 -0.0889396 0.900703 41.7014 0.0122346 0.994504 0.103978 1.07034 -0.905001 0.0552348 -0.421809 -6.32709 
-0.428069 -0.0877891 0.899472 42.4789 0.0137511 0.994523 0.10361 1.12102 -0.903642 0.0567211 -0.424517 -6.70037 
-0.431368 -0.0847519 0.898186 43.2158 0.0193581 0.994479 0.103135 1.14054 -0.901968 0.0618763 -0.427346 -7.06498 
-0.434954 -0.0845469 0.896475 43.9459 0.020396 0.994402 0.103678 1.18676 -0.900222 0.0633798 -0.430794 -7.40822 
-0.4379 -0.0866458 0.894839 44.7208 0.02195 0.994018 0.106991 1.22711 -0.898756 0.0664929 -0.433378 -7.78346 
-0.439657 -0.0880811 0.893836 45.4971 0.0239663 0.993675 0.109708 1.26366 -0.897846 0.0696558 -0.434765 -8.16705 
-0.441384 -0.0872714 0.893064 46.2824 0.0257445 0.993618 0.109822 1.30886 -0.896949 0.071465 -0.436321 -8.55147 
-0.443813 -0.0867361 0.891912 47.0428 0.0246147 0.993749 0.108888 1.35955 -0.895781 0.07028 -0.438904 -8.91405 
-0.444028 -0.0874754 0.891733 47.7742 0.023948 0.993709 0.109403 1.39655 -0.895693 0.0699334 -0.43914 -9.25852 
-0.441635 -0.0878825 0.89288 48.4762 0.0264009 0.993487 0.110843 1.4268 -0.896806 0.0725251 -0.436438 -9.5981 
-0.43737 -0.0881792 0.894948 49.1941 0.0267463 0.993465 0.110957 1.46297 -0.898884 0.0724658 -0.432153 -9.93396 
-0.432118 -0.0881933 0.897494 49.9588 0.026275 0.993553 0.110283 1.50768 -0.901434 0.0712371 -0.427015 -10.2757 
-0.426184 -0.0904063 0.900107 50.689 0.0257749 0.993376 0.111978 1.5278 -0.904269 0.0709235 -0.421031 -10.6022 
-0.420124 -0.0907599 0.902917 51.4861 0.0267748 0.993313 0.112305 1.57303 -0.907072 0.0713572 -0.414884 -10.971 
-0.414015 -0.0902883 0.905781 52.205 0.0279211 0.993341 0.111778 1.60537 -0.909842 0.0715684 -0.408737 -11.2814 
-0.406969 -0.0881732 0.909177 52.9472 0.0310307 0.993421 0.110233 1.63445 -0.912915 0.073074 -0.401555 -11.6096 
-0.399685 -0.0874353 0.912473 53.6314 0.0313411 0.993555 0.108933 1.65672 -0.916117 0.0721368 -0.394368 -11.8964 
-0.392623 -0.0882852 0.915452 54.3837 0.0312007 0.99353 0.109196 1.69216 -0.91917 0.0714358 -0.387328 -12.1912 
-0.38567 -0.089647 0.918271 55.146 0.0307336 0.993468 0.109896 1.73378 -0.922125 0.0706054 -0.380396 -12.4859 
-0.378635 -0.0888902 0.921268 55.8868 0.0341684 0.993356 0.109889 1.75859 -0.924915 0.073086 -0.373083 -12.7743 
-0.372222 -0.0896865 0.9238 56.6517 0.0338277 0.993348 0.110068 1.78819 -0.927527 0.0722199 -0.366712 -13.0611 
-0.364126 -0.0927001 0.926725 57.44 0.0314975 0.993239 0.111729 1.82879 -0.930817 0.0698731 -0.358745 -13.3537 
-0.356641 -0.0960179 0.929294 58.1946 0.0306403 0.992967 0.114356 1.8678 -0.933739 0.0692578 -0.35119 -13.6262 
-0.348633 -0.0981135 0.93211 58.9536 0.0303964 0.992799 0.115871 1.88789 -0.936766 0.0687291 -0.34314 -13.8915 
-0.340357 -0.0954934 0.935435 59.6636 0.0317146 0.993098 0.112919 1.90955 -0.939761 0.0680998 -0.33498 -14.1372 
-0.330547 -0.0940359 0.939093 60.4903 0.0327544 0.993281 0.110991 1.94568 -0.943221 0.0674472 -0.325246 -14.418 
-0.31835 -0.0967247 0.943026 61.3088 0.0320454 0.993114 0.11268 1.99688 -0.947432 0.0660914 -0.313058 -14.6956 
-0.305792 -0.100503 0.946779 62.1374 0.0302151 0.992888 0.115157 2.03702 -0.951619 0.0638211 -0.300581 -14.9292 
-0.289923 -0.102704 0.951523 62.9038 0.031157 0.992685 0.11664 2.0636 -0.956543 0.0634632 -0.284603 -15.148 
-0.272545 -0.103018 0.956612 63.7048 0.0332129 0.992651 0.116362 2.07872 -0.96157 0.0634855 -0.267121 -15.3632 
-0.253135 -0.104271 0.961795 64.5551 0.0321966 0.992716 0.116097 2.1089 -0.966895 0.0603547 -0.247934 -15.5591 
-0.231473 -0.107015 0.966938 65.4076 0.0357827 0.992322 0.118391 2.09697 -0.972183 0.0620038 -0.225866 -15.7453 
-0.205537 -0.106763 0.972809 66.2399 0.0391113 0.992341 0.11717 2.10626 -0.977868 0.0621305 -0.199787 -15.9519 
-0.181815 -0.103635 0.977856 66.9733 0.0432639 0.992625 0.113245 2.13028 -0.98238 0.0628955 -0.175991 -16.065 
-0.157078 -0.102687 0.982233 67.751 0.0545696 0.992158 0.112451 2.14532 -0.986077 0.0712637 -0.150243 -16.1766 
-0.131015 -0.101826 0.986137 68.6123 0.059367 0.99212 0.110331 2.2197 -0.989601 0.0729991 -0.123938 -16.2747 
-0.105475 -0.0992581 0.989456 69.4189 0.0633192 0.992317 0.106295 2.23263 -0.992404 0.073863 -0.0983799 -16.328 
-0.0776882 -0.0984746 0.992102 70.215 0.0667196 0.992366 0.103725 2.27344 -0.994743 0.074251 -0.0705249 -16.3582 
-0.0511196 -0.101174 0.993555 71.0485 0.0738755 0.991747 0.10479 2.27966 -0.995956 0.0787562 -0.0432235 -16.3591 
-0.0228353 -0.105375 0.99417 71.8862 0.0773178 0.991265 0.106843 2.30937 -0.996745 0.0793069 -0.0144885 -16.3707 
0.00503976 -0.103153 0.994653 72.6451 0.0800633 0.991514 0.102422 2.3175 -0.996777 0.079119 0.0132557 -16.3183 
0.0367811 -0.0950407 0.994794 73.4306 0.0810601 0.992471 0.0918217 2.36573 -0.99603 0.0772608 0.0442081 -16.2725 
0.0660374 -0.0912636 0.993635 74.222 0.0831188 0.992851 0.0856674 2.38779 -0.994349 0.0769324 0.073151 -16.1917 
0.0958668 -0.0947709 0.990872 75.0191 0.0834072 0.992721 0.0868781 2.39108 -0.991894 0.0743172 0.103074 -16.086 
0.126842 -0.0994664 0.986923 75.7956 0.0837904 0.992478 0.0892573 2.39998 -0.988378 0.0713732 0.134222 -15.9653 
0.157834 -0.101086 0.982278 76.5612 0.0826756 0.992607 0.0888644 2.40379 -0.983999 0.0671845 0.165025 -15.8068 
0.18864 -0.0991059 0.977033 77.3461 0.0811864 0.993063 0.0850569 2.4272 -0.978685 0.0632767 0.195377 -15.6194 
0.219701 -0.0979877 0.970634 78.1072 0.0802704 0.993385 0.0821154 2.43241 -0.972259 0.0598724 0.226113 -15.4302 
0.250015 -0.0968731 0.963384 78.8611 0.0798545 0.993656 0.0791934 2.42826 -0.964943 0.057131 0.256165 -15.1827 
0.279858 -0.0971719 0.955111 79.6463 0.0804396 0.99374 0.0775322 2.42834 -0.956665 0.0551308 0.285923 -14.8842 
0.310041 -0.0984101 0.945616 80.3835 0.0814378 0.993722 0.0767153 2.41503 -0.947229 0.0532241 0.316109 -14.605 
0.339635 -0.0999247 0.935234 81.1072 0.0816835 0.993717 0.0765096 2.36739 -0.937004 0.0504079 0.345663 -14.2889 
0.369114 -0.0996836 0.924023 81.8123 0.0840387 0.993738 0.073634 2.34667 -0.925577 0.0504743 0.37518 -13.9655 
0.400315 -0.101161 0.910777 82.5662 0.086117 0.993643 0.0725135 2.3123 -0.912322 0.0494051 0.406482 -13.6209 
0.432957 -0.101419 0.895691 83.3572 0.0878668 0.993667 0.0700403 2.3052 -0.897122 0.048377 0.439126 -13.2673 
0.46349 -0.0999654 0.880445 84.1667 0.0892632 0.993829 0.0658484 2.33075 -0.881595 0.0480713 0.469553 -12.7975 
0.493781 -0.100049 0.863812 84.8622 0.0897019 0.99392 0.0638423 2.30587 -0.864947 0.0459615 0.499753 -12.3681 
0.522749 -0.0975207 0.84689 85.5131 0.0883352 0.994284 0.0599677 2.31949 -0.847897 0.0434622 0.528376 -11.9197 
0.55274 -0.0968805 0.827703 86.2283 0.0893631 0.994383 0.0567133 2.33189 -0.828549 0.0426184 0.558293 -11.4358 
0.581219 -0.0966725 0.807985 86.8638 0.0913102 0.994395 0.0532925 2.3272 -0.808608 0.0428026 0.586789 -10.9475 
0.60961 -0.098291 0.786584 87.448 0.0919106 0.994355 0.0530224 2.28677 -0.787355 0.0399724 0.615202 -10.4778 
0.636894 -0.0961714 0.764929 88.1104 0.093326 0.99451 0.0473308 2.27537 -0.765282 0.0412431 0.642373 -9.89615 
0.663009 -0.0970505 0.742294 88.6759 0.0964108 0.994373 0.0438952 2.23934 -0.742377 0.0424622 0.668635 -9.34377 
0.688392 -0.0992122 0.718522 89.2438 0.0995003 0.994153 0.0419429 2.20736 -0.718482 0.04262 0.694239 -8.77561 
0.711815 -0.0975084 0.695565 89.7681 0.0980661 0.994414 0.0390455 2.1874 -0.695487 0.0404182 0.717401 -8.17298 
0.734946 -0.096034 0.671292 90.2844 0.0969387 0.994633 0.03616 2.17435 -0.671162 0.0384985 0.740311 -7.5649 
0.756341 -0.0936589 0.647439 90.7898 0.0954516 0.994906 0.0324169 2.1496 -0.647177 0.0372809 0.761428 -6.92566 
0.775819 -0.0907289 0.624399 91.2827 0.0917256 0.995312 0.0306554 2.12309 -0.624253 0.0334903 0.780504 -6.26101 
0.792876 -0.0901691 0.602675 91.739 0.090705 0.995438 0.0296013 2.0862 -0.602595 0.0311955 0.797437 -5.61199 
0.808623 -0.0905363 0.581319 92.2027 0.0924862 0.995365 0.0263713 2.06146 -0.581012 0.0324396 0.813248 -4.9555 
0.823635 -0.0909082 0.559787 92.6806 0.0933256 0.995338 0.0243275 2.00436 -0.559389 0.0322055 0.828279 -4.2529 
0.83683 -0.0885591 0.540252 93.089 0.090178 0.995648 0.023526 1.9775 -0.539984 0.0290316 0.841174 -3.56006 
0.849659 -0.0882068 0.519903 93.4824 0.0898707 0.995709 0.0220596 1.94363 -0.519618 0.0279809 0.853941 -2.89264 
0.860759 -0.08881 0.501206 93.888 0.091128 0.99564 0.0199191 1.89559 -0.50079 0.0285283 0.865099 -2.16563 
0.870992 -0.0855848 0.483785 94.265 0.0892707 0.995887 0.0154587 1.86117 -0.483118 0.0297234 0.875051 -1.42826 
0.879749 -0.0860304 0.467589 94.6145 0.0903844 0.99582 0.0131637 1.82475 -0.466767 0.030682 0.883848 -0.743293 
0.887599 -0.0854111 0.452629 94.9582 0.0898435 0.995887 0.0117419 1.78141 -0.45177 0.0302437 0.891622 -0.041198 
0.894148 -0.0847298 0.439681 95.2949 0.088828 0.995983 0.0112902 1.73247 -0.438871 0.0289608 0.898083 0.678504 
0.899654 -0.0857814 0.428093 95.6092 0.089516 0.99592 0.0114412 1.69034 -0.427327 0.028028 0.903662 1.3642 
0.904369 -0.084301 0.418343 95.9143 0.0876434 0.996088 0.0112571 1.64788 -0.417655 0.0264844 0.908219 2.05804 
0.908359 -0.080645 0.410342 96.2078 0.0837373 0.996433 0.0104638 1.60038 -0.409722 0.0248561 0.911872 2.72551 
0.911488 -0.0741578 0.404586 96.5063 0.0779614 0.996931 0.00709203 1.56384 -0.403871 0.0250778 0.914472 3.45054 
0.913481 -0.0753302 0.399848 96.7987 0.0766864 0.996975 0.0126319 1.52085 -0.39959 0.0191239 0.916495 4.1617 
0.914916 -0.0769894 0.396235 97.1203 0.0759956 0.996941 0.0182325 1.47897 -0.396426 0.0134309 0.917968 4.90512 
0.915439 -0.0773956 0.394946 97.4125 0.0757429 0.996931 0.0198005 1.4389 -0.395266 0.0117882 0.918491 5.61004 
0.916773 -0.0784451 0.391629 97.7231 0.0810784 0.996659 0.00983715 1.4148 -0.391093 0.0227342 0.92007 6.32837 
0.917275 -0.0769989 0.390739 98.0204 0.0888649 0.995967 -0.0123488 1.358 -0.388213 0.0460502 0.920419 7.01815 
0.917767 -0.0644259 0.391859 98.2985 0.0911574 0.994582 -0.0499781 1.28758 -0.386516 0.0815891 0.918667 7.6938 
0.918628 -0.0610282 0.390383 98.6249 0.0906579 0.994197 -0.0579092 1.22522 -0.384584 0.0885883 0.918829 8.50748 
0.920145 -0.074801 0.384368 98.9666 0.0949732 0.994908 -0.033741 1.18696 -0.379886 0.0675512 0.922563 9.31903 
0.921085 -0.101567 0.375881 99.3071 0.102175 0.994597 0.0183751 1.11335 -0.375716 0.0214806 0.926486 10.1153 
0.921742 -0.107475 0.372613 99.5854 0.104403 0.994127 0.0284798 1.05312 -0.373485 0.0126507 0.92755 10.833 
0.922686 -0.0992351 0.372563 99.872 0.104503 0.994506 0.00608428 1.01584 -0.37112 0.0333199 0.927987 11.5569 
0.923392 -0.0926041 0.372522 100.196 0.10331 0.99461 -0.00883333 0.976757 -0.369696 0.0466418 0.927982 12.3678 
0.923555 -0.0937603 0.371828 100.512 0.100412 0.994945 0.00148071 0.924101 -0.370087 0.0359684 0.9283 13.1867 
0.923557 -0.0983172 0.370642 100.831 0.101212 0.994796 0.0116832 0.87918 -0.369862 0.0267234 0.928702 13.9727 
0.92312 -0.0983341 0.371726 101.145 0.103016 0.994653 0.00729513 0.843635 -0.370455 0.0315596 0.928314 14.7624 
0.923299 -0.0976973 0.37145 101.472 0.104314 0.994542 0.00229101 0.799916 -0.369646 0.0366321 0.92845 15.5456 
0.923821 -0.0969131 0.370354 101.79 0.102773 0.994697 0.00392987 0.764862 -0.368771 0.0344319 0.928882 16.35 
0.924558 -0.0965877 0.368597 102.105 0.102059 0.994767 0.00467452 0.717003 -0.36712 0.0332967 0.929578 17.1506 
0.925134 -0.0948421 0.367603 102.404 0.101707 0.994814 0.000700313 0.64604 -0.365763 0.03674 0.929983 17.9872 
0.925093 -0.0931159 0.368146 102.714 0.102097 0.994762 -0.00494676 0.595119 -0.365757 0.0421629 0.929755 18.9104 
0.925252 -0.0931713 0.367733 103.032 0.101979 0.994776 -0.00454553 0.541552 -0.365388 0.0417067 0.92992 19.7274 
0.92542 -0.0952463 0.366777 103.356 0.103216 0.994657 -0.00212934 0.484241 -0.364615 0.0398279 0.930306 20.5621 
0.92566 -0.0954155 0.366129 103.706 0.102718 0.99471 -0.000467902 0.436845 -0.364147 0.0380412 0.930564 21.4653 
0.925937 -0.0977472 0.364809 104.061 0.104935 0.994479 0.000120647 0.402955 -0.362807 0.0381697 0.931082 22.3363 
0.926111 -0.0962639 0.364763 104.387 0.103761 0.994602 -0.000959397 0.366709 -0.362701 0.0387366 0.9311 23.2787 
0.926307 -0.0950038 0.364596 104.74 0.103061 0.994671 -0.00265748 0.308075 -0.362401 0.0400374 0.931162 24.1669 
0.925894 -0.0922208 0.366355 105.055 0.100796 0.994898 -0.00430243 0.244861 -0.364089 0.0409107 0.930465 25.0119 
0.925133 -0.0907316 0.368641 105.373 0.0987874 0.995104 -0.00299517 0.196531 -0.366564 0.039188 0.929567 25.8771 
0.923708 -0.0885705 0.372718 105.699 0.0954058 0.995438 0.000105876 0.135249 -0.371027 0.0354617 0.927945 26.7354 
0.921725 -0.0913282 0.376938 106.015 0.0977076 0.995213 0.00220598 0.0635342 -0.375335 0.0347964 0.926236 27.6236 
0.920177 -0.0912153 0.380729 106.36 0.097479 0.995234 0.00284356 0.01258 -0.379174 0.0344965 0.924682 28.4896 
0.918952 -0.0906912 0.383799 106.699 0.096829 0.995295 0.00334363 -0.0413507 -0.382296 0.0340902 0.923411 29.3439 
0.918456 -0.0916628 0.384755 107.081 0.0977986 0.9952 0.00363611 -0.0890214 -0.383242 0.0342889 0.923011 30.2442 
0.917964 -0.0928789 0.385636 107.471 0.100125 0.994974 0.00129916 -0.153948 -0.383818 0.0374192 0.92265 31.1705 
0.918084 -0.0902136 0.385984 107.797 0.0988818 0.995096 -0.00261848 -0.194995 -0.383855 0.0405708 0.922502 32.0143 
0.918677 -0.0890506 0.38484 108.19 0.0977148 0.99521 -0.00297344 -0.256562 -0.382732 0.0403363 0.922978 32.9552 
0.918847 -0.0897827 0.384265 108.565 0.096749 0.995308 0.00120739 -0.329464 -0.38257 0.0360678 0.923222 33.8876 
0.919203 -0.0908933 0.38315 108.995 0.0975203 0.995231 0.00213742 -0.406456 -0.381517 0.0354002 0.923684 34.9158 
0.919179 -0.0901269 0.383388 109.367 0.0975323 0.995232 0.00012394 -0.461502 -0.381571 0.0372788 0.923587 35.8783 
0.919226 -0.087547 0.383873 109.74 0.0962149 0.995355 -0.00339408 -0.484169 -0.381793 0.0400542 0.92338 36.9053 
0.919045 -0.0873298 0.384357 110.09 0.0959931 0.995376 -0.00337169 -0.55276 -0.382286 0.0399944 0.923178 37.7799 
0.918762 -0.0881165 0.384853 110.477 0.0976493 0.995207 -0.00525486 -0.610318 -0.382546 0.0424086 0.922963 38.6802 
0.918751 -0.0865546 0.385234 110.85 0.0949664 0.995476 -0.00282259 -0.678655 -0.383247 0.0391775 0.922815 39.5665 
0.91875 -0.0868146 0.385178 111.282 0.0943515 0.995539 -0.000670132 -0.74582 -0.383402 0.0369578 0.922842 40.5555 
0.9183 -0.0886519 0.385831 111.653 0.0959403 0.995387 0.000365295 -0.83008 -0.384083 0.0366813 0.92257 41.4735 
0.91798 -0.0863695 0.387108 112.052 0.0942541 0.995547 -0.00139103 -0.869447 -0.385264 0.0377635 0.922033 42.425 
0.918013 -0.0872518 0.386832 112.433 0.0942605 0.995547 0.000855511 -0.938609 -0.385184 0.0356776 0.92215 43.3182 
0.918012 -0.0863499 0.387037 112.895 0.0938098 0.99559 -0.000386062 -0.968929 -0.385297 0.0366623 0.922064 44.3068 
0.917558 -0.0869467 0.38798 113.27 0.0953726 0.995439 -0.00247374 -1.01431 -0.385995 0.0392724 0.921665 45.2126 
0.917551 -0.0869455 0.387996 113.656 0.0958789 0.995386 -0.00368406 -1.07138 -0.385886 0.0405809 0.921654 46.1453 
0.917262 -0.0878297 0.388478 114.069 0.0970804 0.995268 -0.00420642 -1.12785 -0.386271 0.041572 0.921448 47.0803 
0.916801 -0.0887561 0.389356 114.446 0.0979287 0.995186 -0.00372981 -1.19024 -0.387151 0.0415486 0.92108 47.9921 
0.916759 -0.0878974 0.38965 114.795 0.0968237 0.995296 -0.00328501 -1.24633 -0.387528 0.0407389 0.920957 48.8016 
0.9162 -0.0904243 0.390386 115.182 0.0998179 0.994998 -0.00379414 -1.29474 -0.388091 0.0424438 0.920643 49.7238 
0.915773 -0.0913488 0.39117 115.577 0.100597 0.994922 -0.0031686 -1.37289 -0.388895 0.0422525 0.920313 50.6844 
0.915121 -0.0899481 0.393018 115.968 0.0989983 0.995084 -0.00277222 -1.43369 -0.390836 0.041445 0.919527 51.6316 
0.915483 -0.0860008 0.393057 116.337 0.0958251 0.995384 -0.00540009 -1.49023 -0.390778 0.0426085 0.919498 52.4677 
0.915178 -0.0864986 0.393658 116.73 0.0962442 0.995345 -0.0050417 -1.56145 -0.39139 0.0425014 0.919243 53.4168 
0.914529 -0.0868854 0.395079 117.099 0.0957369 0.995403 -0.00270381 -1.61171 -0.393027 0.0402963 0.918643 54.3076 
0.91406 -0.084189 0.396745 117.467 0.0931072 0.995651 -0.00323297 -1.67403 -0.394748 0.039895 0.917923 55.1941 
0.91399 -0.0855663 0.396611 117.87 0.0959467 0.995366 -0.00636547 -1.73546 -0.394229 0.0438715 0.917965 56.0773 
0.913156 -0.0839151 0.398878 118.219 0.0943382 0.995519 -0.00653446 -1.81151 -0.396542 0.0435964 0.916981 56.9624 
0.912287 -0.0851315 0.400605 118.546 0.0946097 0.995507 -0.00389969 -1.89428 -0.398473 0.0414588 0.916242 57.7389 
0.911449 -0.0801135 0.403539 118.877 0.090766 0.995845 -0.00730502 -1.94373 -0.401277 0.0432857 0.914933 58.6178 
0.911062 -0.0786969 0.404688 119.331 0.0900684 0.995894 -0.00910367 -1.97215 -0.40231 0.0447436 0.91441 59.638 
0.910964 -0.0796301 0.404727 119.711 0.0903554 0.995882 -0.00743298 -2.03713 -0.402469 0.0433405 0.914407 60.517 
0.911057 -0.0797203 0.4045 120.094 0.0901339 0.995907 -0.00673213 -2.08996 -0.402307 0.0425925 0.914513 61.3662 
0.91126 -0.077436 0.404486 120.477 0.0887134 0.996015 -0.00918089 -2.14025 -0.402163 0.0442495 0.914498 62.281 
0.911833 -0.0783252 0.403022 120.901 0.089782 0.995915 -0.00957985 -2.20661 -0.400625 0.0449193 0.91514 63.2273 
0.912292 -0.078565 0.401933 121.302 0.0899594 0.9959 -0.00951986 -2.26977 -0.399537 0.0448425 0.91562 64.1701 
0.912645 -0.0777822 0.401284 121.644 0.0904302 0.995823 -0.0126429 -2.32832 -0.398625 0.0478267 0.915866 64.9744 
0.913007 -0.0778958 0.400439 121.96 0.091014 0.995754 -0.0138133 -2.38177 -0.397663 0.0490571 0.916219 65.7532 
0.913165 -0.0788813 0.399885 122.33 0.0914425 0.995733 -0.012397 -2.4351 -0.397201 0.047887 0.916481 66.5941 
0.913256 -0.0790497 0.399642 122.715 0.0912189 0.995765 -0.0114886 -2.50726 -0.397041 0.046947 0.916599 67.5151 
0.913349 -0.0777852 0.399679 123.065 0.0898741 0.995886 -0.0115624 -2.57095 -0.397135 0.0464813 0.916582 68.3549 
0.913275 -0.0772717 0.399947 123.424 0.089094 0.995962 -0.0110205 -2.6424 -0.397481 0.0456977 0.916472 69.1915 
0.913528 -0.0774118 0.399341 123.83 0.0893341 0.995938 -0.0112983 -2.69547 -0.396844 0.0459961 0.916733 70.0612 
0.913217 -0.0777004 0.399996 124.23 0.0904817 0.995811 -0.0131364 -2.77497 -0.3973 0.0481887 0.916423 70.9865 
0.91311 -0.0775531 0.400269 124.545 0.0913145 0.995703 -0.0153905 -2.8398 -0.397355 0.0506036 0.916269 71.7114 
0.91299 -0.0772155 0.400608 124.916 0.0916966 0.995641 -0.0170722 -2.89578 -0.397543 0.0523212 0.91609 72.5637 
0.912707 -0.0770418 0.401286 125.285 0.0920133 0.995593 -0.018139 -2.96758 -0.39812 0.0534793 0.915773 73.4364 
0.912594 -0.0782679 0.401305 125.634 0.0930715 0.995506 -0.0174939 -3.04825 -0.398132 0.0533149 0.915778 74.2378 
0.912692 -0.0789466 0.400951 125.97 0.0938117 0.995435 -0.0175457 -3.11137 -0.397735 0.0536277 0.915932 74.9853 
0.912584 -0.0798289 0.401021 126.323 0.0940795 0.995437 -0.0159362 -3.19443 -0.397919 0.0522709 0.91593 75.7914 
0.912299 -0.0805395 0.401527 126.625 0.0946655 0.99539 -0.0154289 -3.26021 -0.398433 0.0520866 0.915717 76.5671 
0.912293 -0.0811474 0.401418 126.938 0.0950373 0.995364 -0.0147744 -3.33168 -0.398358 0.0516282 0.915776 77.2987 
0.912342 -0.0808259 0.401371 127.289 0.0951813 0.995333 -0.0159188 -3.40242 -0.398211 0.0527264 0.915777 78.0895 
0.912367 -0.0793202 0.401615 127.633 0.0943114 0.995386 -0.0176598 -3.45382 -0.398361 0.0539891 0.915638 78.879 
0.912356 -0.0795958 0.401585 127.956 0.0953587 0.995254 -0.0193808 -3.50465 -0.398136 0.0559768 0.915617 79.6079 
0.912388 -0.0805608 0.401319 128.296 0.096701 0.995111 -0.0200886 -3.57222 -0.397739 0.0571366 0.915718 80.383 
0.912499 -0.0822933 0.400715 128.628 0.0980641 0.994999 -0.0189702 -3.63724 -0.39715 0.0566061 0.916006 81.1157 
0.91282 -0.0825771 0.399926 128.953 0.0976945 0.995062 -0.0175236 -3.70849 -0.396504 0.0550665 0.91638 81.8745 
0.912733 -0.0827783 0.400083 129.265 0.0984945 0.994959 -0.0188414 -3.76131 -0.396507 0.0566031 0.916285 82.6451 
0.913234 -0.0816978 0.399161 129.598 0.0978257 0.994999 -0.0201634 -3.82429 -0.395518 0.0574621 0.916659 83.3737 
0.913165 -0.0816526 0.399327 129.924 0.0981864 0.994945 -0.0210869 -3.90197 -0.395586 0.0584644 0.916566 84.1384 
0.913577 -0.0817612 0.398362 130.243 0.0988323 0.99485 -0.0224691 -3.97197 -0.394473 0.0598982 0.916953 84.8731 
0.913741 -0.0799621 0.39835 130.554 0.0976159 0.99493 -0.0241973 -4.03641 -0.394396 0.0609953 0.916914 85.6002 
0.913948 -0.0798894 0.39789 130.871 0.0980051 0.994863 -0.0253652 -4.10646 -0.393819 0.0621777 0.917082 86.3548 
0.914319 -0.0810434 0.396804 131.23 0.0981139 0.994912 -0.0228736 -4.17504 -0.392931 0.0598458 0.917618 87.1677 
0.91457 -0.0829074 0.395839 131.57 0.0997549 0.994766 -0.0221288 -4.24371 -0.391933 0.0597252 0.918053 87.9449 
0.915178 -0.0798052 0.395069 131.884 0.0969079 0.995016 -0.0234909 -4.30982 -0.391225 0.0597837 0.918351 88.7114 
0.915673 -0.0802776 0.393826 132.207 0.0972982 0.99498 -0.0234082 -4.37985 -0.38997 0.0597528 0.918887 89.4798 
0.916057 -0.0794997 0.393089 132.527 0.096715 0.995019 -0.0241494 -4.44636 -0.389211 0.0601398 0.919183 90.258 
0.916215 -0.0800412 0.392612 132.843 0.0969727 0.995011 -0.0234481 -4.5185 -0.388776 0.0595561 0.919405 91.0044 
0.916383 -0.0808533 0.392052 133.154 0.0979938 0.994901 -0.0238714 -4.60704 -0.388123 0.0602941 0.919633 91.7514 
0.916429 -0.0828563 0.391527 133.459 0.0998318 0.994735 -0.0231624 -4.6842 -0.387546 0.0603135 0.919875 92.5003 
0.916631 -0.0848285 0.390629 133.775 0.101691 0.994558 -0.022647 -4.75439 -0.386582 0.0604825 0.92027 93.2568 
0.916816 -0.0858363 0.389975 134.088 0.101735 0.994605 -0.0202559 -4.831 -0.386133 0.0582451 0.920603 94.0039 
0.916648 -0.0850326 0.390547 134.397 0.100695 0.994721 -0.019763 -4.89415 -0.386804 0.0574419 0.920371 94.7652 
0.916067 -0.0841037 0.392108 134.705 0.0993003 0.994884 -0.0185976 -4.95975 -0.388538 0.0559731 0.919731 95.5229 
0.915938 -0.0843166 0.392363 135.029 0.0975009 0.99514 -0.0137574 -5.02838 -0.389296 0.0508567 0.919708 96.2929 
0.915572 -0.0843963 0.393199 135.336 0.0964342 0.995279 -0.0109221 -5.09075 -0.390421 0.0479178 0.919389 97.0842 
0.914979 -0.088336 0.393714 135.647 0.0962438 0.995358 -0.000343017 -5.15915 -0.391856 0.0382064 0.919233 97.8183 
0.91541 -0.0921235 0.391838 135.993 0.0909256 0.995622 0.0216569 -5.198 -0.392118 0.0158032 0.919779 98.6247 
0.915286 -0.0985971 0.39055 136.291 0.0914457 0.995126 0.0369156 -5.23865 -0.392286 0.00192577 0.919841 99.3317 
0.91518 -0.098721 0.390768 136.569 0.0911975 0.995115 0.0378142 -5.28054 -0.392592 0.00103021 0.919712 100.045 
0.914755 -0.0939499 0.392934 136.846 0.091305 0.995497 0.0254626 -5.31213 -0.393557 0.0125848 0.919214 100.705 
0.914402 -0.0902402 0.39462 137.138 0.0916635 0.995673 0.0152864 -5.33495 -0.394292 0.0221944 0.918717 101.426 
0.913906 -0.0885037 0.39616 137.417 0.0892389 0.995872 0.0166155 -5.38025 -0.395995 0.0201679 0.918031 102.133 
0.913875 -0.0885171 0.396228 137.703 0.089847 0.995839 0.0152432 -5.41961 -0.395928 0.0216695 0.918026 102.797 
0.913955 -0.0872049 0.396335 137.986 0.0874894 0.996013 0.017399 -5.46148 -0.396272 0.0187732 0.917941 103.478 
0.913883 -0.0861107 0.39674 138.277 0.0861844 0.996122 0.0176799 -5.4968 -0.396724 0.0180354 0.917761 104.162 
0.914216 -0.0816529 0.396916 138.539 0.081537 0.996522 0.0171989 -5.55114 -0.39694 0.0166398 0.917694 104.778 
0.914134 -0.0747682 0.398458 138.796 0.0758935 0.997032 0.0129737 -5.59098 -0.398245 0.0183806 0.917095 105.422 
0.914193 -0.0747918 0.398319 139.07 0.0762286 0.997015 0.0122536 -5.63516 -0.398047 0.0191612 0.917165 106.055 
0.91455 -0.0758904 0.397289 139.328 0.0772599 0.996932 0.012584 -5.68122 -0.397025 0.0191858 0.917607 106.646 
0.915275 -0.0706924 0.396578 139.573 0.0720672 0.997334 0.0114546 -5.72412 -0.396331 0.0180962 0.91793 107.227 
0.915858 -0.0694939 0.395443 139.821 0.0701579 0.997454 0.0128014 -5.76202 -0.395325 0.0160192 0.918401 107.825 
0.916505 -0.0715985 0.393564 140.069 0.0729771 0.997268 0.0114821 -5.81095 -0.393311 0.0181978 0.919225 108.414 
0.916596 -0.0726575 0.393158 140.314 0.074741 0.997153 0.0100297 -5.85307 -0.392767 0.0201918 0.919416 108.991 
0.917263 -0.0702026 0.392046 140.58 0.0721592 0.997345 0.00976221 -5.86476 -0.39169 0.0193352 0.919894 109.593 
0.91772 -0.070255 0.390966 140.808 0.0716505 0.997369 0.0110369 -5.89563 -0.390712 0.0178842 0.920339 110.141 
0.917883 -0.0727596 0.390123 141.048 0.0734119 0.997214 0.0132608 -5.9239 -0.390001 0.0164679 0.920667 110.71 
0.917743 -0.0779497 0.389449 141.281 0.0779378 0.996832 0.0158579 -5.94596 -0.389452 0.0157993 0.920911 111.249 
0.917698 -0.081427 0.388844 141.513 0.081052 0.996558 0.0173989 -5.96821 -0.388922 0.0155497 0.921139 111.779 
0.917421 -0.084627 0.388815 141.729 0.0841996 0.996283 0.0181733 -5.98644 -0.388908 0.0160655 0.921137 112.28 
0.917251 -0.0866847 0.388763 141.932 0.0868233 0.996074 0.0172486 -6.00368 -0.388732 0.0179324 0.921176 112.753 
0.917299 -0.0886114 0.388214 142.126 0.0890053 0.995886 0.017007 -6.02638 -0.388123 0.0189526 0.921413 113.212 
0.916797 -0.0930994 0.388351 142.305 0.0942803 0.995416 0.0160597 -6.0533 -0.388066 0.0218904 0.921372 113.621 
0.916626 -0.0961937 0.388 142.492 0.0991781 0.994993 0.0123783 -6.07094 -0.387248 0.0271349 0.921576 114.017 
0.916583 -0.0941959 0.388592 142.651 0.0991314 0.995047 0.00737848 -6.0884 -0.387362 0.0317586 0.921381 114.394 
0.916584 -0.0905857 0.389446 142.784 0.0965257 0.995321 0.00433423 -6.10432 -0.388017 0.0336189 0.921039 114.731 
0.916736 -0.0878744 0.389709 142.901 0.094414 0.99553 0.00238355 -6.11965 -0.388176 0.0346089 0.920935 115.015 
0.91704 -0.0867437 0.389248 143.009 0.0948178 0.995493 -0.0015387 -6.13896 -0.38736 0.0383187 0.921132 115.263 
0.917074 -0.0864393 0.389234 143.107 0.0955204 0.995419 -0.00399742 -6.15893 -0.387105 0.0408457 0.92113 115.494 
0.916834 -0.0860677 0.389882 143.195 0.0961109 0.995351 -0.00628444 -6.17584 -0.387528 0.0432337 0.920843 115.699 
0.916898 -0.084751 0.390019 143.273 0.095603 0.995384 -0.00845734 -6.18701 -0.387502 0.0450415 0.920768 115.888 
0.917017 -0.0843361 0.389829 143.346 0.0951213 0.99543 -0.00840677 -6.20001 -0.387339 0.0447902 0.920849 116.064 
0.917023 -0.0829921 0.390105 143.408 0.0936275 0.995573 -0.00828987 -6.21062 -0.38769 0.0441266 0.920733 116.215 
0.917118 -0.0829271 0.389894 143.462 0.0939116 0.995538 -0.00915876 -6.2227 -0.387395 0.0450153 0.920814 116.346 
0.917004 -0.082192 0.390318 143.512 0.0941942 0.995485 -0.0116712 -6.23191 -0.387596 0.0474682 0.920606 116.463 
0.916764 -0.0825786 0.390799 143.563 0.095798 0.995296 -0.0144167 -6.24241 -0.387771 0.0506545 0.920363 116.576 
0.91697 -0.081587 0.390525 143.613 0.0950435 0.995357 -0.0152202 -6.25254 -0.38747 0.0510734 0.920466 116.696 
0.917098 -0.0773694 0.391083 143.655 0.0902338 0.995814 -0.0145947 -6.25814 -0.388316 0.0486736 0.92024 116.825 
0.917245 -0.06943 0.392226 143.693 0.080387 0.996697 -0.0115594 -6.26903 -0.390128 0.0421327 0.919796 116.958 
0.918394 -0.0603926 0.391032 143.734 0.0676959 0.997694 -0.00490553 -6.2736 -0.389834 0.0309765 0.920364 117.109 
0.919471 -0.0711095 0.386674 143.804 0.0782167 0.996933 -0.00265507 -6.28567 -0.385299 0.0326856 0.922213 117.24 
0.916405 -0.0944284 0.388953 143.892 0.107497 0.994134 -0.0119209 -6.30172 -0.385546 0.0527358 0.92118 117.339 
0.913095 -0.104677 0.394081 143.97 0.123264 0.992128 -0.0220715 -6.3197 -0.388668 0.0687292 0.918811 117.447 
0.915027 -0.0920912 0.392741 144.002 0.111575 0.993389 -0.0270198 -6.34171 -0.387656 0.0685439 0.919252 117.572 
0.917723 -0.0691715 0.391151 144.014 0.088765 0.995532 -0.0322108 -6.3597 -0.387175 0.0642811 0.919763 117.705 
0.917884 -0.0569784 0.392738 144.046 0.0770685 0.996391 -0.0355636 -6.3754 -0.389294 0.0629109 0.918963 117.834 
0.917853 -0.0623276 0.391996 144.114 0.0834333 0.995825 -0.0370212 -6.38642 -0.388052 0.0666856 0.919222 117.961 
0.917257 -0.0704287 0.392019 144.186 0.0923448 0.995028 -0.0373078 -6.39918 -0.387443 0.0704218 0.9192 118.094 
0.916762 -0.0704823 0.393166 144.247 0.0927992 0.994959 -0.0380192 -6.41235 -0.388504 0.07134 0.918681 118.231 
0.917163 -0.0642669 0.393296 144.293 0.0864614 0.995493 -0.0389577 -6.43257 -0.38902 0.0697355 0.918586 118.38 
0.917064 -0.0605796 0.39411 144.35 0.0830827 0.995729 -0.0402712 -6.44652 -0.389987 0.0696751 0.91818 118.535 
0.916451 -0.0636914 0.395046 144.425 0.0868879 0.99537 -0.041089 -6.45534 -0.3906 0.0719807 0.917742 118.692 
0.915618 -0.0671358 0.396403 144.498 0.0910923 0.994961 -0.0418973 -6.47011 -0.391593 0.0744712 0.91712 118.848 
0.915116 -0.0636934 0.398128 144.568 0.0888974 0.995017 -0.0451498 -6.48006 -0.393268 0.0767098 0.916218 119.018 
0.914692 -0.051337 0.400878 144.625 0.0787994 0.995517 -0.0523107 -6.48859 -0.396396 0.0794371 0.914637 119.193 
0.914665 -0.0392404 0.402303 144.679 0.0702916 0.995554 -0.0627074 -6.49387 -0.398053 0.0856348 0.913357 119.363 
0.91621 -0.0565623 0.396686 144.78 0.0869127 0.994471 -0.0589403 -6.51597 -0.391159 0.0884788 0.91606 119.529 
0.913569 -0.0773411 0.399262 144.907 0.105207 0.993276 -0.0483208 -6.53707 -0.39284 0.0861494 0.915563 119.719 
0.911726 -0.0838502 0.40215 144.993 0.108302 0.993376 -0.0384108 -6.57287 -0.396266 0.0785738 0.914768 119.9 
0.913928 -0.0714873 0.399531 145.054 0.0929795 0.995065 -0.0346456 -6.59921 -0.395083 0.0688117 0.916065 120.103 
0.913438 -0.0599383 0.402541 145.12 0.0811003 0.996066 -0.0357172 -6.61472 -0.398816 0.0652716 0.914705 120.306 
0.912661 -0.0637227 0.403719 145.218 0.0865334 0.995505 -0.0384905 -6.62993 -0.399452 0.0700639 0.914073 120.51 
0.911962 -0.0741255 0.403523 145.335 0.0979312 0.994442 -0.0386494 -6.64974 -0.398415 0.0747643 0.914153 120.725 
0.910536 -0.0782218 0.405962 145.451 0.101979 0.994091 -0.0371858 -6.68315 -0.400655 0.0752587 0.913133 120.972 
0.910643 -0.0731922 0.406659 145.565 0.0965747 0.994629 -0.0372452 -6.71706 -0.401749 0.0731901 0.91282 121.247 
0.910709 -0.0686672 0.4073 145.684 0.0905886 0.995282 -0.0347572 -6.74807 -0.402992 0.0685505 0.912633 121.539 
0.909962 -0.0716947 0.408447 145.823 0.0919976 0.9953 -0.0302529 -6.78571 -0.404358 0.0651051 0.912281 121.84 
0.908942 -0.0785904 0.409448 145.986 0.0994452 0.994595 -0.0298555 -6.81783 -0.404889 0.0678546 0.911845 122.176 
0.907834 -0.0841567 0.410798 146.166 0.10632 0.993837 -0.0313596 -6.85279 -0.405627 0.0721452 0.911187 122.529 
0.906755 -0.0852658 0.412947 146.333 0.107874 0.993659 -0.031699 -6.8987 -0.407626 0.0732894 0.910203 122.887 
0.905545 -0.0867368 0.415289 146.506 0.108585 0.993657 -0.0292377 -6.93115 -0.410119 0.0715703 0.909219 123.249 
0.903069 -0.0864574 0.420703 146.674 0.108186 0.993736 -0.0280089 -6.96376 -0.415646 0.0708081 0.906766 123.604 
0.899835 -0.0852013 0.427829 146.848 0.108985 0.993549 -0.0313609 -7.00177 -0.422397 0.0748466 0.903315 123.948 
0.895188 -0.0815352 0.438166 147.022 0.107442 0.993609 -0.0346143 -7.03919 -0.432544 0.0780639 0.898227 124.302 
0.888722 -0.0847967 0.450535 147.206 0.111449 0.993225 -0.0329049 -7.07221 -0.444693 0.0794549 0.892152 124.63 
0.879273 -0.0912474 0.467496 147.402 0.118401 0.992543 -0.0289628 -7.10592 -0.461367 0.0808184 0.883521 124.953 
