1 0 0 0 0 1 0 0 0 0 1 0 
0.999989 0.000474804 0.00457111 0.000555786 -0.00046567 0.999998 -0.00199904 -0.0235198 -0.00457205 0.00199689 0.999988 0.37777 
0.999945 0.00172313 0.0103019 0.00356914 -0.00167962 0.99999 -0.00423099 -0.0426932 -0.0103091 0.00421346 0.999938 0.73827 
0.99985 0.00367978 0.0169101 0.00762215 -0.00357874 0.999976 -0.00600143 -0.0617344 -0.0169317 0.00594002 0.999839 1.08109 
0.999689 0.0045102 0.0245092 0.0179147 -0.00430581 0.999956 -0.00838561 -0.0821267 -0.024546 0.00827748 0.999664 1.42217 
0.999402 0.00542282 0.0341606 0.0330169 -0.00512048 0.999947 -0.00893176 -0.102387 -0.0342072 0.0087515 0.999376 1.76296 
0.998938 0.00513278 0.0457931 0.0568597 -0.00474686 0.999952 -0.00853235 -0.127277 -0.0458347 0.00830591 0.998915 2.10013 
0.998242 0.00412822 0.05912 0.085215 -0.00375173 0.999972 -0.00647779 -0.152863 -0.0591451 0.0062446 0.99823 2.4324 
0.997199 0.00277785 0.0747368 0.120345 -0.0024308 0.999986 -0.00473409 -0.176268 -0.0747489 0.00453916 0.997192 2.758 
0.995619 0.00301346 0.093458 0.162934 -0.00264156 0.999988 -0.00410274 -0.203717 -0.0934693 0.00383789 0.995615 3.07192 
0.993268 0.00296837 0.115798 0.211081 -0.00252 0.999989 -0.00401815 -0.222944 -0.115809 0.00369929 0.993265 3.37457 
0.989821 0.00362974 0.142269 0.278269 -0.00296529 0.999984 -0.00488209 -0.240159 -0.142285 0.00441052 0.989816 3.67016 
0.984859 0.00378792 0.173315 0.357441 -0.00256281 0.99997 -0.0072919 -0.259123 -0.173337 0.00673732 0.984839 3.96376 
0.977922 0.00235436 0.208959 0.457905 -0.000980135 0.999977 -0.00667982 -0.273571 -0.20897 0.00632754 0.977902 4.26911 
0.968532 -7.84675e-05 0.248888 0.578682 0.000363091 0.999999 -0.00109768 -0.29282 -0.248888 0.0011535 0.968532 4.57921 
0.956773 -0.00302961 0.290819 0.714648 0.00188102 0.999989 0.004229 -0.312846 -0.290829 -0.00349915 0.956769 4.87626 
0.941649 -0.00510675 0.336559 0.863409 0.00326747 0.999976 0.0060311 -0.326356 -0.336582 -0.00457948 0.941643 5.15908 
0.92215 -0.00740203 0.386761 1.03165 0.00593294 0.99997 0.00499208 -0.336082 -0.386786 -0.00230881 0.922166 5.42709 
0.897781 -0.0122204 0.440272 1.22598 0.010889 0.999925 0.00555006 -0.345762 -0.440307 -0.000188633 0.897847 5.69041 
0.868875 -0.0195485 0.494646 1.4541 0.0164632 0.999808 0.010594 -0.355772 -0.494758 -0.00106144 0.86903 5.9484 
0.835513 -0.0262148 0.548846 1.69434 0.0208442 0.999654 0.0160158 -0.367295 -0.549076 -0.00194116 0.83577 6.19153 
0.797761 -0.0265596 0.602389 1.94254 0.0207304 0.999647 0.0166211 -0.373554 -0.602617 -0.000771891 0.79803 6.42317 
0.755207 -0.0280567 0.654885 2.21906 0.0200167 0.999605 0.0197421 -0.383357 -0.65518 -0.00180078 0.75547 6.65157 
0.708566 -0.033275 0.704859 2.52398 0.0200685 0.999434 0.0270073 -0.389268 -0.705359 -0.00499101 0.708833 6.86766 
0.658397 -0.0400344 0.751605 2.85262 0.0242723 0.999194 0.0319601 -0.402054 -0.752279 -0.00279926 0.658839 7.06171 
0.604195 -0.0446852 0.795583 3.1985 0.0300179 0.998994 0.0333134 -0.409481 -0.796271 0.00375399 0.604928 7.23835 
0.546979 -0.048382 0.835747 3.56278 0.0330537 0.998798 0.0361883 -0.415123 -0.836494 0.00783029 0.547921 7.39272 
0.486308 -0.0527329 0.872195 3.94888 0.0326192 0.998577 0.0421865 -0.420903 -0.873178 0.00793464 0.487336 7.53729 
0.423172 -0.0555164 0.904347 4.34562 0.0297922 0.998434 0.0473516 -0.420357 -0.905559 0.00690459 0.424163 7.65346 
0.357498 -0.06044 0.931956 4.79601 0.0276659 0.998151 0.0541203 -0.419091 -0.933504 0.00643554 0.358509 7.77424 
0.292128 -0.0696382 0.953841 5.27493 0.0302912 0.997519 0.0635499 -0.417908 -0.955899 0.0103282 0.293512 7.85205 
0.225295 -0.0732995 0.971529 5.76932 0.0263386 0.99726 0.0691329 -0.414983 -0.973934 0.0100134 0.226608 7.91045 
0.160559 -0.0745336 0.984208 6.2978 0.0175858 0.997203 0.0726488 -0.403407 -0.98687 0.00564365 0.161421 7.94749 
0.0995613 -0.0779361 0.991975 6.84216 0.00649258 0.996958 0.0776759 -0.391451 -0.99501 -0.00129304 0.0997644 7.95931 
0.0348202 -0.0683033 0.997057 7.39917 0.0134961 0.997603 0.0678693 -0.390291 -0.999302 0.0110932 0.0356586 7.91895 
-0.0260047 -0.0595297 0.997888 7.97306 0.0218723 0.997952 0.0601035 -0.388337 -0.999423 0.0233891 -0.0246494 7.8455 
-0.0807572 -0.0573945 0.99508 8.58775 0.0225924 0.997979 0.0593952 -0.372261 -0.996478 0.0272778 -0.0792973 7.7563 
-0.129763 -0.0636672 0.989499 9.23428 0.0127953 0.997746 0.0658758 -0.350843 -0.991462 0.0212092 -0.128656 7.65508 
-0.171312 -0.0803765 0.981933 9.90685 0.0171212 0.996273 0.0845374 -0.334909 -0.985068 0.0312941 -0.169297 7.51076 
-0.207249 -0.0878706 0.974334 10.5945 0.0224039 0.99527 0.0945243 -0.314624 -0.978032 0.0414189 -0.2043 7.3378 
-0.238681 -0.0812841 0.96769 11.277 0.0241573 0.995685 0.089594 -0.287077 -0.970798 0.0447611 -0.235687 7.14916 
-0.263488 -0.075148 0.961731 11.9713 0.0226516 0.996204 0.0840476 -0.256342 -0.964397 0.0439303 -0.260786 6.94936 
-0.282841 -0.0777432 0.956011 12.7134 0.02111 0.995964 0.0872377 -0.231308 -0.958934 0.0448558 -0.280058 6.71998 
-0.300181 -0.0810144 0.950436 13.4794 0.0205828 0.995605 0.0913653 -0.209116 -0.95366 0.0469887 -0.297194 6.47042 
-0.315676 -0.0822573 0.945295 14.2614 0.0195905 0.995458 0.0931646 -0.183874 -0.948665 0.0479287 -0.312631 6.20438 
-0.330234 -0.0832038 0.940225 15.0479 0.0187555 0.995332 0.094668 -0.147273 -0.943713 0.048897 -0.327132 5.92569 
-0.343028 -0.0856206 0.935415 15.848 0.019332 0.994983 0.0981622 -0.113387 -0.939126 0.0517558 -0.339652 5.63031 
-0.354508 -0.090895 0.930625 16.6554 0.019208 0.994346 0.104436 -0.0798768 -0.934856 0.0548987 -0.350757 5.31787 
-0.365969 -0.0931983 0.925949 17.4423 0.018083 0.994073 0.107202 -0.0441991 -0.930451 0.0559766 -0.362115 5.00981 
-0.376508 -0.0934038 0.921693 18.2208 0.0167694 0.994054 0.107587 -0.00738237 -0.926262 0.0559637 -0.372703 4.69424 
-0.386927 -0.0924642 0.917463 19.0051 0.01608 0.994132 0.106973 0.0308129 -0.92197 0.0561434 -0.383169 4.36551 
-0.39562 -0.0908289 0.913912 19.8004 0.0153519 0.994305 0.105464 0.0701076 -0.918286 0.0557541 -0.391972 4.02388 
-0.403128 -0.0895927 0.910748 20.6087 0.0167556 0.994307 0.105229 0.110196 -0.91499 0.0576809 -0.399331 3.66839 
-0.410388 -0.0946247 0.906988 21.4381 0.0152619 0.99375 0.110582 0.147601 -0.911783 0.0592239 -0.406379 3.30099 
-0.417064 -0.0970183 0.903684 22.2674 0.0133502 0.993525 0.112825 0.187044 -0.908779 0.0591196 -0.413069 2.92742 
-0.421815 -0.0933653 0.901862 23.0973 0.0138865 0.993902 0.109389 0.224473 -0.906575 0.0586656 -0.417947 2.54482 
-0.424594 -0.0922011 0.900677 23.9615 0.0151329 0.993939 0.108882 0.265647 -0.905258 0.0598605 -0.420625 2.13467 
-0.426017 -0.0941353 0.899804 24.8595 0.0151153 0.993693 0.111114 0.302602 -0.904589 0.0609374 -0.421908 1.71198 
-0.425832 -0.0970839 0.899579 25.766 0.0170439 0.99319 0.115255 0.34308 -0.904642 0.0644115 -0.421278 1.28521 
-0.422756 -0.099069 0.900812 26.672 0.0165162 0.992999 0.116959 0.406127 -0.906093 0.064323 -0.41816 0.859725 
-0.41955 -0.0994421 0.902269 27.5783 0.0154215 0.993057 0.116619 0.452927 -0.907601 0.062842 -0.415104 0.440494 
-0.416236 -0.09948 0.903798 28.5376 0.0177988 0.992915 0.117486 0.501179 -0.909082 0.0649885 -0.411516 0.00144501 
-0.412925 -0.100663 0.905185 29.4725 0.0214614 0.992522 0.120166 0.55193 -0.910512 0.0690459 -0.407677 -0.429961 
-0.410335 -0.0978392 0.906671 30.3634 0.0342111 0.991877 0.122517 0.597629 -0.911293 0.0812912 -0.403654 -0.844929 
-0.408325 -0.0911849 0.908271 31.3174 0.0487403 0.991401 0.121443 0.648938 -0.911535 0.0938574 -0.400369 -1.29104 
-0.405788 -0.106039 0.907795 32.2233 0.0297349 0.991189 0.129072 0.705172 -0.913484 0.079369 -0.399059 -1.66911 
-0.402243 -0.125574 0.90688 33.1344 0.00281054 0.990375 0.138382 0.770154 -0.915528 0.058212 -0.398019 -2.02415 
-0.400001 -0.119344 0.908711 34.0382 0.0213459 0.990004 0.139417 0.820189 -0.916266 0.075164 -0.393455 -2.44615 
-0.401805 -0.0941393 0.910873 34.9626 0.0184096 0.99367 0.110817 0.859163 -0.91554 0.0612957 -0.397529 -2.83609 
-0.404636 -0.0925085 0.909787 35.9438 -0.000493324 0.994892 0.100943 0.923991 -0.914478 0.0403963 -0.402615 -3.21739 
-0.40222 -0.113652 0.908461 36.8601 0.00177307 0.992167 0.124909 0.982306 -0.915541 0.0518518 -0.398868 -3.61692 
-0.401476 -0.144745 0.904359 37.8531 0.0110952 0.986591 0.162833 1.05147 -0.915802 0.0754075 -0.394487 -4.08242 
-0.402537 -0.144737 0.903889 38.8002 0.0142537 0.98631 0.164283 1.1306 -0.915293 0.0790138 -0.394964 -4.52721 
-0.403406 -0.125067 0.906434 39.7001 0.012253 0.989788 0.142021 1.19039 -0.914939 0.0683985 -0.397754 -4.89605 
-0.403012 -0.118072 0.907546 40.6247 0.00945373 0.991053 0.133135 1.27252 -0.915146 0.0622347 -0.39829 -5.30642 
-0.402599 -0.127907 0.906396 41.5479 0.0119616 0.98937 0.144929 1.34855 -0.915298 0.0691902 -0.396789 -5.72819 
-0.402816 -0.133895 0.905435 42.495 0.0145201 0.988183 0.152591 1.42362 -0.915166 0.0746132 -0.396111 -6.15578 
-0.405027 -0.131137 0.904851 43.4099 0.015745 0.988514 0.15031 1.49296 -0.914169 0.0751265 -0.39831 -6.56392 
-0.407363 -0.128033 0.904247 44.3028 0.0165885 0.988924 0.147496 1.55861 -0.913116 0.0750845 -0.400727 -6.96582 
-0.409854 -0.126579 0.903326 45.1897 0.017745 0.989031 0.14664 1.63418 -0.911979 0.0761305 -0.403112 -7.37225 
-0.412648 -0.126058 0.902126 46.0669 0.0198963 0.988894 0.147284 1.70796 -0.910673 0.0787255 -0.405557 -7.77975 
-0.416279 -0.123344 0.900832 46.9132 0.0249553 0.988833 0.146925 1.77189 -0.908895 0.0836422 -0.408552 -8.17021 
-0.419393 -0.123808 0.899323 47.7165 0.0262688 0.988586 0.148348 1.83104 -0.907425 0.08584 -0.411354 -8.5445 
-0.422351 -0.127324 0.897445 48.5711 0.0262875 0.987948 0.152536 1.90164 -0.906051 0.0880152 -0.413914 -8.93497 
-0.424136 -0.129258 0.896327 49.4266 0.0284861 0.987367 0.155866 1.96448 -0.905151 0.0916413 -0.415096 -9.34127 
-0.425883 -0.128553 0.895599 50.2416 0.0311333 0.987186 0.156504 2.03307 -0.904243 0.0945354 -0.416423 -9.732 
-0.427715 -0.127571 0.894866 51.059 0.0327605 0.987153 0.156386 2.10625 -0.90332 0.0962048 -0.418041 -10.1159 
-0.42728 -0.127943 0.895021 51.8984 0.0347448 0.986882 0.157661 2.18292 -0.903451 0.0984629 -0.41723 -10.5115 
-0.424713 -0.128327 0.896187 52.7132 0.0381188 0.98649 0.159323 2.2554 -0.904525 0.101828 -0.414083 -10.8921 
-0.419842 -0.128257 0.898489 53.5218 0.0403748 0.986345 0.159665 2.33183 -0.906699 0.10331 -0.408931 -11.2645 
-0.414139 -0.128354 0.901118 54.3204 0.0418046 0.986281 0.159697 2.4052 -0.909253 0.103808 -0.403091 -11.6191 
-0.407867 -0.130345 0.90369 55.1477 0.041732 0.986062 0.161061 2.4842 -0.912087 0.103404 -0.396742 -11.9806 
-0.401728 -0.131198 0.906312 55.9529 0.0437923 0.9858 0.162116 2.56315 -0.914711 0.104816 -0.390278 -12.3299 
-0.394919 -0.130371 0.909419 56.7534 0.046368 0.98579 0.161455 2.64276 -0.917545 0.10593 -0.383262 -12.6776 
-0.387859 -0.127993 0.912789 57.551 0.050192 0.985909 0.159573 2.71924 -0.920351 0.107707 -0.37597 -13.0148 
-0.37981 -0.126575 0.916364 58.3532 0.0520124 0.986106 0.157766 2.79875 -0.923601 0.107583 -0.367949 -13.3413 
-0.371765 -0.127683 0.919504 59.1549 0.0526256 0.986005 0.158195 2.875 -0.926834 0.107201 -0.359842 -13.6543 
-0.364066 -0.128711 0.922436 59.9515 0.05442 0.985773 0.159027 2.94989 -0.929782 0.108095 -0.351882 -13.957 
-0.35655 -0.12758 0.925524 60.7408 0.0584377 0.985647 0.15838 3.02318 -0.932447 0.110556 -0.343977 -14.2565 
-0.349229 -0.127017 0.928389 61.559 0.0603803 0.985661 0.157565 3.10291 -0.93509 0.111083 -0.336552 -14.5654 
-0.340995 -0.130062 0.931024 62.3667 0.0582701 0.985554 0.159021 3.17819 -0.938257 0.108476 -0.328491 -14.8551 
-0.332845 -0.132845 0.933577 63.1743 0.0587917 0.985177 0.161149 3.25333 -0.941147 0.108524 -0.320101 -15.1373 
-0.324243 -0.133797 0.936464 63.9815 0.0592183 0.985135 0.161254 3.32672 -0.944118 0.107741 -0.3115 -15.4132 
-0.315413 -0.129961 0.940013 64.7821 0.0619345 0.985646 0.157052 3.39657 -0.946931 0.107756 -0.302836 -15.6867 
-0.304966 -0.12845 0.943661 65.5824 0.0636131 0.985902 0.154758 3.46387 -0.950236 0.107225 -0.292496 -15.9399 
-0.292642 -0.130633 0.947257 66.3953 0.0643477 0.985689 0.155812 3.53276 -0.954054 0.106551 -0.280048 -16.1851 
-0.278634 -0.133502 0.951073 67.1979 0.0652035 0.985377 0.15742 3.59269 -0.958181 0.105876 -0.265854 -16.4092 
-0.262632 -0.134955 0.955412 68.019 0.0665273 0.985282 0.157462 3.66034 -0.9626 0.104916 -0.249789 -16.6292 
-0.244821 -0.133999 0.960264 68.8309 0.0688801 0.985498 0.155081 3.72665 -0.967119 0.10411 -0.232041 -16.8266 
-0.224011 -0.134649 0.96524 69.6692 0.0696984 0.985661 0.153673 3.79808 -0.972091 0.1017 -0.211414 -17.013 
-0.202367 -0.135545 0.969884 70.5165 0.0730408 0.985528 0.152971 3.86445 -0.976582 0.101798 -0.189538 -17.1728 
-0.178985 -0.133802 0.974711 71.3602 0.075954 0.985873 0.149282 3.93604 -0.980916 0.100752 -0.166293 -17.3161 
-0.154728 -0.130812 0.979259 72.2109 0.0801799 0.986263 0.144417 4.00362 -0.984698 0.100862 -0.142114 -17.4442 
-0.129581 -0.128479 0.98321 73.0658 0.0909057 0.985855 0.140805 4.06017 -0.987393 0.107625 -0.116069 -17.5509 
-0.103731 -0.128855 0.986223 73.8997 0.0980848 0.985414 0.139066 4.1184 -0.989757 0.111159 -0.0895793 -17.6189 
-0.0781572 -0.12469 0.989113 74.7289 0.100455 0.986113 0.13225 4.17181 -0.991867 0.109698 -0.0645461 -17.6466 
-0.0504625 -0.124671 0.990914 75.568 0.105873 0.98592 0.129435 4.22157 -0.993098 0.111443 -0.0365526 -17.6539 
-0.0230454 -0.126554 0.991692 76.398 0.112785 0.985294 0.128358 4.27469 -0.993352 0.114806 -0.00843307 -17.6433 
0.00391479 -0.13124 0.991343 77.2334 0.116134 0.984702 0.129902 4.31663 -0.993226 0.11462 0.0190963 -17.6021 
0.0328982 -0.128066 0.99122 78.0582 0.120064 0.985081 0.123288 4.35786 -0.992221 0.114954 0.0477836 -17.5476 
0.0622614 -0.122088 0.990565 78.8848 0.122666 0.985902 0.113803 4.38379 -0.990493 0.114423 0.0763597 -17.4623 
0.0918852 -0.118986 0.988635 79.7309 0.126724 0.98616 0.10691 4.41248 -0.987673 0.11546 0.105692 -17.3573 
0.122089 -0.12242 0.98494 80.5759 0.127501 0.986076 0.106757 4.44412 -0.984296 0.112547 0.135998 -17.2221 
0.152402 -0.127226 0.980096 81.4191 0.1269 0.98599 0.108259 4.47359 -0.980138 0.107875 0.166411 -17.059 
0.183486 -0.128957 0.974527 82.2537 0.126723 0.986189 0.10664 4.49738 -0.97482 0.103928 0.197294 -16.8725 
0.214565 -0.128031 0.968282 83.0914 0.126967 0.986615 0.10232 4.52409 -0.968422 0.100985 0.227949 -16.6576 
0.24531 -0.126668 0.961134 83.9274 0.127445 0.987037 0.097554 4.54549 -0.961031 0.0985604 0.258273 -16.4136 
0.27643 -0.125355 0.952824 84.7591 0.128071 0.987418 0.0927504 4.56703 -0.952462 0.09639 0.289006 -16.1459 
0.307073 -0.12512 0.943425 85.5874 0.130037 0.987539 0.0886449 4.59008 -0.94276 0.0954601 0.319517 -15.8557 
0.337484 -0.125511 0.932926 86.3901 0.13221 0.987567 0.0850356 4.60502 -0.932 0.0946437 0.349882 -15.5434 
0.367818 -0.125532 0.921386 87.1949 0.133825 0.987678 0.0811405 4.6172 -0.920218 0.0934593 0.380085 -15.2027 
0.397945 -0.125086 0.908842 87.9913 0.136749 0.987681 0.0760604 4.62051 -0.90716 0.094015 0.410148 -14.8454 
0.428311 -0.125304 0.894901 88.7677 0.139268 0.98766 0.0716369 4.61916 -0.892835 0.0939486 0.440477 -14.4569 
0.459067 -0.12486 0.879584 89.522 0.140553 0.987813 0.0668673 4.61885 -0.877213 0.0929312 0.471021 -14.0438 
0.489532 -0.124725 0.863019 90.2699 0.141462 0.987966 0.0625404 4.6091 -0.860434 0.091469 0.501285 -13.6127 
0.51935 -0.123852 0.845539 91.0001 0.141236 0.988275 0.0580089 4.59053 -0.84281 0.0892934 0.530753 -13.1457 
0.548314 -0.123357 0.827124 91.692 0.141556 0.988479 0.053582 4.56732 -0.824205 0.0877048 0.559459 -12.6595 
0.576848 -0.123399 0.807477 92.3632 0.141866 0.988636 0.0497369 4.54312 -0.804438 0.0858626 0.587799 -12.1512 
0.604358 -0.123041 0.787155 93.0061 0.142652 0.988748 0.0450276 4.51136 -0.783838 0.0850762 0.61511 -11.623 
0.630982 -0.122224 0.766109 93.6305 0.14167 0.98906 0.0411109 4.48448 -0.762753 0.0825948 0.641394 -11.0535 
0.656716 -0.11989 0.744547 94.2416 0.141692 0.989315 0.0343269 4.44957 -0.740707 0.0829532 0.666687 -10.4615 
0.681872 -0.118741 0.721769 94.8398 0.142429 0.989403 0.0282151 4.4189 -0.717471 0.0835617 0.691558 -9.85265 
0.706149 -0.118346 0.698103 95.4186 0.141727 0.989605 0.0244018 4.37993 -0.693734 0.0817091 0.715581 -9.21997 
0.72951 -0.117578 0.673788 95.9691 0.140353 0.989883 0.0207765 4.33249 -0.669414 0.0794117 0.738633 -8.57826 
0.751892 -0.116148 0.648974 96.4877 0.138153 0.990262 0.0171666 4.28658 -0.644648 0.0767505 0.760617 -7.92814 
0.772572 -0.114035 0.624603 96.9833 0.135908 0.990639 0.0127571 4.24329 -0.620211 0.0750331 0.780838 -7.26457 
0.791346 -0.110979 0.601212 97.4683 0.131063 0.991319 0.0104786 4.19338 -0.597155 0.0705042 0.799021 -6.57393 
0.80801 -0.109062 0.578987 97.9343 0.128269 0.991709 0.00779826 4.1432 -0.575037 0.0679651 0.8153 -5.87421 
0.822777 -0.108153 0.557979 98.384 0.127957 0.991773 0.0035553 4.08865 -0.553774 0.068472 0.829847 -5.17303 
0.836522 -0.106879 0.537408 98.8256 0.127001 0.991902 -0.000421264 4.03387 -0.533011 0.068604 0.843322 -4.4513 
0.849361 -0.105259 0.517211 99.2466 0.124289 0.992244 -0.00217224 3.98006 -0.512971 0.0661286 0.855855 -3.71679 
0.861339 -0.103255 0.497426 99.6454 0.121556 0.992575 -0.00444806 3.92138 -0.493273 0.0642966 0.867495 -2.98219 
0.871746 -0.103887 0.478817 100.04 0.122515 0.992437 -0.00772953 3.85909 -0.474393 0.0654007 0.877881 -2.22671 
0.881458 -0.101084 0.461317 100.41 0.120102 0.992689 -0.0119657 3.79545 -0.456735 0.0659523 0.887155 -1.48465 
0.889609 -0.101947 0.445199 100.759 0.121199 0.992516 -0.0149066 3.73517 -0.440347 0.0672188 0.895308 -0.761529 
0.896833 -0.101228 0.430631 101.105 0.120408 0.992571 -0.0174387 3.66529 -0.425667 0.0674911 0.902359 -0.00598648 
0.903002 -0.100221 0.417784 101.443 0.119077 0.992699 -0.0192367 3.59655 -0.412806 0.067119 0.908343 0.750863 
0.908117 -0.10098 0.406358 101.772 0.118966 0.992713 -0.019172 3.53192 -0.401461 0.0657531 0.913513 1.51288 
0.912727 -0.100252 0.396078 102.096 0.117349 0.992907 -0.0191038 3.46305 -0.391354 0.063916 0.918018 2.28333 
0.916568 -0.0961595 0.388144 102.405 0.112717 0.993425 -0.0200595 3.38745 -0.383663 0.0621365 0.92138 3.05738 
0.919555 -0.0909153 0.382299 102.723 0.107791 0.99391 -0.0229093 3.31371 -0.377888 0.0622747 0.923755 3.86096 
0.921481 -0.092512 0.377246 103.043 0.107031 0.994099 -0.0176557 3.24547 -0.373387 0.0566463 0.925945 4.67318 
0.922729 -0.0934119 0.373959 103.366 0.105725 0.994317 -0.0124995 3.17948 -0.370666 0.0510703 0.927361 5.48106 
0.923462 -0.0939077 0.37202 103.688 0.105514 0.994358 -0.0109152 3.1098 -0.368896 0.0493332 0.928161 6.28897 
0.924153 -0.0955095 0.369891 104.005 0.11045 0.993693 -0.0193722 3.03921 -0.365708 0.0587574 0.928873 7.09269 
0.924504 -0.0948441 0.369183 104.311 0.118267 0.992123 -0.0412832 2.9503 -0.36236 0.0818286 0.928439 7.86709 
0.925037 -0.085061 0.370231 104.616 0.122149 0.989453 -0.0778671 2.8296 -0.359703 0.117253 0.92567 8.62726 
0.925754 -0.0830339 0.368898 104.92 0.122557 0.988816 -0.0849883 2.72276 -0.357715 0.123889 0.925576 9.3971 
0.926899 -0.0970171 0.362556 105.244 0.127163 0.990055 -0.0601689 2.638 -0.353113 0.101874 0.930018 10.2182 
0.927473 -0.121722 0.353522 105.566 0.133361 0.99103 -0.00865213 2.54578 -0.349297 0.0551708 0.935386 11.081 
0.928326 -0.12645 0.349601 105.861 0.134624 0.990896 0.000925046 2.47267 -0.346535 0.0462059 0.936898 11.9314 
0.929162 -0.118302 0.350231 106.159 0.13402 0.990758 -0.0208935 2.40447 -0.344523 0.0663513 0.93643 12.7442 
0.929885 -0.111075 0.350679 106.457 0.131545 0.990691 -0.0350194 2.33741 -0.343525 0.0786941 0.935841 13.5518 
0.930263 -0.112481 0.349225 106.765 0.129258 0.991295 -0.0250317 2.26422 -0.343369 0.0684261 0.936705 14.4077 
0.930103 -0.117391 0.348034 107.073 0.130555 0.991335 -0.0145245 2.18666 -0.343313 0.0589467 0.93737 15.2584 
0.929743 -0.117563 0.348938 107.386 0.131992 0.991091 -0.0177761 2.11394 -0.343739 0.0625842 0.936977 16.1115 
0.929572 -0.117304 0.349479 107.699 0.13356 0.990781 -0.0226945 2.03918 -0.343595 0.0677726 0.936669 16.9771 
0.929888 -0.117715 0.3485 108.031 0.133085 0.990895 -0.0204043 1.94668 -0.342925 0.0653538 0.937087 17.8929 
0.930366 -0.117946 0.347143 108.352 0.132652 0.990984 -0.0188156 1.85896 -0.341794 0.0635545 0.937624 18.7937 
0.930889 -0.116116 0.346355 108.669 0.132108 0.990972 -0.0228365 1.77367 -0.340577 0.0670144 0.937825 19.6953 
0.931211 -0.115268 0.345773 109.009 0.132905 0.990743 -0.0276532 1.67549 -0.339385 0.0717061 0.93791 20.6266 
0.931516 -0.116376 0.34458 109.35 0.133751 0.990647 -0.026998 1.5767 -0.338215 0.0712368 0.938369 21.5678 
0.93184 -0.11806 0.343128 109.689 0.13428 0.990657 -0.0238132 1.48654 -0.337111 0.0682654 0.938987 22.4874 
0.932268 -0.118989 0.34164 110.022 0.134184 0.990732 -0.0211009 1.39405 -0.335963 0.0655142 0.939594 23.4175 
0.932268 -0.121379 0.340797 110.355 0.136017 0.990519 -0.0192966 1.29983 -0.335224 0.0643438 0.939939 24.3569 
0.932463 -0.120515 0.34057 110.683 0.135174 0.990629 -0.0195525 1.21169 -0.335022 0.0642683 0.940016 25.2945 
0.932475 -0.119194 0.341002 111.025 0.134328 0.990714 -0.0210267 1.11969 -0.335329 0.0654131 0.939827 26.251 
0.932319 -0.117256 0.342099 111.37 0.132663 0.990919 -0.0219022 1.02934 -0.336424 0.0658038 0.939409 27.2056 
0.931611 -0.117026 0.344102 111.711 0.131792 0.99108 -0.0197543 0.946913 -0.338721 0.0637533 0.938725 28.1732 
0.930784 -0.116429 0.346533 112.06 0.129963 0.99139 -0.0159882 0.860501 -0.341688 0.0599179 0.937901 29.14 
0.929492 -0.119074 0.349093 112.419 0.1322 0.991125 -0.0139267 0.775635 -0.344336 0.0590949 0.936985 30.1056 
0.928312 -0.120085 0.351877 112.775 0.133102 0.991018 -0.0129417 0.692937 -0.347162 0.0588493 0.935957 31.0666 
0.927198 -0.121354 0.354367 113.129 0.134008 0.990916 -0.0112883 0.612858 -0.349778 0.0579546 0.935038 31.998 
0.92654 -0.122616 0.355652 113.485 0.13506 0.990784 -0.0102686 0.534346 -0.351115 0.0575485 0.934562 32.9282 
0.925939 -0.124276 0.356639 113.855 0.137793 0.99038 -0.0126385 0.450833 -0.351638 0.0608449 0.934157 33.8983 
0.92627 -0.122255 0.35648 114.214 0.136703 0.990491 -0.0155175 0.365516 -0.351193 0.0631053 0.934174 34.8712 
0.926674 -0.121126 0.355814 114.58 0.135397 0.990672 -0.0153821 0.277437 -0.350632 0.0624305 0.93443 35.865 
0.927097 -0.121779 0.354488 114.941 0.13452 0.990845 -0.0114235 0.186377 -0.349852 0.0582766 0.934991 36.858 
0.927266 -0.122828 0.353683 115.309 0.135194 0.990765 -0.0103694 0.0959126 -0.349143 0.057431 0.935308 37.8555 
0.927396 -0.12298 0.353288 115.673 0.135797 0.990669 -0.0116191 0.011299 -0.348563 0.0587509 0.935442 38.8372 
0.927448 -0.122501 0.353317 116.031 0.136033 0.990611 -0.0136226 -0.0703441 -0.348331 0.060697 0.935404 39.7916 
0.927291 -0.123572 0.353357 116.392 0.13723 0.990444 -0.0137565 -0.155342 -0.34828 0.0612476 0.935387 40.7588 
0.926925 -0.12463 0.353945 116.776 0.138708 0.990226 -0.0145785 -0.251958 -0.348668 0.062608 0.935153 41.7814 
0.926721 -0.123311 0.354941 117.155 0.136403 0.990581 -0.0119963 -0.340153 -0.350118 0.0595321 0.934812 42.8118 
0.926481 -0.123917 0.355354 117.537 0.136157 0.990641 -0.00953703 -0.431114 -0.350847 0.0572198 0.934683 43.8326 
0.926122 -0.12436 0.356137 117.936 0.136293 0.990632 -0.00850626 -0.513437 -0.351743 0.0564169 0.934395 44.8729 
0.925911 -0.122907 0.357187 118.323 0.135007 0.990803 -0.00903665 -0.605617 -0.352792 0.0565899 0.933989 45.9161 
0.925637 -0.123434 0.357715 118.713 0.134779 0.990852 -0.00685562 -0.696651 -0.353596 0.0545584 0.933806 46.9622 
0.925345 -0.124123 0.358232 119.1 0.135354 0.990777 -0.0063391 -0.78139 -0.354141 0.0543538 0.933611 47.9941 
0.924793 -0.125774 0.35908 119.505 0.137569 0.990465 -0.00737494 -0.859547 -0.354729 0.0562188 0.933277 49.0412 
0.924546 -0.125586 0.359782 119.9 0.137524 0.990469 -0.00766854 -0.941185 -0.35539 0.0565688 0.933005 50.0796 
0.924197 -0.127202 0.360112 120.288 0.139108 0.990251 -0.00722459 -1.03088 -0.355682 0.0567715 0.932881 51.1108 
0.923828 -0.128912 0.360449 120.713 0.140586 0.990049 -0.00623772 -1.12138 -0.356058 0.0564368 0.932758 52.1836 
0.923708 -0.128403 0.360937 121.134 0.139713 0.990178 -0.00529687 -1.2126 -0.356712 0.0553203 0.932575 53.264 
0.922956 -0.131672 0.361682 121.547 0.14279 0.989745 -0.00405546 -1.30518 -0.357439 0.0553875 0.932293 54.3248 
0.922494 -0.133037 0.362361 121.947 0.143813 0.989601 -0.00279575 -1.38916 -0.358221 0.0546912 0.932034 55.3626 
0.92203 -0.132212 0.363841 122.345 0.142534 0.989789 -0.00153362 -1.47367 -0.359923 0.0532736 0.93146 56.4118 
0.922245 -0.128788 0.364523 122.769 0.139444 0.990226 -0.00294018 -1.56901 -0.360582 0.0535421 0.93119 57.4916 
0.921792 -0.130809 0.36495 123.187 0.141287 0.989967 -0.00202959 -1.66484 -0.361023 0.0534335 0.931025 58.5546 
0.921318 -0.132393 0.365575 123.606 0.14161 0.989921 0.00161608 -1.7499 -0.362104 0.0502801 0.930781 59.6168 
0.921048 -0.130927 0.366781 124.009 0.140057 0.990142 0.00173519 -1.84079 -0.363392 0.0497721 0.930306 60.6491 
0.920564 -0.131728 0.367708 124.411 0.14175 0.989902 -0.000252615 -1.92328 -0.363962 0.0523553 0.929941 61.6575 
0.92028 -0.131731 0.368417 124.824 0.141513 0.989936 0.000470788 -2.00644 -0.364772 0.0517027 0.92966 62.6894 
0.919718 -0.132982 0.369371 125.212 0.142038 0.989858 0.00270274 -2.0868 -0.365984 0.0499789 0.929278 63.7067 
0.919324 -0.133108 0.370306 125.616 0.142426 0.989803 0.00220095 -2.16708 -0.366823 0.0507177 0.928907 64.731 
0.9189 -0.133416 0.371246 126.038 0.14283 0.989745 0.00215747 -2.23985 -0.367726 0.0510426 0.928532 65.7557 
0.918915 -0.134331 0.370877 126.457 0.142853 0.989733 0.00453521 -2.32348 -0.367679 0.0488136 0.928671 66.7992 
0.918901 -0.135612 0.370445 126.862 0.143721 0.989601 0.00576751 -2.40692 -0.367375 0.0479408 0.928836 67.8164 
0.919259 -0.135622 0.369552 127.246 0.144002 0.989565 0.00495834 -2.47402 -0.366369 0.0486581 0.929197 68.7737 
0.919611 -0.137619 0.367937 127.632 0.145778 0.989301 0.0056722 -2.54267 -0.364781 0.048421 0.929834 69.7367 
0.920129 -0.137211 0.36679 128.013 0.144866 0.989429 0.00672095 -2.6125 -0.363835 0.0469512 0.930279 70.7362 
0.920448 -0.138074 0.365666 128.396 0.146295 0.989227 0.0052767 -2.691 -0.362455 0.048638 0.930731 71.7075 
0.920846 -0.138997 0.364312 128.8 0.147078 0.989109 0.00562002 -2.77161 -0.361125 0.0484069 0.93126 72.7311 
0.920995 -0.140543 0.363339 129.17 0.147806 0.988985 0.00788962 -2.85321 -0.360445 0.0464372 0.931624 73.7116 
0.921241 -0.14053 0.362721 129.561 0.147206 0.989062 0.00932211 -2.92694 -0.360064 0.0448067 0.931851 74.7142 
0.921485 -0.139535 0.362484 129.938 0.145643 0.989281 0.0105715 -2.99173 -0.360074 0.0430516 0.93193 75.7017 
0.921433 -0.139083 0.36279 130.33 0.144957 0.989375 0.0111284 -3.0464 -0.360483 0.0423349 0.931805 76.706 
0.921289 -0.139955 0.362822 130.711 0.145637 0.989268 0.011795 -3.11001 -0.360578 0.0419736 0.931784 77.6709 
0.921067 -0.139679 0.363491 131.089 0.145805 0.989256 0.0106801 -3.17767 -0.361078 0.0431616 0.931536 78.6323 
0.920958 -0.139786 0.363727 131.456 0.146465 0.989172 0.00930591 -3.24444 -0.361089 0.0447029 0.931459 79.5619 
0.920809 -0.140143 0.363964 131.819 0.146928 0.989105 0.00913258 -3.31261 -0.361279 0.0450671 0.931368 80.4848 
0.920646 -0.14083 0.364112 132.176 0.147778 0.988981 0.00886256 -3.37269 -0.361348 0.0456484 0.931313 81.4057 
0.920435 -0.141378 0.364434 132.52 0.148122 0.988923 0.00953598 -3.43678 -0.361746 0.0452035 0.93118 82.3115 
0.920334 -0.142286 0.364336 132.87 0.148711 0.988825 0.0105178 -3.49533 -0.361761 0.044501 0.931208 83.2095 
0.920249 -0.143103 0.36423 133.21 0.148862 0.988781 0.0123745 -3.54698 -0.361915 0.0428323 0.931227 84.0913 
0.920238 -0.143356 0.364157 133.548 0.148657 0.988795 0.0135925 -3.59846 -0.362026 0.0416261 0.931238 84.9709 
0.920236 -0.143073 0.364273 133.888 0.147996 0.988881 0.0145245 -3.64519 -0.362301 0.0405452 0.931179 85.8453 
0.920198 -0.142827 0.364467 134.227 0.147925 0.988899 0.0140489 -3.69117 -0.362427 0.0409861 0.93111 86.7115 
0.920189 -0.142264 0.364711 134.566 0.147503 0.988968 0.0136109 -3.7398 -0.362624 0.0412713 0.931021 87.5762 
0.920055 -0.14267 0.36489 134.894 0.148251 0.988867 0.0128322 -3.7904 -0.362658 0.0422889 0.930962 88.4252 
0.920105 -0.143506 0.364436 135.229 0.149083 0.98874 0.0129454 -3.83412 -0.36219 0.0424201 0.931139 89.2622 
0.920141 -0.144323 0.364022 135.559 0.149222 0.988693 0.014796 -3.88387 -0.362042 0.0407057 0.931273 90.0973 
0.92047 -0.144582 0.363085 135.89 0.14876 0.988734 0.0165924 -3.93787 -0.361394 0.0387397 0.931608 90.9505 
0.920461 -0.145298 0.362823 136.221 0.149671 0.988603 0.0161934 -3.98438 -0.361041 0.0393988 0.931717 91.8014 
0.920691 -0.144352 0.362617 136.539 0.149042 0.988714 0.0151708 -4.03646 -0.360715 0.0400777 0.931815 92.6419 
0.920789 -0.144585 0.362273 136.856 0.149426 0.988662 0.0147834 -4.09069 -0.360304 0.0405208 0.931955 93.46 
0.921036 -0.144829 0.361549 137.17 0.149953 0.988594 0.0140085 -4.13937 -0.359454 0.0413131 0.932248 94.2651 
0.921395 -0.143545 0.361146 137.494 0.14889 0.988766 0.0131432 -4.19056 -0.358975 0.0416609 0.932417 95.0832 
0.921699 -0.143851 0.360246 137.818 0.149434 0.988693 0.0124652 -4.23627 -0.357966 0.042344 0.932774 95.9009 
0.922092 -0.145512 0.358571 138.155 0.149973 0.988568 0.0155027 -4.28139 -0.356728 0.0394812 0.933374 96.7398 
0.922394 -0.146247 0.357492 138.473 0.150137 0.988519 0.0170159 -4.32954 -0.355876 0.0379774 0.933761 97.5536 
0.9231 -0.144754 0.356277 138.791 0.148717 0.988744 0.0164021 -4.37746 -0.354641 0.0378437 0.934236 98.3946 
0.923496 -0.145274 0.355035 139.105 0.149226 0.988667 0.0163896 -4.43098 -0.353392 0.0378445 0.934709 99.236 
0.923927 -0.145584 0.353785 139.422 0.149531 0.988622 0.0163161 -4.48238 -0.352136 0.037827 0.935184 100.08 
0.92414 -0.146539 0.352834 139.733 0.150195 0.988507 0.0171574 -4.53091 -0.351293 0.0371382 0.935529 100.916 
0.924481 -0.146872 0.3518 140.041 0.150692 0.98844 0.0166637 -4.57159 -0.350181 0.0376084 0.935927 101.742 
0.924567 -0.14864 0.35083 140.342 0.152372 0.988175 0.0171154 -4.61499 -0.349225 0.0376321 0.936283 102.554 
0.924617 -0.150694 0.349821 140.638 0.15412 0.987885 0.0182004 -4.65526 -0.348325 0.0370859 0.93664 103.359 
0.924864 -0.151048 0.349013 140.948 0.153601 0.98792 0.0205245 -4.70423 -0.347897 0.0346265 0.936893 104.188 
0.924786 -0.150241 0.349569 141.236 0.152455 0.98808 0.021347 -4.74755 -0.348609 0.0335521 0.936668 104.97 
0.924537 -0.149576 0.350512 141.528 0.151267 0.988232 0.0227223 -4.7879 -0.349786 0.0320132 0.936282 105.758 
0.924416 -0.149774 0.350746 141.814 0.149703 0.988349 0.0274871 -4.82452 -0.350776 0.0270984 0.936067 106.537 
0.924312 -0.15001 0.350918 142.098 0.148642 0.988405 0.0310005 -4.86231 -0.3515 0.0235072 0.935893 107.304 
0.923846 -0.154486 0.350205 142.4 0.149596 0.987891 0.0411514 -4.88753 -0.352321 0.0143716 0.935769 108.095 
0.92465 -0.155987 0.347405 142.688 0.1431 0.987725 0.0626208 -4.88745 -0.352909 -0.00818874 0.935622 108.879 
0.924523 -0.160964 0.345466 142.973 0.142822 0.986707 0.077526 -4.89117 -0.353353 -0.0223345 0.935223 109.645 
0.924554 -0.16259 0.344621 143.265 0.144207 0.986428 0.0785111 -4.90661 -0.352709 -0.0228911 0.935453 110.394 
0.924055 -0.15969 0.347307 143.554 0.14554 0.987106 0.0666395 -4.906 -0.35347 -0.0110317 0.935381 111.134 
0.923926 -0.156622 0.349042 143.825 0.145594 0.987655 0.0577892 -4.90232 -0.353784 -0.00257448 0.935324 111.875 
0.92395 -0.156451 0.349056 144.097 0.14527 0.987681 0.05816 -4.89633 -0.353855 -0.00302961 0.935295 112.606 
0.923811 -0.156249 0.349514 144.368 0.145868 0.987717 0.0560059 -4.90287 -0.353972 -0.000755962 0.935256 113.328 
0.924147 -0.154942 0.349208 144.641 0.144066 0.987921 0.0570796 -4.9024 -0.353833 -0.0024411 0.935305 114.04 
0.924378 -0.1539 0.349055 144.914 0.142875 0.988082 0.0572853 -4.90515 -0.353711 -0.00308219 0.93535 114.732 
0.925027 -0.149146 0.349399 145.166 0.138512 0.988811 0.055381 -4.90922 -0.35375 -0.00283308 0.935336 115.41 
0.925682 -0.143359 0.350088 145.423 0.133904 0.989671 0.0512027 -4.91181 -0.353813 -0.000519245 0.935316 116.095 
0.925916 -0.142278 0.34991 145.677 0.133291 0.989827 0.0497684 -4.91486 -0.353431 0.000558459 0.93546 116.75 
0.926105 -0.142568 0.349291 145.932 0.133789 0.989784 0.0492673 -4.92126 -0.352747 0.00110468 0.935718 117.408 
0.927088 -0.137591 0.348679 146.181 0.129077 0.990489 0.0476577 -4.92127 -0.35192 0.000823482 0.93603 118.054 
0.927643 -0.136882 0.34748 146.415 0.127893 0.990587 0.0487926 -4.92462 -0.350888 -0.000821743 0.936417 118.685 
0.928156 -0.138318 0.345534 146.667 0.129948 0.990387 0.0473944 -4.93444 -0.348768 0.000912004 0.937209 119.313 
0.928203 -0.139245 0.345035 146.906 0.131611 0.990253 0.0455756 -4.94124 -0.348019 0.00310716 0.937482 119.926 
0.928715 -0.137917 0.34419 147.141 0.129702 0.990443 0.0469009 -4.94498 -0.347369 0.00108466 0.937728 120.538 
0.929189 -0.138108 0.342832 147.367 0.129555 0.990417 0.0478451 -4.94641 -0.346155 -4.13862e-05 0.938177 121.133 
0.929265 -0.141021 0.341437 147.603 0.131628 0.990004 0.05065 -4.94724 -0.345167 -0.00212464 0.938539 121.721 
0.928766 -0.146778 0.340367 147.826 0.136521 0.989162 0.0540333 -4.95039 -0.344609 -0.0037171 0.938739 122.282 
0.928302 -0.151375 0.339619 148.041 0.140903 0.98847 0.0554416 -4.94916 -0.344096 -0.00361312 0.938928 122.826 
0.927834 -0.155238 0.339154 148.246 0.14458 0.987871 0.0566364 -4.95229 -0.343833 -0.00351417 0.939024 123.346 
0.9276 -0.15702 0.338974 148.444 0.146367 0.98759 0.0569406 -4.95286 -0.343708 -0.00320355 0.939071 123.841 
0.927347 -0.160383 0.338091 148.622 0.15003 0.987053 0.056722 -4.95667 -0.342811 -0.00187734 0.939403 124.299 
0.926629 -0.16504 0.337817 148.796 0.155468 0.986286 0.0554012 -4.95685 -0.342328 0.00118336 0.93958 124.731 
0.926107 -0.166653 0.338456 148.964 0.158496 0.985999 0.0518091 -4.95394 -0.342351 0.00566324 0.939555 125.143 
0.926032 -0.165368 0.33929 149.099 0.158723 0.986182 0.0474518 -4.96164 -0.342449 0.00991134 0.939484 125.509 
0.926275 -0.162879 0.33983 149.215 0.156797 0.986583 0.0454811 -4.97126 -0.342678 0.0111564 0.939387 125.838 
0.926568 -0.159644 0.340565 149.32 0.154032 0.987101 0.0436438 -4.97569 -0.34314 0.012019 0.939207 126.136 
0.926771 -0.157486 0.341017 149.417 0.153136 0.987402 0.0398224 -4.97867 -0.342993 0.0153158 0.939213 126.404 
0.926858 -0.156826 0.341087 149.505 0.153404 0.987464 0.0371647 -4.98228 -0.34264 0.0178776 0.939297 126.641 
0.92655 -0.156517 0.342064 149.583 0.153849 0.987471 0.0351004 -4.98722 -0.343272 0.0201041 0.939021 126.852 
0.926653 -0.155477 0.342258 149.65 0.153311 0.987608 0.0335545 -4.99297 -0.343234 0.0213786 0.939007 127.043 
0.926936 -0.154532 0.341919 149.713 0.152164 0.987773 0.0339172 -4.99733 -0.34298 0.0205886 0.939117 127.215 
0.927051 -0.153096 0.342256 149.768 0.150591 0.98801 0.0340515 -5.001 -0.343365 0.0199733 0.93899 127.37 
0.927156 -0.152884 0.342065 149.817 0.150625 0.988029 0.0333321 -5.00563 -0.343066 0.0206193 0.939085 127.502 
0.927072 -0.152535 0.342448 149.861 0.151022 0.988036 0.0312496 -5.00822 -0.343118 0.0227466 0.939017 127.621 
0.926828 -0.151837 0.343418 149.904 0.15137 0.988071 0.0283375 -5.00956 -0.343624 0.0257193 0.938755 127.738 
0.927123 -0.150131 0.343372 149.947 0.14974 0.988334 0.027818 -5.01205 -0.343542 0.025626 0.938788 127.86 
0.92769 -0.146794 0.343283 149.987 0.145794 0.988894 0.0288738 -5.01416 -0.343709 0.0232627 0.938788 127.989 
0.928668 -0.138691 0.344007 150.023 0.136134 0.990183 0.0317024 -5.01414 -0.345027 0.0173901 0.938432 128.127 
0.930769 -0.129091 0.342059 150.057 0.123308 0.991614 0.0386981 -5.01334 -0.344186 0.00615968 0.938881 128.28 
0.930859 -0.13965 0.337639 150.119 0.133796 0.990174 0.040674 -5.01669 -0.340001 0.00731294 0.940397 128.416 
0.926026 -0.16336 0.340277 150.206 0.162417 0.98622 0.031465 -5.02401 -0.340728 0.0261293 0.939799 128.522 
0.921846 -0.174955 0.345819 150.28 0.178526 0.983694 0.0217697 -5.03296 -0.343989 0.0416695 0.938049 128.635 
0.924522 -0.162837 0.344591 150.313 0.167376 0.985751 0.0167567 -5.04924 -0.342409 0.0421843 0.938604 128.769 
0.928884 -0.139233 0.343205 150.325 0.14398 0.989511 0.0117459 -5.06392 -0.34124 0.0385041 0.939187 128.908 
0.930026 -0.126468 0.345048 150.353 0.131688 0.991256 0.00837233 -5.07181 -0.34309 0.0376522 0.938548 129.041 
0.929453 -0.131941 0.344542 150.414 0.137941 0.990415 0.00715911 -5.07622 -0.342184 0.0408724 0.938744 129.17 
0.928158 -0.140206 0.344767 150.482 0.146818 0.989139 0.00699961 -5.08096 -0.342004 0.0441213 0.938662 129.305 
0.927672 -0.140251 0.346056 150.537 0.147036 0.989108 0.00670912 -5.08837 -0.343228 0.0446589 0.93819 129.451 
0.92867 -0.133597 0.346011 150.582 0.140281 0.990095 0.0057768 -5.09708 -0.343356 0.043174 0.938213 129.606 
0.928966 -0.12959 0.346741 150.634 0.136311 0.990653 0.00504955 -5.10763 -0.344154 0.0425737 0.937947 129.764 
0.928163 -0.13249 0.347793 150.7 0.139437 0.990218 0.00509705 -5.11693 -0.345066 0.0437644 0.937558 129.925 
0.927269 -0.135977 0.348829 150.772 0.1435 0.989641 0.00431695 -5.12368 -0.345803 0.0460539 0.937176 130.092 
0.926993 -0.133365 0.350568 150.835 0.14176 0.989899 0.00173263 -5.13218 -0.347258 0.0480905 0.936536 130.265 
0.927384 -0.122667 0.353428 150.886 0.132816 0.991131 -0.0045058 -5.14188 -0.34974 0.0511193 0.935451 130.443 
0.92795 -0.111243 0.355717 150.933 0.124384 0.992132 -0.0142086 -5.14472 -0.351337 0.0574303 0.934486 130.625 
0.927929 -0.128132 0.350042 151.027 0.140589 0.990014 -0.0102985 -5.1566 -0.345227 0.0587685 0.936677 130.807 
0.924079 -0.149552 0.351727 151.141 0.159363 0.987219 0.00107139 -5.17322 -0.347392 0.0550622 0.936102 130.994 
0.922287 -0.154977 0.354074 151.23 0.161555 0.986801 0.0111019 -5.19444 -0.351121 0.0469633 0.935152 131.2 
0.925328 -0.142827 0.351238 151.283 0.147046 0.989019 0.0147834 -5.21238 -0.349492 0.0379686 0.93617 131.405 
0.925852 -0.131354 0.354323 151.34 0.135223 0.990717 0.0139361 -5.22135 -0.352864 0.0350099 0.935019 131.611 
0.924728 -0.135324 0.355761 151.426 0.140654 0.989998 0.0109724 -5.22436 -0.353687 0.0398926 0.934513 131.815 
0.923164 -0.146212 0.355515 151.534 0.152467 0.988252 0.0105269 -5.23326 -0.352877 0.0444863 0.934611 132.034 
0.921589 -0.150386 0.357851 151.64 0.15664 0.987587 0.0116283 -5.24687 -0.355158 0.0453373 0.933706 132.284 
0.922132 -0.145202 0.358594 151.741 0.151106 0.988449 0.0116704 -5.26202 -0.356146 0.043424 0.933421 132.564 
0.922597 -0.140997 0.359075 151.854 0.145553 0.989245 0.0144644 -5.27727 -0.357252 0.0389194 0.933197 132.88 
0.921767 -0.144617 0.359765 151.993 0.147838 0.988835 0.0187062 -5.28756 -0.358453 0.0359441 0.932855 133.217 
0.920306 -0.15186 0.36052 152.147 0.155306 0.987672 0.01958 -5.29835 -0.359049 0.0379713 0.932546 133.573 
0.918607 -0.157892 0.362258 152.307 0.162412 0.986556 0.0181523 -5.31903 -0.360254 0.0421603 0.931901 133.935 
0.917627 -0.159318 0.364114 152.467 0.16436 0.986248 0.0173181 -5.33785 -0.361865 0.0439541 0.931194 134.31 
0.916427 -0.160332 0.366682 152.628 0.164507 0.986172 0.0200623 -5.35374 -0.364828 0.0419364 0.93013 134.7 
0.914278 -0.161346 0.371569 152.791 0.165239 0.986018 0.0215729 -5.3672 -0.369855 0.041674 0.928154 135.08 
0.911219 -0.160807 0.379238 152.953 0.166277 0.985905 0.0185245 -5.37908 -0.376872 0.0461788 0.925114 135.44 
0.907364 -0.15839 0.389364 153.122 0.165445 0.986096 0.0155856 -5.39799 -0.386418 0.0502765 0.920952 135.803 
0.901238 -0.16132 0.402177 153.299 0.168237 0.985576 0.0183286 -5.40965 -0.399333 0.0511427 0.915378 136.156 
0.892022 -0.16947 0.419018 153.491 0.176046 0.984107 0.0232422 -5.41786 -0.416297 0.0530341 0.90768 136.499 
0.880644 -0.175484 0.440081 153.695 0.18449 0.982574 0.0226234 -5.42607 -0.436382 0.0612673 0.897673 136.836 
0.868008 -0.175483 0.464508 153.91 0.188826 0.981844 0.0180726 -5.44724 -0.459246 0.0720238 0.885384 137.164 
0.853969 -0.169814 0.491833 154.135 0.185121 0.982554 0.0178188 -5.45844 -0.486278 0.0758319 0.870507 137.505 
0.837308 -0.167685 0.520382 154.382 0.181257 0.983114 0.0251447 -5.47273 -0.515811 0.0732692 0.853563 137.856 
0.817429 -0.169146 0.550635 154.655 0.179641 0.983098 0.0353112 -5.4721 -0.547301 0.0700522 0.833999 138.208 
0.794392 -0.172174 0.582493 154.952 0.178099 0.982859 0.0476274 -5.46318 -0.580709 0.0659063 0.811439 138.55 
