1 0 0 0 0 1 0 0 0 0 1 0 
0.999988 0.0011104 0.00481456 -0.00122222 -0.00110178 0.999998 -0.00179236 -0.0255701 -0.00481654 0.00178704 0.999987 0.359288 
0.99994 0.00265003 0.0106269 0.00245163 -0.00260887 0.999989 -0.00388514 -0.050433 -0.0106371 0.00385718 0.999936 0.722743 
0.999842 0.00429575 0.017237 0.00508968 -0.0042014 0.999976 -0.00550586 -0.0736079 -0.0172603 0.00543257 0.999836 1.05688 
0.999684 0.00471822 0.0247035 0.0180118 -0.00452298 0.999958 -0.00795312 -0.0953202 -0.02474 0.00783887 0.999663 1.39237 
0.999388 0.00539561 0.0345541 0.0324284 -0.00512337 0.999955 -0.00796245 -0.123568 -0.0345956 0.00778055 0.999371 1.73178 
0.998929 0.00475352 0.046032 0.0569565 -0.00440909 0.999962 -0.00758098 -0.147066 -0.0460663 0.00736989 0.998911 2.05468 
0.998208 0.00349784 0.0597413 0.0770626 -0.00318932 0.999981 -0.00525888 -0.18205 -0.0597586 0.00505892 0.9982 2.38337 
0.997141 0.00198217 0.0755337 0.10703 -0.00174919 0.999994 -0.00315055 -0.214013 -0.0755395 0.00300942 0.997138 2.70085 
0.995544 0.0025148 0.0942596 0.14795 -0.00228413 0.999994 -0.00255507 -0.238495 -0.0942655 0.00232838 0.995544 3.0085 
0.993155 0.00279234 0.116774 0.190743 -0.00250607 0.999993 -0.0025982 -0.255751 -0.116781 0.00228777 0.993155 3.29968 
0.989673 0.00357011 0.143301 0.255964 -0.00308319 0.999989 -0.00361985 -0.269878 -0.143312 0.00314065 0.989673 3.58867 
0.984602 0.00375139 0.174771 0.322882 -0.00278841 0.99998 -0.00575514 -0.287533 -0.174789 0.00517919 0.984592 3.87069 
0.977624 0.00234279 0.210349 0.419593 -0.00141356 0.999989 -0.00456779 -0.313019 -0.210357 0.00416824 0.977616 4.1624 
0.968102 7.36112e-06 0.250558 0.532646 -0.000325231 0.999999 0.00122724 -0.33363 -0.250558 -0.00126959 0.968101 4.46825 
0.956225 -0.00268303 0.292619 0.662032 0.000751449 0.999977 0.0067132 -0.356074 -0.29263 -0.00619945 0.956206 4.75357 
0.941025 -0.00468676 0.338305 0.808399 0.00188644 0.999961 0.00860582 -0.370641 -0.338332 -0.0074601 0.940997 5.02902 
0.921424 -0.006864 0.388498 0.968809 0.0040099 0.999959 0.00815679 -0.389169 -0.388538 -0.00595802 0.921413 5.27914 
0.896821 -0.0111812 0.442251 1.15482 0.00804498 0.999927 0.0089666 -0.404661 -0.44232 -0.00448354 0.896846 5.53458 
0.867621 -0.0183802 0.496886 1.37748 0.0130394 0.999814 0.0142155 -0.416688 -0.497055 -0.00585458 0.8677 5.79234 
0.833876 -0.0245796 0.551405 1.60469 0.0162199 0.999668 0.0200327 -0.434034 -0.551714 -0.00776107 0.833997 6.02683 
0.79596 -0.0250433 0.604831 1.85491 0.0157465 0.999662 0.020669 -0.444611 -0.605144 -0.0069277 0.796086 6.25745 
0.752991 -0.0258117 0.657524 2.12883 0.0140104 0.999633 0.0231969 -0.449267 -0.657881 -0.00825491 0.753076 6.48687 
0.705985 -0.0310401 0.707546 2.42499 0.0134077 0.999446 0.0304676 -0.458946 -0.7081 -0.0120231 0.70601 6.69732 
0.655788 -0.0376146 0.754007 2.74159 0.0170255 0.999241 0.0350406 -0.471978 -0.754753 -0.0101419 0.655931 6.87917 
0.60182 -0.0420859 0.797522 3.075 0.0220089 0.999105 0.0361154 -0.485783 -0.798329 -0.00418236 0.602208 7.0358 
0.54471 -0.0452456 0.837403 3.43378 0.0241957 0.998976 0.0382368 -0.492204 -0.838275 -0.000566465 0.545247 7.18302 
0.483585 -0.0491204 0.873918 3.81428 0.022835 0.998792 0.0435034 -0.500792 -0.875 -0.00108161 0.484122 7.33255 
0.420349 -0.0513796 0.905907 4.20401 0.0190779 0.998675 0.0477888 -0.501307 -0.907162 -0.00280514 0.420772 7.4477 
0.354905 -0.0561557 0.933214 4.62596 0.0169334 0.998417 0.0536393 -0.499974 -0.934749 -0.00323434 0.355294 7.5511 
0.28877 -0.0655584 0.955151 5.04029 0.0184622 0.997849 0.0629074 -0.514004 -0.95722 -0.000531572 0.289359 7.62356 
0.221035 -0.0698785 0.972759 5.49512 0.0136061 0.997554 0.0685679 -0.532111 -0.975171 -0.00192043 0.221445 7.68473 
0.156016 -0.0719634 0.98513 5.98339 0.00479948 0.997386 0.0720987 -0.541375 -0.987743 -0.00652043 0.155954 7.71761 
0.0948269 -0.0759725 0.992591 6.46956 -0.00701934 0.997008 0.0769812 -0.545359 -0.995469 -0.0142672 0.0940099 7.72566 
0.0296022 -0.0660307 0.997378 7.00443 -0.000174344 0.997815 0.0660648 -0.544942 -0.999562 -0.00212955 0.029526 7.69098 
-0.0313565 -0.0568022 0.997893 7.53526 0.0074273 0.998343 0.0570613 -0.538293 -0.999481 0.00920089 -0.0308827 7.62016 
-0.0862165 -0.0542387 0.994799 8.14128 0.00887524 0.998436 0.0552062 -0.515881 -0.996237 0.0135888 -0.0856003 7.53416 
-0.135204 -0.0601582 0.98899 8.73791 2.33417e-05 0.998155 0.0607189 -0.493233 -0.990818 0.00823249 -0.134953 7.43224 
-0.176798 -0.0772923 0.981208 9.43287 0.0037076 0.996852 0.0791928 -0.489213 -0.98424 0.0176391 -0.175955 7.28531 
-0.212608 -0.0850091 0.973433 10.1309 0.00942583 0.995984 0.0890372 -0.478148 -0.977092 0.0281054 -0.210953 7.09929 
-0.244323 -0.0786775 0.966497 10.8289 0.0106831 0.996424 0.0838144 -0.461318 -0.969635 0.0308029 -0.242609 6.91807 
-0.269696 -0.072473 0.960214 11.5232 0.0097913 0.996906 0.0779924 -0.439748 -0.962896 0.030436 -0.268152 6.73719 
-0.289227 -0.0745163 0.954356 12.2158 0.0082276 0.996735 0.0803187 -0.416255 -0.957225 0.0310824 -0.287669 6.52668 
-0.306749 -0.0774011 0.948638 12.963 0.00701412 0.996477 0.0835724 -0.395755 -0.951765 0.0322896 -0.305125 6.29234 
-0.32222 -0.0781364 0.943435 13.7286 0.00567128 0.996411 0.0844609 -0.364105 -0.946648 0.0325655 -0.32062 6.03333 
-0.337243 -0.0784406 0.938144 14.4962 0.00493713 0.996362 0.0850831 -0.331366 -0.941405 0.0333254 -0.335628 5.76716 
-0.350685 -0.0806002 0.933019 15.3078 0.00495429 0.996116 0.087913 -0.305263 -0.936481 0.0354522 -0.348923 5.48893 
-0.362624 -0.086005 0.927958 16.0711 0.00361119 0.995595 0.0936849 -0.292488 -0.931928 0.0373234 -0.360716 5.20738 
-0.374165 -0.0881412 0.923164 16.8094 0.00208549 0.99539 0.0958824 -0.271085 -0.92736 0.0378011 -0.372256 4.91381 
-0.384974 -0.0881237 0.918711 17.5194 0.000154338 0.995425 0.0955469 -0.25351 -0.922927 0.0369249 -0.383199 4.63553 
-0.395615 -0.0868656 0.914299 18.2641 -0.000645622 0.995543 0.0943051 -0.226558 -0.918416 0.0367182 -0.393908 4.31725 
-0.40392 -0.084739 0.910861 19.002 -0.000983697 0.99574 0.0921992 -0.195723 -0.914794 0.0363451 -0.402282 3.9773 
-0.411473 -0.0832309 0.907614 19.7626 8.75861e-05 0.995818 0.0913592 -0.164182 -0.911422 0.0376713 -0.409745 3.64454 
-0.418974 -0.0873384 0.903788 20.5022 -0.000952579 0.995405 0.0957503 -0.130131 -0.907998 0.039256 -0.417132 3.32602 
-0.425799 -0.0890612 0.900424 21.2822 -0.00353176 0.9953 0.0967753 -0.083634 -0.904811 0.0380268 -0.424112 2.97401 
-0.430713 -0.0849488 0.898482 22.0478 -0.00312621 0.995695 0.0926413 -0.0491577 -0.902483 0.037093 -0.429124 2.62148 
-0.434039 -0.0829401 0.897068 22.8836 -0.00198998 0.995839 0.0911093 -0.00257135 -0.900892 0.0377599 -0.432398 2.25108 
-0.435563 -0.0840956 0.896222 23.7169 -0.00186732 0.995709 0.0925233 0.0363228 -0.900157 0.0386261 -0.43385 1.85649 
-0.435176 -0.0858271 0.896245 24.5588 0.000589342 0.995419 0.0956104 0.0836729 -0.900345 0.0421355 -0.433131 1.44326 
-0.432434 -0.0871138 0.897448 25.4212 -0.000460853 0.995343 0.0963943 0.137649 -0.901666 0.0412706 -0.43046 1.04037 
-0.429403 -0.0865813 0.898953 26.2738 -0.0015137 0.995461 0.0951533 0.182529 -0.903112 0.0394984 -0.427585 0.64916 
-0.426071 -0.0856821 0.900623 27.1118 0.000843211 0.995467 0.095104 0.231243 -0.90469 0.0412804 -0.424067 0.253686 
-0.422578 -0.0860627 0.902231 28.006 0.00387126 0.995301 0.0967537 0.298143 -0.906318 0.0443788 -0.420259 -0.179731 
-0.419772 -0.0824212 0.903879 28.9013 0.0160927 0.995036 0.098207 0.349924 -0.907487 0.0557704 -0.416362 -0.622133 
-0.417199 -0.0748481 0.905728 29.8104 0.0304849 0.994889 0.0962583 0.402917 -0.908304 0.0677698 -0.412785 -1.08337 
-0.414653 -0.0887489 0.905642 30.7705 0.0112581 0.994656 0.102626 0.476201 -0.90991 0.0527501 -0.411438 -1.53102 
-0.412108 -0.10756 0.904764 31.6529 -0.015562 0.993694 0.111044 0.538129 -0.911002 0.0316822 -0.411183 -1.86607 
-0.409623 -0.100228 0.906732 32.434 0.00333475 0.993775 0.111356 0.583762 -0.912249 0.0486376 -0.406739 -2.23691 
-0.412003 -0.0751474 0.908078 33.2512 -0.000460969 0.99661 0.0822646 0.597978 -0.911182 0.0334747 -0.410641 -2.5803 
-0.415432 -0.0730211 0.906688 34.1082 -0.0190221 0.997252 0.0715991 0.641796 -0.909425 0.0124975 -0.41568 -2.915 
-0.413015 -0.0932207 0.905941 35.0128 -0.0171718 0.995368 0.0945941 0.701219 -0.910562 0.0235122 -0.412703 -3.32566 
-0.412482 -0.123886 0.902503 35.9044 -0.00881335 0.991206 0.132034 0.755925 -0.910923 0.0465075 -0.409947 -3.7374 
-0.413994 -0.123836 0.901817 36.6952 -0.00666214 0.991089 0.133036 0.804958 -0.910255 0.0490681 -0.41113 -4.09209 
-0.414729 -0.10348 0.904042 37.4799 -0.00901662 0.993931 0.109632 0.862082 -0.9099 0.0373163 -0.413146 -4.43911 
-0.415002 -0.0961947 0.904721 38.245 -0.0118891 0.994883 0.100328 0.90953 -0.909743 0.0308799 -0.414022 -4.76279 
-0.41497 -0.105763 0.903667 39.0704 -0.0101919 0.993699 0.11162 0.962743 -0.909778 0.0371087 -0.413433 -5.12806 
-0.415203 -0.111216 0.902905 39.8682 -0.00786943 0.992901 0.118682 1.00658 -0.909695 0.0421718 -0.41313 -5.49908 
-0.417575 -0.107884 0.902215 40.6729 -0.00661301 0.993261 0.11571 1.04659 -0.908619 0.0423511 -0.415474 -5.85906 
-0.420062 -0.103848 0.901534 41.5067 -0.005819 0.993719 0.111756 1.10465 -0.907477 0.0416982 -0.418028 -6.24404 
-0.422701 -0.10215 0.900494 42.3044 -0.00535414 0.993892 0.110231 1.1571 -0.906254 0.0417734 -0.420666 -6.61783 
-0.425638 -0.101117 0.899226 43.1396 -0.00384068 0.99393 0.109949 1.21467 -0.904885 0.0433448 -0.423443 -7.01835 
-0.429421 -0.098044 0.897767 43.9245 0.000425254 0.994067 0.108764 1.25971 -0.903104 0.0470875 -0.426832 -7.3838 
-0.433085 -0.0981654 0.895992 44.6857 0.00130944 0.993982 0.109534 1.29174 -0.901352 0.0486109 -0.43035 -7.72544 
-0.436301 -0.101671 0.894038 45.4111 0.0011425 0.993532 0.113543 1.31267 -0.8998 0.0505604 -0.433363 -8.06219 
-0.43835 -0.103094 0.892872 46.1697 0.00280292 0.993238 0.116059 1.35273 -0.8988 0.0533771 -0.435097 -8.41799 
-0.44065 -0.102471 0.891811 46.9213 0.00435315 0.993208 0.116273 1.38513 -0.897669 0.0551177 -0.437211 -8.77057 
-0.442693 -0.101568 0.890902 47.6814 0.00516567 0.993259 0.115804 1.41961 -0.896658 0.0558675 -0.439184 -9.13073 
-0.44252 -0.101594 0.890985 48.4522 0.00657704 0.993167 0.116512 1.46445 -0.896734 0.0574191 -0.438829 -9.50426 
-0.439977 -0.101598 0.892243 49.1962 0.00972547 0.992982 0.117864 1.50391 -0.897956 0.060535 -0.435901 -9.86611 
-0.435558 -0.101688 0.894399 49.9686 0.0106798 0.992945 0.118093 1.54345 -0.900097 0.0609886 -0.431399 -10.221 
-0.430087 -0.101484 0.897065 50.7571 0.011327 0.992977 0.117765 1.58744 -0.902716 0.0608103 -0.425917 -10.5871 
-0.42416 -0.103803 0.899618 51.5367 0.0104427 0.992782 0.119477 1.61647 -0.905527 0.0600717 -0.420014 -10.9346 
-0.418035 -0.104613 0.902387 52.3208 0.0120692 0.99262 0.120665 1.65526 -0.908351 0.0613332 -0.413687 -11.3021 
-0.411887 -0.103874 0.905295 53.1085 0.0132947 0.992691 0.11995 1.70235 -0.911138 0.0614417 -0.407495 -11.6447 
-0.405047 -0.101402 0.908655 53.9076 0.0161504 0.992882 0.118001 1.75108 -0.914153 0.0624711 -0.400526 -12.0007 
-0.397491 -0.099987 0.912142 54.6951 0.0169296 0.993077 0.116236 1.80207 -0.91745 0.0616451 -0.393046 -12.3253 
-0.389798 -0.101325 0.915309 55.427 0.0171914 0.992955 0.117241 1.83025 -0.92074 0.0614359 -0.38531 -12.6168 
-0.3825 -0.102397 0.918264 56.1963 0.0185042 0.992792 0.118415 1.8637 -0.92377 0.0622856 -0.377848 -12.9164 
-0.374698 -0.101266 0.9216 56.9839 0.0220414 0.992763 0.118047 1.90315 -0.926885 0.0645452 -0.369755 -13.2452 
-0.367899 -0.101397 0.924321 57.7453 0.0229519 0.992744 0.118039 1.93552 -0.929583 0.0646412 -0.362902 -13.5325 
-0.360359 -0.104925 0.926894 58.5247 0.0191638 0.992611 0.119815 1.98011 -0.932617 0.0609391 -0.355686 -13.8145 
-0.352521 -0.107882 0.929564 59.3204 0.0191657 0.992292 0.12243 2.02215 -0.935607 0.0609751 -0.347737 -14.1073 
-0.344223 -0.10932 0.932502 60.0864 0.0191337 0.992175 0.123378 2.04414 -0.938693 0.0603119 -0.339438 -14.3798 
-0.336268 -0.106723 0.9357 60.8692 0.0207197 0.992479 0.120646 2.05906 -0.941538 0.0599567 -0.331528 -14.6466 
-0.325707 -0.105958 0.939515 61.652 0.021852 0.992591 0.11952 2.08659 -0.945218 0.0594587 -0.320978 -14.9221 
-0.313435 -0.108553 0.943385 62.4823 0.0220057 0.992348 0.121498 2.11925 -0.949355 0.0588416 -0.308648 -15.1988 
-0.299071 -0.111832 0.947655 63.2993 0.0215967 0.992061 0.123888 2.15207 -0.953986 0.0575175 -0.294282 -15.4609 
-0.282313 -0.112881 0.952658 64.165 0.0231633 0.991961 0.124402 2.20565 -0.959043 0.0571872 -0.277429 -15.7392 
-0.263612 -0.112145 0.958088 64.9834 0.025021 0.99209 0.123009 2.24242 -0.964304 0.0563989 -0.258721 -15.9785 
-0.242292 -0.113225 0.963574 65.88 0.0260413 0.99205 0.123119 2.28424 -0.969854 0.0549234 -0.237418 -16.2148 
-0.21948 -0.113393 0.969005 66.7631 0.029275 0.99201 0.122716 2.34754 -0.975178 0.0553013 -0.214407 -16.4285 
-0.197651 -0.111172 0.973948 67.5431 0.0301693 0.992388 0.1194 2.40091 -0.979808 0.0529827 -0.192792 -16.5456 
-0.174086 -0.107617 0.978832 68.3581 0.0337948 0.992772 0.11516 2.45338 -0.98415 0.0531271 -0.16919 -16.6709 
-0.149186 -0.105029 0.983215 69.1674 0.0436729 0.992673 0.112666 2.49351 -0.987844 0.059748 -0.143506 -16.781 
-0.123392 -0.106187 0.98666 69.9599 0.0507341 0.992283 0.113137 2.51072 -0.99106 0.0640176 -0.117053 -16.8639 
-0.0975669 -0.10275 0.989911 70.7431 0.0526923 0.992728 0.108235 2.52981 -0.993833 0.0627209 -0.0914432 -16.9136 
-0.0699901 -0.103269 0.992188 71.55 0.058442 0.992494 0.107423 2.54443 -0.995834 0.0655041 -0.0634295 -16.9351 
-0.042061 -0.105631 0.993515 72.3497 0.0658876 0.991938 0.108253 2.56984 -0.99694 0.0700136 -0.0347621 -16.9513 
-0.0150363 -0.111018 0.993705 73.1709 0.0699312 0.991267 0.111804 2.58109 -0.997438 0.0711721 -0.00714136 -16.9278 
0.014001 -0.108108 0.994041 74.0143 0.0737033 0.991545 0.106798 2.5997 -0.997182 0.0717688 0.0218505 -16.8877 
0.043014 -0.101522 0.993903 74.8581 0.0744044 0.992387 0.0981467 2.62792 -0.9963 0.0697291 0.0502402 -16.8071 
0.0730627 -0.0988215 0.992419 75.7554 0.0786033 0.992554 0.0930481 2.63508 -0.994225 0.071209 0.0802864 -16.7245 
0.103082 -0.103488 0.989275 76.5113 0.0799548 0.992217 0.0954644 2.62473 -0.991454 0.0692566 0.110554 -16.6161 
0.133228 -0.108026 0.98518 77.2685 0.0786571 0.992059 0.0981437 2.64439 -0.987959 0.0644159 0.140667 -16.4809 
0.164274 -0.109436 0.980325 78.0146 0.0776961 0.992175 0.0977396 2.66365 -0.98335 0.0601114 0.171491 -16.33 
0.195536 -0.108609 0.974664 78.823 0.0781917 0.992411 0.0949003 2.68716 -0.977574 0.0576542 0.202544 -16.1442 
0.226307 -0.107546 0.968101 79.5999 0.0782232 0.992683 0.091991 2.69507 -0.97091 0.0549098 0.233063 -15.9302 
0.257322 -0.106264 0.960465 80.3566 0.0777047 0.992992 0.0890441 2.70397 -0.963196 0.0517197 0.263776 -15.6974 
0.287746 -0.107088 0.951701 81.174 0.0792334 0.992984 0.0877775 2.69634 -0.954423 0.0501488 0.294213 -15.423 
0.318369 -0.107923 0.941803 82.0162 0.0812447 0.992949 0.0863202 2.70153 -0.944479 0.0490348 0.324892 -15.1187 
0.348704 -0.108017 0.930987 82.7253 0.0823368 0.993026 0.0843755 2.70756 -0.933609 0.0472325 0.355166 -14.8313 
0.378966 -0.107936 0.919094 83.4473 0.0854732 0.993012 0.081374 2.70254 -0.921455 0.04772 0.385543 -14.5164 
0.409598 -0.108738 0.905763 84.21 0.0880722 0.992946 0.0793771 2.69044 -0.908005 0.0472598 0.416285 -14.1551 
0.441104 -0.109036 0.890808 85.0011 0.089646 0.992981 0.0771518 2.67565 -0.892967 0.0458254 0.447783 -13.7586 
0.471792 -0.109525 0.874881 85.739 0.0911631 0.992996 0.0751503 2.66212 -0.876984 0.0443016 0.478472 -13.3525 
0.501615 -0.108094 0.858311 86.4477 0.091126 0.993245 0.0718317 2.66753 -0.860278 0.0421825 0.508077 -12.9081 
0.529815 -0.107129 0.84132 87.0803 0.0911372 0.993438 0.0691057 2.65728 -0.843203 0.0400624 0.536101 -12.4498 
0.558567 -0.106134 0.822641 87.7774 0.0913923 0.993616 0.0661382 2.66879 -0.824409 0.0382404 0.564701 -11.9356 
0.58629 -0.106025 0.803133 88.4302 0.09292 0.993657 0.0633444 2.64864 -0.804755 0.0374889 0.592423 -11.4107 
0.61373 -0.105809 0.782394 89.0406 0.0926014 0.993786 0.061758 2.62115 -0.784067 0.034548 0.619714 -10.8925 
0.640526 -0.104148 0.760841 89.635 0.0938482 0.993951 0.0570501 2.59984 -0.76218 0.0348615 0.646425 -10.3635 
0.666716 -0.103102 0.738146 90.2556 0.0956727 0.994031 0.0524289 2.59473 -0.739146 0.0356652 0.672601 -9.78348 
0.691793 -0.103243 0.714677 90.8588 0.0964887 0.994067 0.0502043 2.57766 -0.71562 0.0342272 0.697651 -9.16465 
0.715471 -0.102825 0.691034 91.3822 0.0963348 0.994182 0.0481913 2.55246 -0.691969 0.0320911 0.721214 -8.56869 
0.738495 -0.101909 0.666513 91.8977 0.0955112 0.994355 0.0462098 2.52735 -0.66746 0.0295337 0.74406 -7.95284 
0.759869 -0.100643 0.642238 92.4062 0.0951324 0.994523 0.0432919 2.5025 -0.643077 0.0282014 0.765282 -7.31321 
0.779127 -0.0981214 0.619139 92.8585 0.09141 0.9949 0.0426413 2.46884 -0.620165 0.0233725 0.784123 -6.69783 
0.796273 -0.0977127 0.596994 93.3014 0.0907462 0.994996 0.0418178 2.42179 -0.598093 0.0208765 0.801155 -6.0683 
0.811743 -0.0975039 0.575818 93.7595 0.0920388 0.995002 0.0387358 2.39507 -0.576717 0.0215541 0.81666 -5.39629 
0.825933 -0.0972025 0.555325 94.2052 0.0930865 0.995017 0.0357176 2.36149 -0.55603 0.022193 0.830866 -4.70053 
0.839195 -0.0964262 0.535214 94.6134 0.0919218 0.995145 0.0351594 2.32456 -0.536006 0.0196923 0.843984 -4.02244 
0.851883 -0.0953333 0.514982 95.0423 0.091266 0.995271 0.033272 2.3019 -0.515718 0.0186565 0.856555 -3.30444 
0.862891 -0.0964007 0.496112 95.4578 0.0934868 0.995145 0.030767 2.26681 -0.496669 0.0198313 0.867713 -2.56309 
0.872942 -0.0937013 0.478741 95.8184 0.092177 0.995383 0.0267443 2.24231 -0.479037 0.0207827 0.877549 -1.87265 
0.881511 -0.0947517 0.462559 96.18 0.0944911 0.995241 0.0237935 2.21904 -0.462612 0.0227335 0.886269 -1.17149 
0.889087 -0.0935869 0.448069 96.5234 0.0940228 0.995342 0.0213283 2.18872 -0.447978 0.023166 0.893744 -0.464089 
0.895534 -0.0927726 0.435214 96.856 0.0934695 0.995424 0.0198591 2.15023 -0.435065 0.0228948 0.900108 0.251624 
0.900853 -0.0933115 0.423978 97.1755 0.0938022 0.995395 0.0197647 2.12867 -0.42387 0.0219649 0.905457 0.95196 
0.905778 -0.0928265 0.413459 97.5092 0.0930374 0.995468 0.0196743 2.09572 -0.413412 0.0206467 0.91031 1.70028 
0.909802 -0.0887636 0.40544 97.832 0.0889436 0.995866 0.0184382 2.05859 -0.4054 0.0192862 0.913936 2.44857 
0.913054 -0.083205 0.399262 98.1563 0.0840991 0.99634 0.0153119 2.02803 -0.399074 0.019597 0.916709 3.20099 
0.91505 -0.084976 0.394288 98.4572 0.0837722 0.996278 0.0202999 2.00221 -0.394545 0.014455 0.918763 3.93511 
0.916288 -0.0857446 0.391233 98.7517 0.0823892 0.996277 0.025389 1.96919 -0.391953 0.00896976 0.919941 4.65743 
0.916924 -0.0856181 0.389768 99.0348 0.0817151 0.9963 0.0266176 1.93846 -0.390605 0.00744361 0.920528 5.37166 
0.917713 -0.0871061 0.387575 99.3371 0.0870971 0.996044 0.0176258 1.91185 -0.387577 0.0175813 0.921669 6.1217 
0.918213 -0.0856891 0.386706 99.6236 0.094825 0.995483 -0.0045706 1.86161 -0.384568 0.0408662 0.922192 6.80312 
0.919057 -0.074919 0.386937 99.9347 0.0987673 0.99422 -0.0420919 1.79624 -0.381547 0.0769016 0.921145 7.49695 
0.919757 -0.0719006 0.385847 100.229 0.0985397 0.993892 -0.049686 1.73524 -0.379918 0.0837203 0.921224 8.23517 
0.921012 -0.084873 0.380175 100.545 0.102328 0.994413 -0.0259 1.71277 -0.375853 0.0627568 0.924552 9.00638 
0.921844 -0.110288 0.371537 100.902 0.108575 0.993759 0.0255961 1.65318 -0.372041 0.0167442 0.928065 9.83338 
0.92293 -0.11588 0.367112 101.237 0.110643 0.993231 0.0353574 1.61011 -0.368724 0.00798587 0.929505 10.6371 
0.923851 -0.107344 0.367391 101.526 0.1103 0.993813 0.0130081 1.57901 -0.366514 0.0285056 0.929976 11.3721 
0.924556 -0.099489 0.367828 101.812 0.107665 0.994186 -0.00171881 1.55119 -0.365518 0.0411915 0.929892 12.143 
0.924975 -0.100905 0.366386 102.124 0.105361 0.994403 0.00787074 1.50893 -0.36513 0.0313228 0.930429 12.9612 
0.924928 -0.105491 0.365211 102.458 0.10628 0.994173 0.018002 1.46728 -0.364982 0.0221642 0.930751 13.795 
0.924548 -0.105321 0.366221 102.767 0.107579 0.994094 0.0143 1.43091 -0.365564 0.0261768 0.930418 14.5779 
0.924175 -0.10429 0.367457 103.055 0.108898 0.994019 0.0082334 1.40835 -0.366118 0.0324064 0.930004 15.4181 
0.924444 -0.104449 0.366733 103.38 0.108175 0.994077 0.0104409 1.35804 -0.365651 0.0300191 0.930268 16.2915 
0.925057 -0.104507 0.365169 103.726 0.107577 0.994124 0.011988 1.30617 -0.364276 0.0281942 0.930864 17.1468 
0.925673 -0.102817 0.364085 104.044 0.107487 0.994178 0.00747234 1.26943 -0.362734 0.0322175 0.931336 18.0018 
0.926261 -0.101763 0.362884 104.401 0.108609 0.994083 0.00154507 1.23794 -0.360894 0.0379814 0.931833 18.878 
0.926689 -0.102307 0.361636 104.75 0.10907 0.994033 0.00172226 1.19314 -0.359654 0.0378476 0.932318 19.7627 
0.927091 -0.103644 0.360223 105.091 0.109418 0.993986 0.00438545 1.14784 -0.358511 0.0353492 0.932856 20.6397 
0.927544 -0.104327 0.358858 105.411 0.109125 0.994004 0.00691896 1.09166 -0.357428 0.0327427 0.933367 21.4884 
0.927654 -0.106479 0.35794 105.74 0.111046 0.993784 0.00783562 1.05172 -0.356549 0.0324792 0.933712 22.3468 
0.927926 -0.105513 0.357521 106.083 0.110232 0.99388 0.00721719 1.00297 -0.356094 0.0327133 0.933877 23.2309 
0.928071 -0.104018 0.357582 106.428 0.10948 0.993976 0.00499392 0.960331 -0.355947 0.0345135 0.933869 24.1177 
0.92817 -0.101915 0.35793 106.796 0.107963 0.99415 0.00310292 0.921262 -0.356152 0.0357632 0.933743 25.0218 
0.927703 -0.102207 0.359055 107.176 0.107641 0.994178 0.0048845 0.872787 -0.357464 0.0341176 0.933303 25.9339 
0.927153 -0.102103 0.360503 107.561 0.106374 0.994294 0.00803332 0.828305 -0.359266 0.0308999 0.932723 26.8404 
0.926162 -0.105192 0.362159 107.933 0.109123 0.993981 0.00964784 0.780264 -0.360994 0.0305843 0.932066 27.7276 
0.925192 -0.106476 0.364256 108.307 0.11052 0.993826 0.00979072 0.740709 -0.363049 0.0311993 0.931248 28.6276 
0.92422 -0.107991 0.366272 108.676 0.111803 0.993671 0.0108578 0.693168 -0.365126 0.0309154 0.930445 29.5264 
0.923782 -0.109297 0.366988 109.087 0.113162 0.993515 0.0110392 0.652153 -0.365815 0.0313312 0.93016 30.5181 
0.923348 -0.110752 0.367646 109.449 0.115746 0.993242 0.00851404 0.593334 -0.366104 0.034692 0.929927 31.4247 
0.923854 -0.108596 0.367016 109.827 0.114857 0.99337 0.0048099 0.553903 -0.365105 0.0377106 0.930202 32.3795 
0.924509 -0.108248 0.365467 110.224 0.114342 0.993429 0.00499794 0.489733 -0.363606 0.0371674 0.930811 33.3473 
0.925128 -0.108859 0.363714 110.609 0.113594 0.993492 0.00841797 0.439903 -0.362264 0.0335281 0.931472 34.2841 
0.925529 -0.109267 0.362569 110.986 0.113995 0.993446 0.00839993 0.404323 -0.36111 0.0335566 0.931919 35.2371 
0.925408 -0.108694 0.363051 111.295 0.114117 0.993446 0.00654888 0.35627 -0.361383 0.0353697 0.931746 36.1424 
0.925357 -0.107658 0.363488 111.619 0.114079 0.993464 0.00382624 0.309766 -0.361524 0.0379257 0.931591 37.0117 
0.925368 -0.107441 0.363526 111.977 0.114347 0.993438 0.00253937 0.267337 -0.361413 0.0392183 0.931581 37.8911 
0.92509 -0.107337 0.364262 112.34 0.114915 0.993375 0.000875863 0.220355 -0.361943 0.041049 0.931296 38.8212 
0.925087 -0.106086 0.364638 112.722 0.112911 0.993602 0.00261871 0.178055 -0.362582 0.0387491 0.931146 39.7382 
0.924964 -0.106485 0.364833 113.103 0.112575 0.993633 0.0046039 0.119893 -0.363 0.0368125 0.931062 40.6847 
0.924654 -0.106228 0.365692 113.463 0.112305 0.993663 0.00467961 0.0801995 -0.363871 0.036742 0.930724 41.6138 
0.924519 -0.104583 0.366507 113.837 0.110996 0.993814 0.00359716 0.0263107 -0.364616 0.0373551 0.930408 42.5589 
0.924357 -0.104072 0.36706 114.234 0.110029 0.993917 0.00472322 -0.0207593 -0.365319 0.0360211 0.930185 43.5626 
0.924087 -0.10462 0.367583 114.628 0.110756 0.993838 0.00442846 -0.0746248 -0.365781 0.0366196 0.92998 44.5641 
0.923828 -0.106405 0.367722 115.02 0.113339 0.993553 0.00275462 -0.121422 -0.365644 0.0391325 0.929932 45.4963 
0.923656 -0.105802 0.368327 115.394 0.113038 0.993589 0.00194307 -0.171046 -0.366171 0.03984 0.929694 46.4529 
0.923354 -0.106413 0.368909 115.777 0.113801 0.993502 0.00174274 -0.229898 -0.366697 0.0403729 0.929464 47.4614 
0.923145 -0.107461 0.369129 116.192 0.114932 0.993372 0.00176035 -0.277949 -0.366871 0.0407998 0.929377 48.4653 
0.922882 -0.10634 0.370108 116.538 0.113777 0.993505 0.00174702 -0.328807 -0.36789 0.0404975 0.928987 49.4013 
0.922105 -0.109803 0.371032 116.907 0.117415 0.993081 0.00208654 -0.389677 -0.368694 0.0416408 0.928618 50.3738 
0.921937 -0.111418 0.37097 117.291 0.119096 0.99288 0.00222507 -0.429971 -0.368577 0.0421298 0.928642 51.2677 
0.921268 -0.110072 0.373027 117.645 0.117839 0.993031 0.00199202 -0.463703 -0.370647 0.0421221 0.927818 52.197 
0.921277 -0.106289 0.374101 117.983 0.114771 0.993392 -0.000396776 -0.509773 -0.371587 0.0433014 0.927388 53.1234 
0.921048 -0.107357 0.374359 118.402 0.116048 0.993243 -0.000678958 -0.556577 -0.371756 0.0440691 0.927284 54.1251 
0.920728 -0.108048 0.374948 118.839 0.11586 0.993264 0.00171944 -0.602222 -0.372608 0.0418582 0.927044 55.1829 
0.920404 -0.104816 0.376657 119.166 0.11294 0.993602 0.000517963 -0.643573 -0.374302 0.042063 0.926353 56.0387 
0.919796 -0.105105 0.378058 119.505 0.114415 0.993431 -0.00217962 -0.699745 -0.375346 0.0452602 0.925779 56.9453 
0.919471 -0.103766 0.379218 119.856 0.113194 0.993569 -0.00258413 -0.751616 -0.376511 0.0453014 0.925304 57.8648 
0.918919 -0.105003 0.380213 120.233 0.114209 0.993455 -0.00166399 -0.796632 -0.377549 0.0449528 0.924898 58.7832 
0.918565 -0.104422 0.381227 120.626 0.114114 0.993464 -0.00283708 -0.860039 -0.378439 0.0461095 0.924477 59.7302 
0.918336 -0.104382 0.381791 121.02 0.11453 0.993412 -0.00388427 -0.907736 -0.37887 0.0472937 0.924241 60.6449 
0.918381 -0.105056 0.381497 121.41 0.114444 0.993428 -0.00193192 -0.974652 -0.378787 0.0454342 0.924368 61.5916 
0.918445 -0.105779 0.381143 121.805 0.115149 0.993347 -0.00179174 -1.02817 -0.378418 0.0455338 0.924514 62.529 
0.918946 -0.106259 0.3798 122.189 0.116301 0.993208 -0.00352057 -1.08357 -0.376846 0.0474061 0.925062 63.4195 
0.919582 -0.107638 0.377868 122.61 0.11778 0.993033 -0.00375911 -1.13329 -0.37483 0.047962 0.925852 64.3721 
0.92012 -0.107996 0.376451 122.985 0.118011 0.993006 -0.00356913 -1.19637 -0.373433 0.0477093 0.926429 65.3038 
0.920565 -0.108169 0.375313 123.337 0.119126 0.992861 -0.00603862 -1.25535 -0.37198 0.0502683 0.926878 66.1671 
0.921123 -0.109841 0.373454 123.695 0.12105 0.992624 -0.00661794 -1.30883 -0.369973 0.0513026 0.927625 67.0252 
0.9217 -0.112605 0.371199 124.082 0.123253 0.992363 -0.00500457 -1.3756 -0.367801 0.0503643 0.92854 67.903 
0.921894 -0.111753 0.370975 124.414 0.122114 0.992506 -0.00447673 -1.4309 -0.367695 0.0494285 0.928632 68.7558 
0.922082 -0.110708 0.370822 124.75 0.120865 0.99266 -0.00418527 -1.48172 -0.367637 0.0486784 0.928694 69.6141 
0.921878 -0.110392 0.371421 125.043 0.120679 0.992681 -0.0044871 -1.52304 -0.368208 0.0489591 0.928454 70.4138 
0.921782 -0.111377 0.371367 125.377 0.121779 0.992547 -0.00459449 -1.57777 -0.368088 0.0494598 0.928475 71.2502 
0.921644 -0.110254 0.372045 125.709 0.121423 0.992579 -0.00664694 -1.62833 -0.368551 0.0513007 0.928191 72.0733 
0.921611 -0.110248 0.372127 126.035 0.122284 0.992456 -0.00881863 -1.68402 -0.368348 0.0536324 0.92814 72.8766 
0.921549 -0.110547 0.372193 126.378 0.123129 0.992339 -0.0101279 -1.74618 -0.368222 0.0551612 0.9281 73.7342 
0.921447 -0.111009 0.372306 126.683 0.123977 0.992224 -0.0109924 -1.802 -0.368191 0.0562862 0.928045 74.501 
0.921198 -0.111102 0.372896 126.963 0.124015 0.992222 -0.0107378 -1.86172 -0.368802 0.0561362 0.927811 75.2409 
0.921163 -0.111236 0.372942 127.292 0.124115 0.992211 -0.0106198 -1.912 -0.368855 0.0560703 0.927794 76.0536 
0.921169 -0.112152 0.372653 127.64 0.12457 0.992167 -0.00933016 -1.96901 -0.368688 0.0550162 0.927924 76.8896 
0.921155 -0.112649 0.372537 127.948 0.124913 0.992128 -0.00886464 -2.02164 -0.368606 0.0547005 0.927975 77.6643 
0.921048 -0.112826 0.372747 128.225 0.124825 0.992146 -0.00812923 -2.07865 -0.368903 0.0540155 0.927897 78.3831 
0.921018 -0.112619 0.372884 128.528 0.125009 0.992114 -0.00913128 -2.13177 -0.368915 0.0550241 0.927833 79.1418 
0.921002 -0.111573 0.373237 128.823 0.1243 0.992193 -0.0101255 -2.18657 -0.369194 0.0557192 0.927681 79.8719 
0.920924 -0.111944 0.37332 129.121 0.125283 0.992054 -0.0115745 -2.23783 -0.369058 0.0574299 0.92763 80.6196 
0.920909 -0.112118 0.373305 129.426 0.125596 0.99201 -0.0118945 -2.29317 -0.368989 0.0578395 0.927632 81.3881 
0.920969 -0.112958 0.372903 129.741 0.126056 0.991964 -0.0108448 -2.34417 -0.368681 0.0569944 0.927807 82.1622 
0.921443 -0.113206 0.371655 130.079 0.12593 0.991988 -0.0100578 -2.39901 -0.367539 0.0560702 0.928316 82.9607 
0.921542 -0.113388 0.371354 130.391 0.126562 0.991895 -0.0112095 -2.44385 -0.367073 0.0573294 0.928424 83.7303 
0.921781 -0.112484 0.371036 130.698 0.126264 0.991912 -0.0129726 -2.49623 -0.366576 0.0588063 0.928528 84.5004 
0.921943 -0.112825 0.370528 131.01 0.127065 0.991793 -0.0141643 -2.55841 -0.365889 0.0601401 0.928713 85.2842 
0.922241 -0.112995 0.369736 131.316 0.127585 0.991712 -0.015161 -2.62958 -0.364958 0.0611546 0.929013 86.0335 
0.922599 -0.110893 0.369477 131.623 0.125952 0.991894 -0.0168046 -2.68711 -0.364619 0.0620402 0.929088 86.8054 
0.922935 -0.110501 0.368756 131.938 0.125975 0.991869 -0.018072 -2.74615 -0.363761 0.0631334 0.92935 87.6027 
0.923297 -0.112005 0.367393 132.236 0.126486 0.991847 -0.0154929 -2.80697 -0.362663 0.0607746 0.929937 88.3527 
0.92365 -0.112986 0.366203 132.56 0.127122 0.991779 -0.0146333 -2.86668 -0.361539 0.0600685 0.93042 89.1381 
0.924401 -0.112064 0.364589 132.868 0.12633 0.991868 -0.0154322 -2.93748 -0.359894 0.0603239 0.931041 89.9111 
0.924952 -0.112084 0.363181 133.178 0.126589 0.991821 -0.0163062 -2.99431 -0.358383 0.0610574 0.931576 90.7011 
0.925492 -0.112066 0.361809 133.481 0.126665 0.991803 -0.016805 -3.05785 -0.35696 0.0613815 0.932101 91.4718 
0.92579 -0.113603 0.360566 133.789 0.127965 0.991647 -0.0161281 -3.12299 -0.355722 0.0610712 0.932594 92.2486 
0.92614 -0.113762 0.359615 134.077 0.128341 0.991587 -0.0168429 -3.18986 -0.354673 0.0617522 0.932949 93.0221 
0.9262 -0.115514 0.358901 134.364 0.130073 0.991365 -0.0165993 -3.25711 -0.353884 0.0620576 0.933228 93.7883 
0.926292 -0.117132 0.358138 134.664 0.131525 0.991184 -0.0160033 -3.31717 -0.353106 0.0619277 0.933532 94.592 
0.926502 -0.117119 0.357598 134.965 0.130791 0.991308 -0.0141973 -3.38181 -0.352827 0.0599245 0.933768 95.3924 
0.926313 -0.115583 0.358588 135.25 0.12895 0.991559 -0.0134975 -3.44695 -0.354001 0.0587426 0.933398 96.1715 
0.926062 -0.114298 0.359646 135.548 0.127341 0.991778 -0.0127019 -3.50316 -0.355237 0.0575606 0.933002 96.9653 
0.925923 -0.114403 0.359971 135.837 0.125738 0.99203 -0.00814707 -3.56596 -0.35617 0.0528055 0.932928 97.735 
0.925984 -0.114549 0.359766 136.152 0.124704 0.992181 -0.00506045 -3.62369 -0.356373 0.0495503 0.933029 98.511 
0.9254 -0.11833 0.360044 136.442 0.124955 0.99215 0.00491226 -3.68075 -0.357799 0.0404434 0.932922 99.3021 
0.925862 -0.119297 0.358535 136.73 0.117629 0.992703 0.0265454 -3.71238 -0.359085 0.0175969 0.933139 100.103 
0.925837 -0.123679 0.357113 137.027 0.116596 0.992317 0.041387 -3.74303 -0.359488 0.00332041 0.933144 100.863 
0.925872 -0.12501 0.356557 137.314 0.117657 0.992152 0.0423306 -3.78086 -0.35905 0.00275881 0.933314 101.609 
0.925227 -0.1213 0.359502 137.597 0.118378 0.992509 0.0302203 -3.80772 -0.360474 0.0145965 0.932655 102.351 
0.92521 -0.117999 0.360642 137.889 0.118222 0.992754 0.0215257 -3.83289 -0.360569 0.0227202 0.932456 103.093 
0.92513 -0.11739 0.361046 138.155 0.117385 0.992842 0.0220288 -3.86732 -0.361048 0.0220017 0.932288 103.816 
0.92497 -0.116391 0.36178 138.413 0.117226 0.992909 0.0197243 -3.9017 -0.36151 0.0241654 0.932055 104.513 
0.925063 -0.11506 0.361967 138.681 0.115366 0.993104 0.0208466 -3.93316 -0.361869 0.0224742 0.931958 105.221 
0.925115 -0.113697 0.362265 138.957 0.113701 0.993285 0.0213831 -3.97115 -0.362263 0.0214081 0.93183 105.926 
0.925598 -0.109386 0.362357 139.234 0.10975 0.993765 0.0196463 -4.0036 -0.362246 0.0215841 0.931832 106.634 
0.926002 -0.103365 0.363093 139.482 0.105145 0.994345 0.0149164 -4.02918 -0.362582 0.0243648 0.931633 107.289 
0.926208 -0.10214 0.362914 139.733 0.104416 0.994443 0.0133957 -4.05518 -0.362266 0.025487 0.931726 107.931 
0.926269 -0.101225 0.363015 139.976 0.10371 0.994527 0.0126927 -4.08249 -0.362313 0.0258913 0.931697 108.562 
0.927077 -0.0953438 0.362543 140.221 0.0978843 0.995132 0.0114013 -4.11101 -0.361865 0.0249174 0.931897 109.191 
0.927724 -0.0952421 0.360911 140.465 0.0972916 0.995177 0.0125322 -4.13712 -0.360364 0.0234871 0.932516 109.793 
0.928359 -0.0950713 0.359319 140.71 0.0977221 0.995155 0.0108243 -4.16397 -0.358608 0.0250646 0.933152 110.422 
0.928434 -0.0955244 0.359006 140.939 0.0990133 0.995048 0.00870202 -4.19222 -0.35806 0.0274671 0.933295 110.992 
0.928895 -0.0941967 0.358164 141.18 0.0972158 0.995217 0.00961248 -4.21674 -0.357356 0.0258902 0.933609 111.592 
0.929423 -0.094661 0.356667 141.404 0.0973197 0.995197 0.0105287 -4.24265 -0.355951 0.0249251 0.934172 112.155 
0.929472 -0.0976275 0.355738 141.623 0.0993499 0.994961 0.0134721 -4.27321 -0.355261 0.0228206 0.934488 112.716 
0.929278 -0.104099 0.354408 141.846 0.105072 0.994327 0.0165557 -4.29847 -0.354121 0.0218536 0.934944 113.248 
0.928986 -0.107907 0.354035 142.053 0.108719 0.993916 0.0176602 -4.32189 -0.353786 0.0220842 0.935066 113.777 
0.928665 -0.111722 0.353694 142.252 0.112322 0.993492 0.0189003 -4.35015 -0.353503 0.0221757 0.93517 114.274 
0.928438 -0.114265 0.353477 142.439 0.115017 0.993183 0.0189528 -4.36921 -0.353233 0.0230595 0.935251 114.748 
0.928336 -0.116489 0.353021 142.614 0.117381 0.992906 0.0189605 -4.3916 -0.352725 0.0238361 0.935423 115.205 
0.927845 -0.12028 0.353039 142.784 0.121893 0.992385 0.0177507 -4.4119 -0.352486 0.026563 0.93544 115.631 
0.927381 -0.122086 0.353638 142.936 0.125203 0.99203 0.0141462 -4.43433 -0.352546 0.0311575 0.935275 116.015 
0.927333 -0.120347 0.354358 143.076 0.125039 0.992104 0.00971928 -4.45659 -0.35273 0.0352954 0.935059 116.381 
0.927448 -0.117519 0.355007 143.195 0.122748 0.992407 0.00784222 -4.47785 -0.353233 0.0363033 0.934831 116.711 
0.927557 -0.114782 0.355617 143.303 0.120593 0.992685 0.00586636 -4.49539 -0.353689 0.0374433 0.934613 117.003 
0.927714 -0.113386 0.355654 143.408 0.120658 0.992693 0.00174586 -4.51332 -0.353253 0.0412928 0.934616 117.264 
0.927775 -0.112642 0.355732 143.498 0.120902 0.992664 -0.000996676 -4.52767 -0.35301 0.0439335 0.934588 117.502 
0.927467 -0.113024 0.356414 143.584 0.122218 0.992498 -0.0033031 -4.54426 -0.353367 0.0466236 0.934322 117.715 
0.927525 -0.112794 0.356335 143.655 0.122611 0.992442 -0.00500386 -4.5594 -0.353078 0.0483319 0.934345 117.9 
0.927658 -0.112626 0.356043 143.72 0.122374 0.992472 -0.00489429 -4.57507 -0.352811 0.0481105 0.934457 118.072 
0.927697 -0.111256 0.356372 143.779 0.120969 0.992644 -0.00500829 -4.58418 -0.353193 0.047756 0.934331 118.229 
0.92772 -0.11137 0.356277 143.825 0.121351 0.992593 -0.00571174 -4.59782 -0.353002 0.0485336 0.934363 118.357 
0.927699 -0.110933 0.356466 143.871 0.121747 0.992529 -0.00796674 -4.60547 -0.352919 0.0507893 0.934274 118.474 
0.927547 -0.110491 0.356998 143.916 0.122387 0.992423 -0.0108287 -4.61504 -0.353097 0.053736 0.934042 118.588 
0.927718 -0.108656 0.357119 143.958 0.12069 0.992623 -0.0115152 -4.62275 -0.353233 0.0537837 0.933988 118.707 
0.928138 -0.105252 0.357046 144 0.116673 0.993115 -0.0105326 -4.63055 -0.353479 0.0514332 0.934028 118.836 
0.928681 -0.0975068 0.357833 144.039 0.107388 0.994187 -0.00779576 -4.63978 -0.354993 0.0456669 0.933753 118.973 
0.930261 -0.0880929 0.356166 144.076 0.0945996 0.995515 -0.000854857 -4.64328 -0.354494 0.0344884 0.934422 119.127 
0.930864 -0.0987773 0.35176 144.14 0.105025 0.994469 0.00132814 -4.65407 -0.349945 0.0357072 0.936089 119.261 
0.92725 -0.122505 0.353836 144.229 0.134033 0.990943 -0.00815869 -4.66479 -0.349632 0.0549909 0.935272 119.37 
0.92373 -0.133552 0.359007 144.305 0.149956 0.988527 -0.0181028 -4.67876 -0.352471 0.0705574 0.933159 119.484 
0.925906 -0.121892 0.357549 144.337 0.139244 0.989989 -0.0230898 -4.70084 -0.351155 0.0711657 0.933609 119.612 
0.929247 -0.0983073 0.35614 144.346 0.115861 0.992864 -0.0282414 -4.71919 -0.350823 0.0675061 0.934006 119.749 
0.929857 -0.0856085 0.357824 144.376 0.103722 0.994101 -0.0316992 -4.73393 -0.353 0.0665898 0.933251 119.884 
0.929575 -0.091077 0.357205 144.437 0.11002 0.99338 -0.0330277 -4.74335 -0.351832 0.0700013 0.933442 120.014 
0.928636 -0.0994475 0.357415 144.505 0.119118 0.992318 -0.0333895 -4.75527 -0.351349 0.0735814 0.933348 120.145 
0.928101 -0.0997628 0.358713 144.562 0.119727 0.992231 -0.033819 -4.76895 -0.352552 0.0743352 0.932835 120.29 
0.928855 -0.0928713 0.358613 144.608 0.112755 0.99301 -0.0348863 -4.78162 -0.352866 0.0728396 0.932834 120.441 
0.928921 -0.0891152 0.359395 144.662 0.109106 0.993389 -0.0356846 -4.79885 -0.35384 0.0723605 0.932503 120.598 
0.928226 -0.091425 0.360608 144.727 0.111711 0.993097 -0.0357705 -4.81344 -0.354848 0.073487 0.932031 120.755 
0.927487 -0.0946005 0.361688 144.798 0.115461 0.992643 -0.0364517 -4.82916 -0.355579 0.0755694 0.931586 120.916 
0.927164 -0.0922042 0.363132 144.864 0.114131 0.992686 -0.0393484 -4.84435 -0.356848 0.0779272 0.930907 121.087 
0.927168 -0.0812326 0.365732 144.92 0.105143 0.993397 -0.0459046 -4.85695 -0.359588 0.0810154 0.929587 121.265 
0.927392 -0.0693858 0.367599 144.97 0.0964422 0.993777 -0.0557284 -4.86546 -0.361445 0.0871342 0.928313 121.441 
0.9281 -0.0863089 0.362188 145.069 0.11255 0.992287 -0.0519466 -4.88413 -0.354911 0.0889759 0.930656 121.626 
0.924992 -0.10841 0.364193 145.185 0.132075 0.990407 -0.0406312 -4.913 -0.356294 0.0856842 0.930437 121.811 
0.923198 -0.114202 0.366964 145.269 0.134676 0.990417 -0.0305888 -4.94553 -0.359955 0.0776609 0.929732 122.008 
0.925656 -0.101448 0.364513 145.318 0.119315 0.992496 -0.0267697 -4.97191 -0.359062 0.0682712 0.930813 122.206 
0.925615 -0.0901408 0.367575 145.378 0.107784 0.993788 -0.0277115 -4.9859 -0.362793 0.0652691 0.929581 122.413 
0.924664 -0.094157 0.368959 145.465 0.113343 0.993084 -0.0306221 -4.99667 -0.363524 0.0701341 0.928941 122.614 
0.923627 -0.104885 0.368663 145.576 0.12502 0.991667 -0.0310876 -5.01345 -0.362331 0.0748036 0.929043 122.834 
0.922132 -0.108479 0.371356 145.683 0.128624 0.991244 -0.0298352 -5.0408 -0.364868 0.0752775 0.928011 123.084 
0.922394 -0.103215 0.372204 145.783 0.123029 0.991955 -0.0298134 -5.0689 -0.366132 0.0732915 0.927672 123.358 
0.922594 -0.0990548 0.372839 145.897 0.117404 0.992723 -0.0267722 -5.09942 -0.367474 0.0684726 0.92751 123.666 
0.921744 -0.102461 0.374018 146.028 0.119225 0.992626 -0.0218946 -5.14051 -0.369017 0.0647735 0.927163 123.99 
0.920513 -0.110001 0.374908 146.172 0.126923 0.991697 -0.0206621 -5.17578 -0.369523 0.0666042 0.926832 124.316 
0.919012 -0.115539 0.376918 146.334 0.133628 0.990785 -0.022103 -5.20867 -0.370891 0.0706797 0.925983 124.688 
0.918031 -0.11676 0.378928 146.488 0.135473 0.990514 -0.0230011 -5.24031 -0.372647 0.0724501 0.92514 125.054 
0.916815 -0.118332 0.381375 146.648 0.136205 0.990476 -0.0201111 -5.27727 -0.375363 0.0703835 0.924202 125.415 
0.914536 -0.11916 0.386556 146.804 0.136888 0.990413 -0.0185538 -5.31471 -0.380639 0.0698831 0.922079 125.782 
0.911345 -0.118623 0.394181 146.958 0.138263 0.990158 -0.021692 -5.34477 -0.387728 0.0742696 0.918777 126.117 
0.907326 -0.115805 0.404165 147.124 0.137615 0.990164 -0.0252274 -5.37508 -0.397269 0.0785087 0.914338 126.465 
0.901042 -0.118779 0.417151 147.306 0.140906 0.989767 -0.0225308 -5.40927 -0.410206 0.0790805 0.908558 126.823 
0.891909 -0.127005 0.434014 147.505 0.149517 0.988596 -0.017971 -5.43873 -0.426782 0.0809212 0.900727 127.159 
0.880616 -0.132347 0.454973 147.703 0.158423 0.987179 -0.0194731 -5.46119 -0.446563 0.0892265 0.890292 127.476 
0.867617 -0.131642 0.47949 147.909 0.163618 0.986199 -0.0253013 -5.48806 -0.469542 0.100405 0.877183 127.797 
0.852891 -0.125857 0.506692 148.131 0.161089 0.986595 -0.0260947 -5.52516 -0.496615 0.103879 0.861732 128.127 
