1 0 0 0 0 1 0 0 0 0 1 0 
0.999989 0.00075756 0.00469458 0.00091023 -0.000747899 0.999998 -0.00205929 -0.0245414 -0.00469612 0.00205576 0.999987 0.378842 
0.999943 0.00208785 0.0105154 0.00288404 -0.00204563 0.99999 -0.00402368 -0.0492393 -0.0105237 0.00400194 0.999937 0.729326 
0.999851 0.00338949 0.0169285 0.00968697 -0.00328915 0.999977 -0.00595162 -0.0686721 -0.0169483 0.00589505 0.999839 1.075 
0.999681 0.0043325 0.0248769 0.0189726 -0.00411709 0.999954 -0.00870377 -0.0855078 -0.0249134 0.00859858 0.999653 1.42039 
0.999395 0.00475402 0.0344618 0.0366735 -0.00445059 0.999951 -0.00887615 -0.112736 -0.0345023 0.0087174 0.999367 1.75383 
0.998922 0.00449715 0.0461934 0.0604813 -0.00411597 0.999957 -0.00834366 -0.13876 -0.0462289 0.00814454 0.998898 2.09633 
0.998208 0.00323017 0.0597523 0.0810637 -0.00288151 0.999978 -0.00592022 -0.173992 -0.0597702 0.00573743 0.998196 2.4266 
0.997177 0.00173653 0.0750663 0.122214 -0.00144152 0.999991 -0.00398396 -0.200521 -0.0750725 0.0038645 0.997171 2.74355 
0.995585 0.00251854 0.0938275 0.160982 -0.00222407 0.999992 -0.00324286 -0.228832 -0.0938349 0.00301986 0.995583 3.04707 
0.993222 0.00273553 0.116201 0.207504 -0.00241239 0.999993 -0.00292146 -0.24944 -0.116208 0.00262134 0.993221 3.34272 
0.989709 0.0040287 0.143036 0.267438 -0.00349386 0.999986 -0.00399015 -0.263551 -0.14305 0.00344934 0.989709 3.63645 
0.984716 0.00296303 0.174142 0.345439 -0.00190049 0.999979 -0.00626799 -0.282679 -0.174156 0.00584124 0.984701 3.93449 
0.977888 0.00166834 0.209122 0.457204 -0.000437714 0.999982 -0.00593086 -0.297079 -0.209128 0.00570818 0.977872 4.24055 
0.968434 -0.000959502 0.249268 0.568532 0.000982649 1 3.15751e-05 -0.317516 -0.249267 0.000214364 0.968435 4.53605 
0.956782 -0.0033248 0.290788 0.714425 0.0019323 0.999985 0.00507573 -0.333909 -0.290801 -0.00429447 0.956774 4.83759 
0.941912 -0.0055803 0.335814 0.876067 0.00344948 0.99997 0.00694141 -0.341675 -0.335843 -0.00537981 0.941903 5.12228 
0.922545 -0.00743172 0.385819 1.04578 0.00548491 0.999966 0.00614638 -0.356982 -0.385852 -0.00355413 0.922554 5.38373 
0.89828 -0.0117674 0.439266 1.23206 0.00972792 0.999929 0.00689361 -0.370598 -0.439316 -0.00191925 0.898331 5.63875 
0.868933 -0.0186731 0.494578 1.44229 0.0143697 0.999819 0.0125024 -0.387273 -0.494721 -0.00375677 0.869043 5.89247 
0.835299 -0.0244949 0.54925 1.68081 0.0176005 0.999686 0.0178163 -0.398906 -0.549514 -0.00521485 0.835468 6.1431 
0.797385 -0.0248974 0.602957 1.93357 0.01726 0.999681 0.0184533 -0.407521 -0.603224 -0.00430735 0.79756 6.38243 
0.75458 -0.0262329 0.655683 2.20278 0.016037 0.999639 0.0215381 -0.416325 -0.656012 -0.00573705 0.754729 6.60577 
0.707795 -0.0315499 0.705713 2.50527 0.016264 0.999465 0.0283706 -0.419347 -0.70623 -0.00860286 0.70793 6.81923 
0.657528 -0.0382985 0.752457 2.82152 0.0202751 0.999245 0.0331423 -0.431131 -0.753158 -0.00653584 0.657808 7.00889 
0.603301 -0.0431265 0.796346 3.15522 0.0256325 0.999069 0.0346862 -0.446433 -0.797101 -0.000513827 0.603845 7.17343 
0.545621 -0.0459778 0.83677 3.50763 0.0274463 0.998939 0.0369919 -0.452129 -0.837583 0.00278263 0.546304 7.32947 
0.484634 -0.0493872 0.873322 3.88123 0.0255014 0.998778 0.0423304 -0.455865 -0.874345 0.00175619 0.485301 7.47289 
0.421614 -0.0519454 0.905286 4.25614 0.0218595 0.99865 0.0471221 -0.462452 -0.906512 -7.8224e-05 0.422181 7.58067 
0.356184 -0.0569706 0.932677 4.68643 0.0200485 0.998376 0.0533273 -0.464266 -0.934201 -0.000295584 0.356748 7.68663 
0.291384 -0.0654407 0.954365 5.13416 0.0228852 0.997849 0.0614352 -0.455906 -0.956332 0.00393958 0.292255 7.74688 
0.224165 -0.0696652 0.972058 5.59014 0.018421 0.997566 0.0672452 -0.469897 -0.974377 0.00283227 0.224903 7.80385 
0.159818 -0.0719147 0.984523 6.08154 0.0109811 0.997411 0.0710735 -0.471081 -0.987085 -0.000547675 0.160194 7.83103 
0.0993014 -0.0765961 0.992105 6.559 -0.000698622 0.997027 0.0770461 -0.490349 -0.995057 -0.00834389 0.0989527 7.82417 
0.0342892 -0.0674721 0.997132 7.10693 0.00755646 0.997707 0.0672512 -0.502037 -0.999383 0.0052288 0.0347205 7.79345 
-0.0263164 -0.0586508 0.997932 7.63779 0.0154056 0.998135 0.0590691 -0.501514 -0.999535 0.0169282 -0.0253637 7.71488 
-0.0812962 -0.0566805 0.995077 8.24682 0.0161179 0.998176 0.0581739 -0.492402 -0.99656 0.0207679 -0.0802343 7.63608 
-0.129959 -0.0633724 0.989492 8.83116 0.00630201 0.997882 0.0647374 -0.482961 -0.991499 0.014649 -0.129284 7.53022 
-0.171091 -0.0799827 0.982003 9.45455 0.0116944 0.996464 0.0831981 -0.461741 -0.985186 0.0257184 -0.169551 7.38733 
-0.20692 -0.088221 0.974372 10.0901 0.0179849 0.995415 0.0939455 -0.454137 -0.978192 0.0369632 -0.204385 7.21962 
-0.238422 -0.0817181 0.967717 10.7548 0.0188479 0.995877 0.0887396 -0.42313 -0.970979 0.039397 -0.235899 7.0429 
-0.263325 -0.0756731 0.961735 11.4072 0.0182746 0.996349 0.0834004 -0.400424 -0.964534 0.0395368 -0.260981 6.85958 
-0.282631 -0.0783921 0.95602 12.0846 0.0168389 0.996096 0.0866563 -0.414279 -0.959081 0.0405901 -0.280208 6.65119 
-0.300075 -0.0822675 0.950362 12.8094 0.0154447 0.995725 0.091071 -0.421988 -0.953791 0.0420061 -0.297521 6.42401 
-0.315533 -0.0835224 0.945232 13.5859 0.0141758 0.995593 0.0927045 -0.412092 -0.948809 0.0426507 -0.312959 6.15656 
-0.330098 -0.0844381 0.940162 14.3027 0.0141707 0.995436 0.0943778 -0.409618 -0.94384 0.0444767 -0.327395 5.90746 
-0.343106 -0.0872199 0.935238 15.0893 0.014893 0.995049 0.0982615 -0.398998 -0.939179 0.0476426 -0.340108 5.63184 
-0.354659 -0.0928855 0.93037 15.8051 0.0148007 0.994371 0.104917 -0.404094 -0.934878 0.05098 -0.351288 5.35929 
-0.366055 -0.0951428 0.925717 16.5238 0.0138586 0.994092 0.10765 -0.386866 -0.93049 0.052235 -0.362574 5.08297 
-0.376656 -0.0953129 0.921437 17.2662 0.0119451 0.99411 0.107713 -0.36344 -0.926276 0.0515774 -0.373299 4.79006 
-0.386949 -0.09458 0.917238 18.043 0.0108867 0.994188 0.107107 -0.350858 -0.922037 0.0514309 -0.383671 4.4576 
-0.39571 -0.0930645 0.913648 18.8124 0.00989544 0.994362 0.105572 -0.320451 -0.918322 0.0508168 -0.392559 4.12407 
-0.40335 -0.0918213 0.910427 19.5837 0.0109854 0.994395 0.105157 -0.28568 -0.91498 0.0524165 -0.400081 3.79449 
-0.410618 -0.0965988 0.906676 20.3332 0.00952036 0.993864 0.1102 -0.255662 -0.911758 0.0538818 -0.407179 3.4638 
-0.417219 -0.0986361 0.903437 21.0498 0.00762474 0.993678 0.11201 -0.229252 -0.908774 0.0536211 -0.413829 3.14292 
-0.421942 -0.0944413 0.90169 21.7859 0.00844563 0.994107 0.108073 -0.184939 -0.906583 0.0532159 -0.418658 2.79795 
-0.425046 -0.0932992 0.900351 22.5851 0.00929923 0.994171 0.107411 -0.148423 -0.905124 0.0540273 -0.4217 2.43494 
-0.426105 -0.0945077 0.899724 23.4189 0.00957251 0.994002 0.108944 -0.0992903 -0.904623 0.0550344 -0.422645 2.03257 
-0.426358 -0.0975123 0.899283 24.2081 0.0111396 0.993531 0.113013 -0.0796073 -0.904486 0.0582017 -0.422513 1.69286 
-0.423468 -0.0994134 0.90044 25.0183 0.0102664 0.99337 0.114502 -0.0396113 -0.905853 0.057732 -0.41964 1.32978 
-0.420348 -0.0993705 0.901905 25.7674 0.00918443 0.993468 0.113739 -0.00411794 -0.907316 0.0560936 -0.41669 0.994135 
-0.417321 -0.0984183 0.903414 26.5697 0.011512 0.993466 0.113546 0.0728976 -0.908686 0.0577854 -0.413461 0.632712 
-0.414261 -0.0996042 0.904691 27.4372 0.0144549 0.993148 0.115962 0.118928 -0.910043 0.0611159 -0.409983 0.23629 
-0.41155 -0.0965117 0.906263 28.2823 0.028103 0.992561 0.118464 0.137648 -0.910954 0.0742225 -0.405776 -0.164466 
-0.409594 -0.0887328 0.907942 29.17 0.0425546 0.992317 0.116176 0.209582 -0.911275 0.0862221 -0.402671 -0.586305 
-0.406832 -0.103287 0.907645 30.1195 0.0231841 0.9921 0.12329 0.273524 -0.913209 0.071201 -0.401223 -1.00865 
-0.40388 -0.122412 0.906585 30.9555 -0.00356055 0.99121 0.132252 0.326082 -0.914805 0.0501861 -0.400766 -1.31919 
-0.40134 -0.115933 0.908563 31.7262 0.0151603 0.99098 0.133146 0.359202 -0.915804 0.067211 -0.395962 -1.67636 
-0.403484 -0.0908977 0.910461 32.4875 0.011036 0.994497 0.104178 0.391163 -0.91492 0.0520821 -0.40026 -1.99929 
-0.407111 -0.089178 0.909015 33.3615 -0.00778707 0.995525 0.0941775 0.42455 -0.913346 0.0312621 -0.405983 -2.30563 
-0.404817 -0.111451 0.90758 34.2279 -0.00690722 0.992889 0.118846 0.431545 -0.914371 0.041842 -0.402708 -2.68618 
-0.403713 -0.141682 0.903849 35.1 0.00212153 0.987788 0.155788 0.513814 -0.914883 0.0648111 -0.398482 -3.11036 
-0.405019 -0.141779 0.903249 35.9218 0.0039457 0.987624 0.156793 0.591016 -0.9143 0.0670679 -0.399447 -3.48466 
-0.405645 -0.121299 0.905946 36.6831 0.00252356 0.991003 0.133817 0.64587 -0.914027 0.0565684 -0.401689 -3.80365 
-0.405646 -0.113696 0.906931 37.4624 -0.000555324 0.992264 0.124146 0.715236 -0.91403 0.0498555 -0.402571 -4.13555 
-0.405579 -0.123101 0.905733 38.2357 0.00130809 0.990811 0.13525 0.782064 -0.914059 0.0560392 -0.401691 -4.46795 
-0.405948 -0.128648 0.904796 39.0505 0.00381488 0.989795 0.142445 0.839472 -0.913888 0.061277 -0.401315 -4.82976 
-0.407996 -0.12533 0.90434 39.8513 0.00499007 0.990212 0.139482 0.907477 -0.91297 0.0614208 -0.403377 -5.19699 
-0.410599 -0.121272 0.903715 40.6572 0.00620369 0.990721 0.135767 0.979046 -0.911795 0.061352 -0.406037 -5.55602 
-0.412751 -0.119272 0.903001 41.5008 0.00720092 0.990931 0.134177 1.04963 -0.910815 0.0618842 -0.408149 -5.94942 
-0.416229 -0.119684 0.901348 42.2008 0.00820687 0.990764 0.135347 1.06904 -0.909223 0.0637325 -0.411403 -6.25359 
-0.419912 -0.117362 0.899944 42.909 0.0123578 0.990772 0.134973 1.09421 -0.907481 0.0677983 -0.414587 -6.57922 
-0.423247 -0.117673 0.89834 43.6287 0.0138104 0.990577 0.136261 1.13413 -0.905909 0.0700786 -0.417633 -6.90658 
-0.426262 -0.120836 0.896493 44.404 0.0139103 0.990045 0.14006 1.19381 -0.904493 0.0721726 -0.420338 -7.26724 
-0.428249 -0.122301 0.895346 45.1533 0.016157 0.989605 0.142904 1.24901 -0.903516 0.0756648 -0.421821 -7.61615 
-0.430442 -0.121655 0.894382 45.8663 0.0176319 0.989553 0.143086 1.30397 -0.902446 0.0773597 -0.423801 -7.95303 
-0.432386 -0.120857 0.893553 46.6093 0.0191341 0.989524 0.143096 1.34746 -0.901486 0.0789702 -0.425544 -8.29891 
-0.432498 -0.121164 0.893457 47.3666 0.0199537 0.989401 0.143835 1.41743 -0.901414 0.0800359 -0.425496 -8.64187 
-0.430083 -0.121266 0.894608 48.1263 0.0226708 0.989174 0.144984 1.49084 -0.902505 0.0826364 -0.422677 -8.99417 
-0.425481 -0.121562 0.896766 48.8651 0.0237136 0.989099 0.145329 1.5466 -0.904657 0.0831004 -0.41796 -9.32919 
-0.41992 -0.121653 0.899371 49.6187 0.0245155 0.989093 0.145236 1.60194 -0.90723 0.083036 -0.412357 -9.67704 
-0.414219 -0.123807 0.901718 50.3661 0.0236777 0.988904 0.146654 1.66853 -0.909869 0.0820975 -0.406691 -9.99292 
-0.408211 -0.124463 0.904363 51.1003 0.0256279 0.988709 0.147639 1.73529 -0.912528 0.0834449 -0.400412 -10.3151 
-0.402187 -0.124328 0.907077 51.8499 0.0265446 0.988737 0.14729 1.79779 -0.915173 0.0833161 -0.394357 -10.6286 
-0.395473 -0.122362 0.910291 52.5887 0.0295769 0.988876 0.145775 1.8605 -0.918001 0.0845734 -0.387454 -10.9384 
-0.387985 -0.120684 0.91373 53.4268 0.0305378 0.989163 0.143613 1.94498 -0.92116 0.0836232 -0.380095 -11.2758 
-0.380244 -0.121832 0.916827 54.1544 0.0318809 0.98897 0.144641 1.9945 -0.924336 0.0842282 -0.372166 -11.5617 
-0.372984 -0.123156 0.919628 54.8722 0.033432 0.988724 0.145969 2.04553 -0.927235 0.0851891 -0.364661 -11.832 
-0.365881 -0.122158 0.922609 55.6521 0.036048 0.988744 0.14521 2.11213 -0.929963 0.0863879 -0.357359 -12.1269 
-0.359053 -0.122174 0.925286 56.4104 0.0369334 0.988759 0.144887 2.17855 -0.932586 0.086196 -0.350504 -12.4051 
-0.352467 -0.126741 0.927202 57.1794 0.0317929 0.988593 0.147218 2.2179 -0.935284 0.081368 -0.344417 -12.6452 
-0.344703 -0.130225 0.929635 57.9235 0.0322326 0.988105 0.150367 2.26856 -0.938158 0.0817965 -0.336405 -12.9119 
-0.336472 -0.132035 0.932391 58.683 0.0322758 0.987923 0.151546 2.31739 -0.94114 0.0810846 -0.328147 -13.1782 
-0.327924 -0.127901 0.936006 59.5371 0.034726 0.988491 0.147239 2.40176 -0.944065 0.0807871 -0.319709 -13.4782 
-0.317679 -0.127212 0.939626 60.347 0.035624 0.988659 0.145894 2.45165 -0.947529 0.0798208 -0.309545 -13.7405 
-0.305915 -0.130068 0.943132 61.1319 0.0360294 0.988333 0.147988 2.49959 -0.951377 0.0792523 -0.297659 -13.9836 
-0.29204 -0.132272 0.947215 61.9806 0.0357609 0.988187 0.149019 2.58206 -0.955737 0.0773929 -0.28386 -14.2349 
-0.277822 -0.133437 0.95132 62.7312 0.0364134 0.988131 0.149235 2.63962 -0.959942 0.0761014 -0.269666 -14.413 
-0.261653 -0.132634 0.956005 63.4654 0.0369685 0.988409 0.147247 2.69639 -0.964454 0.0738698 -0.253717 -14.5735 
-0.242171 -0.134261 0.960899 64.264 0.0375768 0.988338 0.147565 2.74252 -0.969506 0.0718435 -0.234301 -14.7386 
-0.221916 -0.135626 0.965587 65.0882 0.040257 0.98816 0.148049 2.79347 -0.974234 0.071726 -0.213829 -14.8815 
-0.199975 -0.135478 0.970389 65.9496 0.0440535 0.98815 0.147036 2.80738 -0.97881 0.0721526 -0.191637 -15.0141 
-0.176615 -0.131796 0.975416 66.7931 0.0483546 0.988636 0.142338 2.88817 -0.983092 0.0723048 -0.168235 -15.1396 
-0.152865 -0.129459 0.979731 67.5321 0.0580678 0.988493 0.139677 2.9329 -0.98654 0.0782424 -0.143589 -15.224 
-0.127112 -0.12983 0.983355 68.3365 0.0640513 0.988253 0.138756 2.99621 -0.989818 0.0806227 -0.117303 -15.3124 
-0.102362 -0.125973 0.986739 69.0751 0.0672019 0.988807 0.133208 3.02971 -0.992475 0.0799462 -0.0927503 -15.3427 
-0.0747297 -0.126362 0.989165 69.8895 0.0726544 0.988613 0.131781 3.0636 -0.994554 0.0817151 -0.064698 -15.3707 
-0.0468758 -0.128624 0.990585 70.6907 0.081873 0.987844 0.132143 3.11383 -0.99554 0.0872965 -0.0357751 -15.3925 
-0.0196542 -0.133283 0.990883 71.506 0.0861642 0.987161 0.134492 3.16127 -0.996087 0.088022 -0.00791767 -15.3753 
0.00975771 -0.129475 0.991535 72.3454 0.089852 0.987684 0.128088 3.22371 -0.995907 0.0878415 0.0212711 -15.3489 
0.0384689 -0.123512 0.991597 73.0915 0.0914328 0.988604 0.119592 3.24987 -0.995068 0.0860639 0.0493236 -15.274 
0.0683649 -0.120149 0.990399 73.9073 0.0959663 0.98891 0.113344 3.28403 -0.993034 0.0872962 0.079137 -15.1966 
0.0979348 -0.123722 0.987472 74.6535 0.0967481 0.988726 0.114284 3.31371 -0.990479 0.0843437 0.108801 -15.0823 
0.128106 -0.1281 0.983453 75.3712 0.0946248 0.988678 0.116455 3.34486 -0.987236 0.0781405 0.138777 -14.9592 
0.159163 -0.129939 0.978664 76.1451 0.0945804 0.988748 0.115896 3.37126 -0.982711 0.0741162 0.169662 -14.8028 
0.190429 -0.129898 0.973069 76.9643 0.0958587 0.988931 0.113256 3.38453 -0.97701 0.07171 0.200773 -14.618 
0.221614 -0.128944 0.966572 77.794 0.0971986 0.989203 0.109678 3.41262 -0.970278 0.0696433 0.231754 -14.4014 
0.252814 -0.128249 0.958977 78.5793 0.098035 0.98947 0.106482 3.42649 -0.962535 0.0670932 0.262725 -14.1657 
0.282452 -0.128805 0.950595 79.3397 0.0983172 0.989613 0.104878 3.42666 -0.95423 0.0638367 0.292182 -13.8908 
0.312951 -0.129632 0.940881 80.111 0.100768 0.989582 0.102824 3.43845 -0.944409 0.0626322 0.322753 -13.613 
0.343738 -0.131169 0.92986 80.8778 0.103923 0.989428 0.101155 3.43604 -0.933298 0.0618633 0.353735 -13.3166 
0.373723 -0.131774 0.918132 81.5796 0.10734 0.989351 0.0983033 3.42451 -0.921308 0.0618138 0.383888 -13.0033 
0.404187 -0.132653 0.905006 82.2795 0.111053 0.989225 0.0954004 3.42536 -0.90791 0.0619437 0.414564 -12.6667 
0.435543 -0.13349 0.890215 83.0396 0.113725 0.989179 0.0926895 3.42131 -0.892955 0.0608698 0.446012 -12.2872 
0.466129 -0.13394 0.874519 83.797 0.115917 0.989198 0.0897193 3.42483 -0.87709 0.0595511 0.47662 -11.8639 
0.497319 -0.132584 0.857377 84.5502 0.117267 0.989457 0.0849884 3.45332 -0.859606 0.058276 0.507624 -11.4355 
0.525164 -0.13151 0.840778 85.1845 0.117538 0.989727 0.081392 3.45558 -0.842845 0.0560789 0.535226 -10.9613 
0.553467 -0.130382 0.822602 85.8673 0.11752 0.990015 0.0778466 3.46999 -0.824538 0.0535865 0.563263 -10.4496 
0.581251 -0.131483 0.803031 86.5061 0.120498 0.989887 0.0748586 3.43933 -0.804753 0.0532524 0.591217 -9.94473 
0.609432 -0.131678 0.781827 87.1334 0.120721 0.990025 0.0726418 3.42483 -0.783594 0.0501128 0.619249 -9.43973 
0.636825 -0.130514 0.759881 87.7815 0.123255 0.990127 0.0667652 3.41342 -0.761093 0.0511412 0.646624 -8.88864 
0.662584 -0.129974 0.737624 88.3696 0.125738 0.990154 0.0615258 3.41192 -0.738358 0.051981 0.672403 -8.32342 
0.687798 -0.129238 0.714305 88.9937 0.126399 0.990313 0.0574666 3.41846 -0.714813 0.0507624 0.697471 -7.69244 
0.71123 -0.129063 0.69101 89.4892 0.12666 0.990441 0.0546225 3.39446 -0.691454 0.0486744 0.720779 -7.12258 
0.734497 -0.128228 0.666387 89.9943 0.126215 0.990665 0.0515105 3.37511 -0.666771 0.046274 0.743825 -6.52935 
0.755561 -0.126423 0.642764 90.5055 0.125327 0.990973 0.0475908 3.3519 -0.642978 0.0445976 0.764585 -5.87418 
0.774937 -0.123668 0.619822 90.9749 0.121122 0.991552 0.0464022 3.31074 -0.620324 0.0391155 0.78337 -5.24007 
0.79201 -0.122692 0.598053 91.4178 0.120004 0.991774 0.0445422 3.2808 -0.598598 0.0364907 0.800218 -4.60325 
0.807239 -0.121763 0.577529 91.8635 0.120335 0.991889 0.0409279 3.25338 -0.577828 0.0364582 0.815344 -3.93597 
0.82131 -0.121704 0.55735 92.2845 0.121866 0.991857 0.0370026 3.22455 -0.557314 0.0375312 0.829453 -3.27746 
0.834667 -0.121047 0.537288 92.69 0.120807 0.992029 0.0358268 3.18918 -0.537342 0.0350045 0.842637 -2.60115 
0.847326 -0.11928 0.517505 93.0919 0.119189 0.992304 0.0335648 3.16292 -0.517526 0.0332404 0.855022 -1.91076 
0.858228 -0.121103 0.498777 93.4682 0.121938 0.992052 0.0310563 3.12379 -0.498574 0.0341663 0.866174 -1.23679 
0.86821 -0.118271 0.481896 93.8313 0.120421 0.992366 0.0265985 3.08981 -0.481363 0.0349374 0.875825 -0.517232 
0.876757 -0.119946 0.465736 94.1941 0.123069 0.992112 0.0238308 3.03963 -0.464921 0.0364237 0.884603 0.19004 
0.884364 -0.120066 0.451092 94.5543 0.123593 0.992094 0.0217593 2.98363 -0.450138 0.0365088 0.892212 0.947379 
0.890935 -0.119534 0.438117 94.8888 0.12329 0.992169 0.019983 2.94811 -0.437075 0.0362118 0.898696 1.65178 
0.89635 -0.119768 0.426864 95.1844 0.122945 0.992207 0.0202262 2.91196 -0.42596 0.0343508 0.90409 2.31595 
0.901372 -0.119834 0.416136 95.5128 0.122758 0.992238 0.0198337 2.87407 -0.415283 0.0332063 0.909086 3.04697 
0.905359 -0.115557 0.408622 95.808 0.118276 0.992805 0.0187052 2.82444 -0.407843 0.0313953 0.912512 3.75986 
0.90856 -0.109905 0.403038 96.0835 0.11309 0.993456 0.01597 2.7869 -0.402156 0.0310698 0.915044 4.42178 
0.910477 -0.112635 0.397926 96.3667 0.113455 0.993309 0.0215708 2.74722 -0.397693 0.0255069 0.917164 5.11035 
0.911748 -0.113001 0.394901 96.6632 0.111672 0.993394 0.0264309 2.72065 -0.395278 0.0200011 0.918344 5.8283 
0.912472 -0.113364 0.393121 96.9601 0.111288 0.993389 0.028154 2.67769 -0.393714 0.0180598 0.919056 6.54274 
0.913235 -0.115851 0.390615 97.2662 0.117491 0.992877 0.0197855 2.63953 -0.390124 0.0278251 0.920342 7.23595 
0.913632 -0.113495 0.390378 97.5671 0.124167 0.992259 -0.00211803 2.58459 -0.387116 0.0504072 0.920652 7.9229 
0.914171 -0.102548 0.392141 97.8554 0.12786 0.991029 -0.0389101 2.50895 -0.384633 0.0857098 0.919082 8.58154 
0.914927 -0.0995329 0.391155 98.1466 0.127545 0.990755 -0.046227 2.44749 -0.382938 0.0921844 0.919163 9.27793 
0.916136 -0.112885 0.384645 98.4572 0.131297 0.991102 -0.0218515 2.41046 -0.378755 0.0705216 0.922806 10.0207 
0.916688 -0.13905 0.374632 98.8091 0.137935 0.989989 0.0299348 2.34223 -0.375044 0.024234 0.92669 10.8424 
0.91747 -0.144783 0.370523 99.1178 0.139915 0.989349 0.0401425 2.29366 -0.372389 0.0150122 0.927955 11.6014 
0.918355 -0.135753 0.371746 99.4316 0.138852 0.990139 0.0185575 2.25757 -0.3706 0.0345753 0.928149 12.3929 
0.919071 -0.128114 0.372686 99.7262 0.136203 0.99067 0.00466626 2.22611 -0.369806 0.0464722 0.927946 13.1557 
0.919521 -0.129172 0.371209 100.019 0.13327 0.990971 0.014711 2.18552 -0.369758 0.035944 0.928433 13.9094 
0.919404 -0.133958 0.3698 100.328 0.134031 0.990646 0.0256258 2.13972 -0.369773 0.0260042 0.928758 14.6776 
0.918819 -0.134232 0.371153 100.616 0.135555 0.990511 0.0226538 2.09646 -0.370671 0.0294967 0.928296 15.4036 
0.91871 -0.133732 0.371602 100.919 0.136911 0.990421 0.0179487 2.05592 -0.370443 0.0343867 0.928218 16.1501 
0.919244 -0.133346 0.370418 101.222 0.135534 0.990566 0.0202466 2.01104 -0.369623 0.0315926 0.928644 16.8972 
0.919914 -0.133617 0.368653 101.558 0.135137 0.990587 0.0218218 1.97491 -0.368098 0.0297443 0.929311 17.7278 
0.920565 -0.131934 0.367632 101.9 0.134988 0.990692 0.0175188 1.92653 -0.366521 0.0334988 0.929806 18.591 
0.92086 -0.130667 0.367346 102.237 0.135472 0.990698 0.0127968 1.86155 -0.365602 0.0379812 0.929996 19.5118 
0.921213 -0.131569 0.366137 102.548 0.13616 0.990596 0.0133811 1.81077 -0.364454 0.0375264 0.930465 20.309 
0.921478 -0.134424 0.364429 102.848 0.137889 0.990308 0.0166273 1.75776 -0.363132 0.0349289 0.931083 21.0345 
0.921859 -0.134868 0.363299 103.144 0.137572 0.990318 0.0185529 1.72341 -0.362284 0.0328764 0.931488 21.8183 
0.921783 -0.138292 0.362203 103.484 0.140558 0.989866 0.0202272 1.68723 -0.36133 0.0322654 0.93188 22.6812 
0.922083 -0.137491 0.361745 103.797 0.139748 0.989984 0.0200539 1.64062 -0.360879 0.0320618 0.932061 23.4679 
0.922058 -0.136314 0.362254 104.129 0.139063 0.990109 0.0186103 1.58536 -0.361207 0.0332164 0.931894 24.3509 
0.921914 -0.134715 0.363218 104.452 0.137784 0.990306 0.0175767 1.53008 -0.362065 0.0338414 0.931538 25.1579 
0.921207 -0.135407 0.364751 104.795 0.13773 0.990272 0.0197734 1.4913 -0.36388 0.0320216 0.930895 26.026 
0.920441 -0.134907 0.366864 105.132 0.135565 0.990475 0.0241031 1.43588 -0.366621 0.0275482 0.929962 26.888 
0.918884 -0.13899 0.369235 105.487 0.139154 0.989921 0.0263344 1.38032 -0.369174 0.0271821 0.928963 27.7797 
0.917598 -0.139778 0.372122 105.836 0.139475 0.989833 0.0278805 1.31157 -0.372236 0.0263188 0.927765 28.6787 
0.916533 -0.140043 0.374641 106.199 0.13904 0.989837 0.0298552 1.25548 -0.375014 0.0247268 0.926689 29.5739 
0.915718 -0.142094 0.375858 106.6 0.140545 0.989567 0.031695 1.18116 -0.376441 0.0238012 0.926135 30.5602 
0.914938 -0.143589 0.377187 106.928 0.143073 0.989271 0.0295477 1.1346 -0.377383 0.026931 0.925666 31.394 
0.915447 -0.141529 0.376731 107.286 0.141961 0.98951 0.0267755 1.08173 -0.376568 0.0289694 0.925936 32.2433 
0.915998 -0.140418 0.375808 107.649 0.140723 0.989687 0.0267898 1.04059 -0.375693 0.0283452 0.92631 33.1237 
0.916467 -0.141633 0.374203 108.018 0.14022 0.98963 0.0311544 0.985341 -0.374735 0.0239186 0.926824 34.0549 
0.916641 -0.142718 0.373363 108.363 0.140727 0.989507 0.0327412 0.927328 -0.374118 0.0225305 0.927107 34.913 
0.916766 -0.142579 0.373111 108.706 0.140998 0.989503 0.0316798 0.880301 -0.373711 0.0235649 0.927246 35.762 
0.916826 -0.141866 0.373235 109.045 0.140907 0.989568 0.0300057 0.843176 -0.373598 0.0250812 0.927252 36.6149 
0.916673 -0.142798 0.373254 109.416 0.141951 0.989422 0.0299134 0.795845 -0.373577 0.0255629 0.927247 37.5234 
0.916381 -0.143407 0.373737 109.765 0.142815 0.989312 0.0294352 0.726021 -0.373964 0.0264014 0.927067 38.3782 
0.916075 -0.142582 0.374803 110.096 0.140836 0.989509 0.0322036 0.677514 -0.375463 0.023285 0.926545 39.2287 
0.915829 -0.143755 0.374955 110.475 0.140868 0.9894 0.0352564 0.618867 -0.376049 0.0205305 0.926372 40.161 
0.915314 -0.143389 0.376351 110.844 0.140325 0.989462 0.0357034 0.599059 -0.377504 0.0201315 0.925789 41.0978 
0.91527 -0.142051 0.376966 111.234 0.139057 0.989655 0.0352983 0.556627 -0.37808 0.0201124 0.925554 42.029 
0.914979 -0.142183 0.377621 111.599 0.138389 0.989675 0.0373168 0.518358 -0.379028 0.0181147 0.925208 42.9704 
0.914712 -0.144281 0.377473 112.01 0.140229 0.989376 0.0383586 0.46421 -0.378997 0.0178455 0.925226 43.9665 
0.913894 -0.146764 0.378496 112.334 0.143244 0.988973 0.0376114 0.410753 -0.379842 0.0198443 0.924839 44.8025 
0.913776 -0.147191 0.378613 112.789 0.143632 0.988909 0.0377982 0.355476 -0.379978 0.0198419 0.924783 45.8285 
0.913565 -0.148997 0.378416 113.245 0.145153 0.988646 0.0388421 0.305828 -0.379907 0.0194436 0.92482 46.8705 
0.913295 -0.148743 0.379166 113.645 0.144942 0.988682 0.0387282 0.281472 -0.380635 0.019587 0.924518 47.8355 
0.913321 -0.147481 0.379596 114.057 0.143056 0.988905 0.0400134 0.241469 -0.381286 0.0177584 0.924286 48.8761 
0.912397 -0.151024 0.380426 114.424 0.146325 0.988369 0.0414303 0.194913 -0.382258 0.017865 0.923883 49.7938 
0.911876 -0.153793 0.380566 114.809 0.148882 0.987941 0.0425054 0.157405 -0.382513 0.0178999 0.923777 50.6896 
0.91134 -0.153489 0.38197 115.208 0.148135 0.988006 0.0435811 0.124572 -0.384078 0.0168661 0.923146 51.6707 
0.911519 -0.150709 0.382649 115.582 0.14586 0.98842 0.0418379 0.0951217 -0.384523 0.0176773 0.922946 52.5881 
0.911134 -0.152163 0.382991 115.962 0.146977 0.988207 0.0429598 0.0666505 -0.385011 0.0171486 0.922753 53.4915 
0.910623 -0.154435 0.383295 116.41 0.147911 0.987901 0.0466355 0.0428916 -0.385859 0.014226 0.922448 54.55 
0.91042 -0.154408 0.383787 116.754 0.148103 0.987896 0.0461272 0.0111326 -0.386264 0.0148451 0.922269 55.358 
0.909856 -0.156175 0.38441 117.14 0.150967 0.987564 0.0438975 -0.0276622 -0.386485 0.0180927 0.922118 56.2514 
0.909658 -0.155374 0.385202 117.533 0.149762 0.98771 0.044736 -0.0627056 -0.387418 0.0169941 0.921747 57.2044 
0.908846 -0.159053 0.385617 117.937 0.153081 0.987125 0.0463619 -0.0884547 -0.388027 0.0168949 0.921493 58.141 
0.90843 -0.158897 0.386661 118.263 0.153027 0.987144 0.0461396 -0.138434 -0.389022 0.017255 0.921067 58.9346 
0.908089 -0.158593 0.387585 118.651 0.153481 0.987157 0.0443299 -0.132481 -0.389638 0.0192316 0.920767 59.8592 
0.908291 -0.158936 0.386972 119.051 0.153085 0.987136 0.0461172 -0.149374 -0.389324 0.0173517 0.920938 60.7938 
0.908423 -0.158684 0.386764 119.446 0.152904 0.987175 0.0458868 -0.155056 -0.389085 0.017453 0.921036 61.7281 
0.908788 -0.159959 0.385379 119.841 0.154654 0.986946 0.0449509 -0.191911 -0.387539 0.0187495 0.921663 62.6406 
0.909241 -0.161449 0.383685 120.226 0.15633 0.986692 0.0447211 -0.198319 -0.385799 0.0193193 0.922381 63.5433 
0.909853 -0.162063 0.381973 120.616 0.156755 0.986602 0.0452059 -0.229868 -0.384182 0.0187454 0.923067 64.4682 
0.910063 -0.163516 0.380852 120.957 0.159 0.986318 0.0435324 -0.26993 -0.382759 0.0209382 0.923611 65.3203 
0.910398 -0.164116 0.37979 121.302 0.159719 0.986212 0.0433003 -0.287449 -0.38166 0.0212392 0.924059 66.1691 
0.91074 -0.166496 0.377932 121.689 0.161548 0.985838 0.045008 -0.305694 -0.380073 0.0200637 0.924739 67.0551 
0.911133 -0.165927 0.377232 122.019 0.160006 0.985986 0.0472269 -0.363259 -0.379782 0.0173294 0.924914 67.857 
0.911379 -0.16535 0.376892 122.368 0.158934 0.986107 0.0482999 -0.396841 -0.379642 0.0158815 0.924997 68.6978 
0.911253 -0.165572 0.3771 122.677 0.158815 0.986083 0.0491842 -0.430377 -0.379995 0.0150698 0.924866 69.459 
0.911116 -0.166431 0.377053 123.022 0.15981 0.98593 0.049021 -0.439807 -0.379906 0.0155932 0.924894 70.2955 
0.910897 -0.166379 0.377603 123.363 0.16049 0.985906 0.0472555 -0.464143 -0.380143 0.0175567 0.924761 71.122 
0.910814 -0.166534 0.377736 123.695 0.161094 0.985857 0.0462025 -0.516362 -0.380088 0.0187692 0.92476 71.9344 
0.910696 -0.166324 0.378112 124.014 0.161083 0.985882 0.0456957 -0.549442 -0.380374 0.0192926 0.924632 72.7219 
0.910557 -0.167446 0.377953 124.337 0.162567 0.985669 0.0450323 -0.569072 -0.380077 0.0204381 0.924729 73.4888 
0.910463 -0.16819 0.377849 124.674 0.163439 0.985533 0.0448633 -0.577027 -0.379928 0.0209087 0.92478 74.2842 
0.910392 -0.16892 0.377693 124.999 0.163771 0.985427 0.045969 -0.612054 -0.379954 0.0200055 0.924789 75.0704 
0.910315 -0.170625 0.377113 125.301 0.164479 0.985177 0.0487063 -0.654998 -0.379834 0.0176892 0.924886 75.7946 
0.910289 -0.17119 0.376919 125.616 0.164628 0.985097 0.0498254 -0.685871 -0.379831 0.0166958 0.924905 76.5701 
0.91021 -0.171178 0.377116 125.91 0.164147 0.985118 0.0509723 -0.720117 -0.380229 0.015507 0.924762 77.3182 
0.910169 -0.170319 0.377604 126.215 0.163583 0.985256 0.0501054 -0.72701 -0.38057 0.016165 0.924611 78.0702 
0.910213 -0.16952 0.377856 126.523 0.163075 0.985384 0.0492489 -0.740519 -0.380682 0.0167919 0.924553 78.8113 
0.910113 -0.169868 0.37794 126.841 0.163886 0.985301 0.0481976 -0.763796 -0.380572 0.0180739 0.924575 79.5632 
0.910061 -0.169996 0.378009 127.12 0.163717 0.985292 0.0489473 -0.797054 -0.38077 0.0173417 0.924507 80.2611 
0.910103 -0.170717 0.377582 127.429 0.163995 0.985186 0.0501495 -0.808468 -0.38055 0.0162803 0.924617 81.0017 
0.910496 -0.170594 0.376689 127.765 0.163577 0.985222 0.0508037 -0.805572 -0.379789 0.0153611 0.924945 81.8022 
0.91043 -0.171308 0.376525 128.061 0.164735 0.985077 0.0498566 -0.812467 -0.379447 0.0166361 0.925064 82.5318 
0.910744 -0.169901 0.376404 128.35 0.163775 0.985306 0.048478 -0.820561 -0.379109 0.0174944 0.925187 83.2484 
0.910845 -0.170057 0.376088 128.66 0.164396 0.985257 0.047358 -0.827815 -0.378597 0.0186915 0.925373 84.0044 
0.911236 -0.170006 0.375163 128.97 0.16478 0.985246 0.0462323 -0.839519 -0.377488 0.0196907 0.925805 84.7492 
0.911477 -0.168574 0.375223 129.28 0.16379 0.985474 0.044867 -0.850946 -0.377336 0.0205623 0.925848 85.5163 
0.911926 -0.166975 0.374847 129.579 0.162581 0.985733 0.0435666 -0.864828 -0.376773 0.0212132 0.926063 86.262 
0.912235 -0.167923 0.37367 129.88 0.162547 0.985623 0.0461058 -0.87502 -0.37604 0.0186795 0.926415 87.0158 
0.912589 -0.168161 0.372697 130.216 0.162468 0.985599 0.0468815 -0.882351 -0.375213 0.0177679 0.926768 87.8425 
0.913317 -0.167151 0.371365 130.532 0.161809 0.985761 0.0457453 -0.892407 -0.373723 0.0183103 0.927359 88.6259 
0.913845 -0.167271 0.370009 130.83 0.162101 0.985735 0.0452702 -0.909208 -0.372303 0.0186088 0.927925 89.3847 
0.914394 -0.166816 0.368857 131.134 0.161917 0.985803 0.0444391 -0.918266 -0.371034 0.0190895 0.928423 90.148 
0.914678 -0.167906 0.367657 131.466 0.162814 0.985627 0.0450698 -0.929772 -0.36994 0.0186355 0.928869 90.9445 
0.915055 -0.167656 0.366833 131.756 0.162741 0.985663 0.0445308 -0.952723 -0.36904 0.0189508 0.92922 91.7152 
0.915098 -0.169069 0.366075 132.057 0.164124 0.98542 0.0448373 -0.973098 -0.368318 0.0190513 0.929504 92.4993 
0.91512 -0.171583 0.364849 132.37 0.166402 0.984991 0.045856 -0.98895 -0.367241 0.0187478 0.929937 93.2684 
0.91538 -0.171077 0.364435 132.652 0.165143 0.985118 0.0476425 -1.00843 -0.367162 0.0165729 0.930009 94.0012 
0.915367 -0.170255 0.364852 132.964 0.164242 0.985266 0.0477025 -1.01308 -0.367597 0.0162587 0.929843 94.7907 
0.915067 -0.168559 0.366388 133.247 0.162036 0.985581 0.0487335 -1.02278 -0.369319 0.0147734 0.929185 95.5571 
0.915077 -0.168255 0.366503 133.55 0.159977 0.985692 0.0530861 -1.03069 -0.370191 0.0100544 0.928901 96.3341 
0.915106 -0.168596 0.366273 133.858 0.159206 0.985659 0.0559351 -1.03251 -0.370451 0.00712643 0.928825 97.0929 
0.914337 -0.173042 0.366121 134.145 0.16017 0.984914 0.0655015 -1.0289 -0.371932 -0.0012488 0.928259 97.8527 
0.915186 -0.174627 0.363234 134.43 0.153321 0.984345 0.0869309 -1.00794 -0.372728 -0.0238665 0.927634 98.6219 
0.915031 -0.179038 0.361474 134.705 0.151976 0.983085 0.102211 -1.0018 -0.37366 -0.0385914 0.926763 99.3604 
0.9148 -0.179876 0.361643 134.98 0.152472 0.982905 0.103194 -0.99593 -0.374023 -0.0392613 0.926588 100.094 
0.914626 -0.176721 0.363634 135.285 0.153596 0.983859 0.091812 -0.980404 -0.37399 -0.0281208 0.927006 100.809 
0.914621 -0.172397 0.365714 135.547 0.152412 0.98482 0.0830717 -0.954914 -0.374484 -0.0202398 0.927012 101.5 
0.91459 -0.172115 0.365924 135.83 0.151654 0.984842 0.084185 -0.945966 -0.374867 -0.021501 0.926829 102.232 
0.914407 -0.170674 0.367056 136.097 0.150851 0.985127 0.0822682 -0.924992 -0.375638 -0.019856 0.926554 102.93 
0.914428 -0.169111 0.367727 136.343 0.148283 0.985337 0.0844044 -0.92378 -0.376609 -0.0226543 0.926095 103.596 
0.914525 -0.16792 0.36803 136.629 0.146694 0.985512 0.085133 -0.913234 -0.376994 -0.0238686 0.925908 104.29 
0.915264 -0.163125 0.368352 136.893 0.142019 0.986302 0.0839014 -0.906262 -0.376992 -0.0244789 0.925893 104.946 
0.915548 -0.158472 0.369674 137.143 0.138278 0.987101 0.0806878 -0.908432 -0.377692 -0.0227559 0.925652 105.594 
0.915835 -0.154869 0.37049 137.397 0.135103 0.987685 0.0788968 -0.879584 -0.378146 -0.0222023 0.92548 106.248 
0.915879 -0.154875 0.370377 137.655 0.135257 0.987693 0.0785407 -0.86642 -0.377983 -0.0218376 0.925555 106.88 
0.916976 -0.149381 0.369921 137.894 0.129939 0.988521 0.0770851 -0.851516 -0.377189 -0.0226181 0.92586 107.458 
0.917754 -0.149239 0.368043 138.134 0.129309 0.988501 0.0783851 -0.837112 -0.375509 -0.024347 0.926499 108.022 
0.918339 -0.148694 0.366803 138.373 0.129303 0.988608 0.0770333 -0.827235 -0.374079 -0.0233141 0.927104 108.626 
0.918255 -0.150106 0.366436 138.623 0.131795 0.988463 0.0746436 -0.812444 -0.373413 -0.0202474 0.927444 109.229 
0.919057 -0.148661 0.365013 138.875 0.129996 0.988648 0.0753384 -0.792871 -0.372069 -0.0217901 0.927949 109.832 
0.919521 -0.148495 0.36391 139.122 0.129563 0.988651 0.0760474 -0.77352 -0.371072 -0.0227781 0.928325 110.435 
0.919437 -0.151771 0.362769 139.354 0.132024 0.988111 0.0787801 -0.760758 -0.370412 -0.0245393 0.928543 110.997 
0.91893 -0.158194 0.361306 139.582 0.137774 0.987082 0.0817749 -0.749058 -0.369575 -0.0253669 0.928855 111.521 
0.918511 -0.16112 0.361079 139.787 0.140456 0.986606 0.0829486 -0.731258 -0.369607 -0.0254734 0.928839 112.03 
0.918291 -0.163075 0.360761 139.999 0.142227 0.98628 0.0837999 -0.715526 -0.369478 -0.0256426 0.928886 112.536 
0.917865 -0.165549 0.360719 140.185 0.144693 0.985881 0.0842819 -0.710602 -0.369579 -0.0251657 0.928859 112.999 
0.917628 -0.167596 0.360376 140.361 0.146974 0.985558 0.084102 -0.701099 -0.369267 -0.0242084 0.929008 113.446 
0.917015 -0.171203 0.360241 140.551 0.151419 0.985006 0.0826748 -0.682714 -0.368994 -0.0212666 0.929188 113.878 
0.916452 -0.17279 0.360914 140.705 0.154447 0.984813 0.0793054 -0.681799 -0.369136 -0.0169375 0.929221 114.258 
0.916376 -0.171699 0.361628 140.854 0.15502 0.985069 0.0748801 -0.67472 -0.369085 -0.0125589 0.929311 114.631 
0.916553 -0.169102 0.362402 140.978 0.152997 0.985533 0.0729184 -0.671521 -0.36949 -0.0113871 0.929165 114.957 
0.916732 -0.166642 0.363088 141.11 0.151373 0.985972 0.0703284 -0.648742 -0.369714 -0.00951042 0.929097 115.281 
0.916951 -0.164113 0.363687 141.207 0.150436 0.986425 0.0658325 -0.640422 -0.369554 -0.00565357 0.929192 115.539 
0.916999 -0.163605 0.363795 141.301 0.150953 0.986521 0.0631563 -0.640534 -0.369224 -0.00299841 0.929336 115.772 
0.916647 -0.163248 0.364841 141.385 0.151429 0.986585 0.0609882 -0.643346 -0.369903 -0.000657226 0.92907 115.982 
0.916729 -0.162371 0.365024 141.46 0.151099 0.98673 0.0594476 -0.643262 -0.369833 0.000657292 0.929098 116.172 
0.916923 -0.162129 0.364645 141.527 0.150778 0.98677 0.0595979 -0.646131 -0.369483 0.000333598 0.929237 116.344 
0.917038 -0.160928 0.364888 141.59 0.14956 0.986966 0.0594116 -0.64229 -0.369693 8.97539e-05 0.929154 116.501 
0.917059 -0.160763 0.364907 141.639 0.149687 0.986993 0.058645 -0.644493 -0.369589 0.000840876 0.929195 116.629 
0.917018 -0.160233 0.365243 141.686 0.150062 0.987074 0.0562699 -0.643266 -0.369538 0.00320857 0.92921 116.744 
0.916852 -0.159966 0.365777 141.734 0.150822 0.987104 0.0536424 -0.645127 -0.369641 0.00598515 0.929155 116.857 
0.917029 -0.15846 0.36599 141.781 0.149575 0.987345 0.0527066 -0.642839 -0.369711 0.00640975 0.929125 116.98 
0.917676 -0.15512 0.365799 141.823 0.14568 0.987887 0.0534551 -0.640517 -0.36966 0.0042352 0.929157 117.106 
0.91865 -0.147273 0.366596 141.863 0.136147 0.989094 0.0561784 -0.638125 -0.370871 -0.00169723 0.928683 117.242 
0.920871 -0.137935 0.36465 141.902 0.12323 0.99035 0.063417 -0.635932 -0.369879 -0.0134631 0.928982 117.396 
0.92097 -0.148377 0.360276 141.965 0.133782 0.988859 0.0652662 -0.635847 -0.365946 -0.0119096 0.93056 117.528 
0.91584 -0.172169 0.362759 142.057 0.163067 0.985035 0.0558209 -0.636842 -0.366941 0.00803099 0.93021 117.636 
0.911385 -0.183298 0.368481 142.134 0.179035 0.982764 0.0460521 -0.642173 -0.370572 0.0239998 0.928494 117.746 
0.914147 -0.171152 0.367482 142.167 0.167874 0.98495 0.0411301 -0.657665 -0.368991 0.0240916 0.929121 117.879 
0.918786 -0.147444 0.366188 142.179 0.144531 0.988862 0.035525 -0.666775 -0.367347 0.0202854 0.929863 118.015 
0.919975 -0.134624 0.368133 142.212 0.132193 0.990709 0.0319418 -0.668941 -0.369012 0.019279 0.929224 118.153 
0.91936 -0.140214 0.367583 142.276 0.138662 0.989861 0.0307753 -0.667546 -0.368171 0.0226761 0.929482 118.282 
0.917984 -0.148408 0.367806 142.346 0.147635 0.988574 0.0304124 -0.667007 -0.368117 0.0263832 0.929405 118.413 
0.91732 -0.149171 0.36915 142.406 0.148523 0.988443 0.0303504 -0.670853 -0.369411 0.0269863 0.928874 118.56 
0.918355 -0.142895 0.369061 142.453 0.142088 0.989414 0.0295193 -0.680004 -0.369372 0.0253301 0.928936 118.709 
0.918646 -0.138897 0.369862 142.509 0.13816 0.989996 0.0286242 -0.68615 -0.370138 0.0248047 0.928646 118.866 
0.91776 -0.141445 0.371092 142.577 0.14095 0.989603 0.028607 -0.689557 -0.37128 0.0260511 0.928155 119.024 
0.916816 -0.144443 0.372271 142.651 0.144417 0.989117 0.0281168 -0.693359 -0.372281 0.0279844 0.927698 119.188 
0.916518 -0.141703 0.374051 142.716 0.142734 0.989443 0.0251021 -0.694515 -0.37366 0.0303832 0.927068 119.356 
0.916999 -0.130654 0.376885 142.772 0.133479 0.990875 0.0187376 -0.69666 -0.375894 0.0331239 0.92607 119.527 
0.917746 -0.119032 0.378911 142.827 0.125072 0.992109 0.00873042 -0.689137 -0.37696 0.0393788 0.925392 119.71 
0.917706 -0.135309 0.373507 142.923 0.140888 0.989947 0.0124621 -0.695054 -0.371438 0.0411862 0.927544 119.886 
0.913568 -0.157318 0.375026 143.041 0.16008 0.986812 0.0239963 -0.706996 -0.373856 0.0381121 0.926703 120.068 
0.911679 -0.162966 0.377204 143.13 0.16215 0.986175 0.0341575 -0.722848 -0.377555 0.0300229 0.9255 120.267 
0.914995 -0.150723 0.374254 143.187 0.147374 0.988361 0.0377349 -0.736087 -0.375585 0.0206279 0.926558 120.466 
0.915551 -0.139478 0.377242 143.246 0.13572 0.990068 0.0366718 -0.737811 -0.37861 0.0176243 0.925388 120.665 
0.91441 -0.143112 0.378647 143.336 0.140906 0.98945 0.033691 -0.734309 -0.379474 0.0225462 0.924928 120.865 
0.91276 -0.153833 0.378424 143.45 0.152654 0.987718 0.0333141 -0.73592 -0.378901 0.0273603 0.925033 121.088 
0.911044 -0.15733 0.381112 143.558 0.155964 0.987154 0.0346832 -0.743506 -0.381672 0.0278419 0.923878 121.335 
0.911591 -0.15247 0.381779 143.668 0.15077 0.987965 0.0345625 -0.747336 -0.382454 0.0260539 0.923607 121.619 
0.91212 -0.148183 0.382202 143.783 0.144941 0.988732 0.0374398 -0.753807 -0.383443 0.0212473 0.92332 121.917 
0.911317 -0.151303 0.382894 143.928 0.14657 0.988321 0.0416957 -0.755491 -0.384731 0.0181226 0.922851 122.252 
0.909884 -0.158421 0.383425 144.082 0.153806 0.98717 0.0428842 -0.764439 -0.385299 0.0199533 0.922576 122.584 
0.907992 -0.164739 0.385243 144.25 0.161364 0.986029 0.0413252 -0.769346 -0.386669 0.0246415 0.921889 122.939 
0.90699 -0.165997 0.387059 144.419 0.162884 0.985789 0.0410887 -0.790328 -0.38838 0.0257787 0.921139 123.324 
0.905559 -0.166717 0.390089 144.573 0.162501 0.985725 0.044049 -0.799952 -0.391864 0.0235009 0.919723 123.684 
0.903266 -0.167571 0.395007 144.729 0.162697 0.9856 0.0460737 -0.815834 -0.397039 0.0226495 0.917522 124.036 
0.900092 -0.166632 0.402578 144.903 0.163313 0.985644 0.0428317 -0.818038 -0.403936 0.0271938 0.914383 124.398 
0.896133 -0.163877 0.412419 145.086 0.162462 0.985953 0.0387651 -0.806648 -0.412979 0.0322636 0.910169 124.763 
0.889665 -0.166664 0.42511 145.262 0.164828 0.985453 0.0413949 -0.811786 -0.425826 0.0332427 0.904194 125.094 
0.879946 -0.174441 0.441888 145.462 0.171905 0.984032 0.0461392 -0.809481 -0.442881 0.0353627 0.895883 125.436 
0.868105 -0.180209 0.462512 145.679 0.17974 0.982661 0.0455148 -0.812637 -0.462695 0.0436203 0.885444 125.768 
0.85459 -0.179721 0.487213 145.896 0.183636 0.982172 0.040196 -0.809754 -0.485751 0.0551187 0.872358 126.099 
0.839748 -0.173807 0.514407 146.119 0.178971 0.983042 0.0399865 -0.813433 -0.512633 0.0584852 0.856613 126.429 
0.822369 -0.171392 0.542526 146.37 0.17437 0.983586 0.0464172 -0.80823 -0.541576 0.0564281 0.838756 126.766 
0.801609 -0.173349 0.572166 146.654 0.172081 0.98344 0.0568659 -0.807119 -0.572549 0.0528747 0.818164 127.11 
