1 0 0 0 0 1 0 0 0 0 1 0 
0.999988 0.000766906 0.00476396 -0.000431435 -0.000757737 0.999998 -0.00192633 -0.0254781 -0.00476543 0.0019227 0.999987 0.364796 
0.999943 0.00206356 0.0105076 0.00302518 -0.00202261 0.99999 -0.00390643 -0.0502191 -0.0105155 0.00388495 0.999937 0.717333 
0.99985 0.00346279 0.0169738 0.00980652 -0.00336991 0.999979 -0.0054977 -0.0726391 -0.0169925 0.00543967 0.999841 1.05367 
0.99968 0.0044139 0.0249231 0.0185503 -0.0042111 0.999958 -0.00818351 -0.0913291 -0.0249582 0.00807594 0.999656 1.39189 
0.999392 0.00474945 0.034538 0.0354664 -0.00446522 0.999956 -0.008302 -0.117517 -0.0345759 0.00814273 0.999369 1.717 
0.998923 0.00476606 0.0461628 0.0607764 -0.00441421 0.99996 -0.00772068 -0.143132 -0.0461977 0.00750859 0.998904 2.06371 
0.998206 0.00331657 0.0597863 0.0808711 -0.00299675 0.999981 -0.0054382 -0.177124 -0.0598032 0.00524928 0.998196 2.40015 
0.997165 0.00219264 0.0752186 0.120222 -0.00192385 0.999992 -0.0036458 -0.202094 -0.0752259 0.00349076 0.99716 2.71862 
0.995599 0.00286239 0.0936753 0.163856 -0.00261682 0.999993 -0.00274428 -0.233474 -0.0936825 0.00248707 0.995599 3.0221 
0.993275 0.00282346 0.115743 0.213339 -0.00253822 0.999993 -0.00261169 -0.253762 -0.115749 0.00230035 0.993276 3.31832 
0.989762 0.00404391 0.14267 0.269531 -0.00360419 0.999988 -0.00334035 -0.271622 -0.142682 0.00279194 0.989765 3.60105 
0.98473 0.00353537 0.174053 0.339274 -0.00263653 0.999982 -0.00539509 -0.295632 -0.174069 0.00485381 0.984722 3.8984 
0.977873 0.00227535 0.209187 0.448685 -0.00126902 0.999987 -0.00494478 -0.312047 -0.209196 0.0045699 0.977863 4.2031 
0.968346 -0.000528282 0.249609 0.551369 0.000237587 0.999999 0.00119473 -0.335478 -0.24961 -0.00109761 0.968346 4.49373 
0.956693 -0.00296995 0.291083 0.698766 0.00114537 0.999979 0.00643844 -0.356361 -0.291096 -0.00582621 0.956676 4.7971 
0.941756 -0.00534536 0.336255 0.851581 0.00266446 0.999961 0.00843372 -0.370467 -0.336287 -0.00704657 0.941733 5.07271 
0.922358 -0.00747724 0.386265 1.02182 0.00485974 0.999958 0.00775247 -0.386806 -0.386307 -0.0052734 0.922355 5.33415 
0.89801 -0.0115238 0.439824 1.20832 0.00868629 0.999926 0.00846384 -0.400189 -0.439889 -0.00378017 0.898044 5.58985 
0.868737 -0.0181634 0.49494 1.4252 0.0129812 0.999819 0.0139064 -0.415493 -0.495103 -0.00565609 0.868816 5.84695 
0.834987 -0.0240235 0.549745 1.66207 0.0162406 0.999687 0.0190184 -0.425915 -0.55003 -0.00695195 0.835116 6.09967 
0.797161 -0.0244363 0.603272 1.90943 0.0158492 0.999683 0.0195504 -0.434129 -0.603559 -0.00602346 0.797296 6.33011 
0.754472 -0.0254843 0.655837 2.18475 0.0144732 0.999649 0.0221941 -0.439759 -0.656173 -0.00725277 0.754576 6.5585 
0.707743 -0.0308202 0.705798 2.48532 0.0146914 0.999474 0.0289124 -0.44239 -0.706317 -0.0100934 0.707823 6.77109 
0.657468 -0.0372475 0.752562 2.78892 0.0180109 0.999269 0.0337231 -0.458847 -0.753267 -0.0086175 0.657658 6.95171 
0.603285 -0.0418917 0.796425 3.13026 0.0232249 0.999119 0.0349606 -0.474427 -0.797188 -0.00259431 0.603726 7.11926 
0.545643 -0.0447973 0.836819 3.48723 0.0251618 0.998996 0.0370725 -0.480484 -0.83764 0.000827526 0.546223 7.27647 
0.485243 -0.0484475 0.873036 3.87425 0.0243009 0.998825 0.0419212 -0.482335 -0.874041 0.000873609 0.485851 7.41601 
0.421999 -0.0505093 0.905188 4.26524 0.0201821 0.998723 0.0463196 -0.484486 -0.906372 -0.00127825 0.422479 7.5352 
0.356576 -0.0558864 0.932593 4.67806 0.0188115 0.998436 0.0526396 -0.489206 -0.934077 -0.00122653 0.357069 7.63574 
0.29128 -0.0646492 0.954451 5.11299 0.0209592 0.997906 0.0611963 -0.490081 -0.956408 0.00217927 0.292025 7.69993 
0.224208 -0.068574 0.972126 5.57046 0.0165365 0.997645 0.0665603 -0.501644 -0.974401 0.00115216 0.224814 7.75296 
0.160354 -0.0706161 0.98453 6.00736 0.00782431 0.997497 0.0702717 -0.512765 -0.987029 -0.00356508 0.160505 7.75698 
0.0998276 -0.0750066 0.992174 6.51729 -0.0034632 0.997122 0.0757291 -0.523533 -0.994999 -0.0109959 0.0992805 7.7555 
0.0347053 -0.0657782 0.997231 7.05908 0.00445649 0.997832 0.0656627 -0.536207 -0.999388 0.0021653 0.0349232 7.72615 
-0.0260827 -0.0566473 0.998053 7.60021 0.0125559 0.998296 0.0569892 -0.530944 -0.999581 0.0140179 -0.025327 7.65277 
-0.0809158 -0.0547544 0.995216 8.18916 0.0131626 0.998344 0.0559967 -0.525741 -0.996634 0.0176306 -0.0800611 7.5667 
-0.129704 -0.0615375 0.989641 8.79962 0.00320788 0.998041 0.0624803 -0.518036 -0.991548 0.0112786 -0.129252 7.46384 
-0.171083 -0.0785261 0.982122 9.46603 0.00828952 0.996669 0.0811332 -0.504053 -0.985222 0.0220218 -0.169862 7.31585 
-0.2067 -0.0864764 0.974575 10.1449 0.0140017 0.995723 0.0913225 -0.488528 -0.978304 0.0325221 -0.204605 7.12935 
-0.238044 -0.0809423 0.967876 10.8213 0.013819 0.996138 0.0867045 -0.481459 -0.971156 0.0340145 -0.236006 6.9381 
-0.262913 -0.0745425 0.961936 11.4622 0.014556 0.996591 0.0812064 -0.457063 -0.96471 0.0353522 -0.260932 6.75754 
-0.282205 -0.0773311 0.956232 12.1366 0.0130539 0.996344 0.0844275 -0.477662 -0.959265 0.0363084 -0.280164 6.54922 
-0.299595 -0.0810815 0.950615 12.8744 0.0120804 0.99598 0.0887581 -0.486585 -0.95399 0.0380752 -0.297411 6.314 
-0.315171 -0.0824881 0.945443 13.6511 0.010712 0.995843 0.0904564 -0.487925 -0.948974 0.0386369 -0.312978 6.05638 
-0.329708 -0.0835164 0.940382 14.4878 0.0110679 0.995669 0.0923071 -0.49032 -0.944018 0.0408424 -0.327356 5.76292 
-0.342683 -0.0859975 0.935507 15.3047 0.0120846 0.995315 0.0959221 -0.481453 -0.939373 0.0441761 -0.340038 5.46928 
-0.354293 -0.0916738 0.93063 16.0932 0.0119958 0.994656 0.102548 -0.479349 -0.935058 0.0474956 -0.3513 5.17817 
-0.365811 -0.0940402 0.925926 16.8415 0.0115799 0.994345 0.105564 -0.465103 -0.930617 0.0493385 -0.362653 4.89057 
-0.376463 -0.0939779 0.921653 17.5829 0.00981761 0.994381 0.105404 -0.442482 -0.926379 0.0487292 -0.373426 4.60793 
-0.387168 -0.0928514 0.917322 18.3346 0.00843489 0.994518 0.104225 -0.406399 -0.921971 0.0480902 -0.384262 4.30715 
-0.395743 -0.0917805 0.913764 19.0861 0.00805772 0.994608 0.10339 -0.411861 -0.918326 0.0482789 -0.392869 3.97713 
-0.403409 -0.0902489 0.910558 19.8395 0.00970007 0.994646 0.102881 -0.382121 -0.914968 0.0503355 -0.400374 3.65938 
-0.410853 -0.0953471 0.906702 20.5626 0.0079994 0.994101 0.108163 -0.366395 -0.911666 0.051692 -0.407667 3.34239 
-0.417503 -0.0974366 0.903436 21.2877 0.00616258 0.993908 0.110042 -0.348428 -0.908655 0.0515104 -0.414359 3.02192 
-0.422519 -0.0941089 0.901455 22.0526 0.00671982 0.994242 0.106945 -0.344456 -0.906329 0.051244 -0.419453 2.68301 
-0.425601 -0.0928821 0.900131 22.8245 0.00796485 0.994295 0.106365 -0.315786 -0.904876 0.0524383 -0.422434 2.32841 
-0.426658 -0.094539 0.899458 23.6313 0.00874603 0.994044 0.108629 -0.293168 -0.904371 0.0542143 -0.42329 1.93806 
-0.426709 -0.0964998 0.899226 24.4441 0.0107302 0.993681 0.111728 -0.238817 -0.904325 0.0573243 -0.422977 1.57306 
-0.423872 -0.0982167 0.900381 25.2601 0.00986605 0.993543 0.113024 -0.192008 -0.905668 0.0567909 -0.420167 1.20487 
-0.420723 -0.0981033 0.901869 26.0824 0.00851898 0.993665 0.112063 -0.14505 -0.907149 0.0548304 -0.417222 0.824265 
-0.417661 -0.0986203 0.903235 26.9452 0.0101852 0.993521 0.113188 -0.109423 -0.908546 0.0564739 -0.413951 0.439709 
-0.414733 -0.099996 0.904432 27.8135 0.0131102 0.993184 0.11582 -0.0766244 -0.909849 0.0598919 -0.410595 0.0544128 
-0.411726 -0.0957268 0.906266 28.6769 0.0268898 0.992758 0.117079 -0.0131076 -0.910911 0.0725739 -0.40617 -0.375502 
-0.409764 -0.0877606 0.90796 29.5502 0.0420024 0.99249 0.114887 0.0530929 -0.911224 0.085213 -0.403001 -0.786796 
-0.408083 -0.101977 0.907232 30.3386 0.0227674 0.992296 0.12178 0.109337 -0.912661 0.0703516 -0.402617 -1.06572 
-0.405 -0.12089 0.90629 31.2002 -0.00359648 0.991424 0.130638 0.164444 -0.91431 0.049649 -0.401961 -1.39143 
-0.402595 -0.114213 0.908225 31.992 0.0150861 0.991223 0.131338 0.203206 -0.915254 0.0665775 -0.397338 -1.75189 
-0.404061 -0.0883741 0.910453 32.7818 0.0123226 0.994706 0.102021 0.24553 -0.914649 0.0524419 -0.400833 -2.11308 
-0.406594 -0.0863434 0.90952 33.6345 -0.0060881 0.995758 0.0918086 0.297802 -0.913589 0.0317915 -0.405394 -2.47048 
-0.404312 -0.107726 0.908255 34.5115 -0.00455142 0.993264 0.115783 0.333545 -0.91461 0.0426784 -0.402078 -2.85013 
-0.403817 -0.138797 0.90425 35.4034 0.00421814 0.988131 0.153556 0.384135 -0.91483 0.0658226 -0.398438 -3.24597 
-0.405397 -0.138948 0.903519 36.1966 0.00567238 0.987979 0.154482 0.45397 -0.914123 0.0677518 -0.399736 -3.59304 
-0.406402 -0.1187 0.905952 36.9616 0.00374546 0.991301 0.131563 0.507022 -0.913687 0.0568605 -0.402422 -3.90935 
-0.406731 -0.11174 0.906689 37.7106 1.90421e-05 0.99249 0.122323 0.560073 -0.913548 0.0497698 -0.403674 -4.21706 
-0.406965 -0.12179 0.905288 38.49 0.00104268 0.991009 0.133791 0.620569 -0.913443 0.0553923 -0.403179 -4.54101 
-0.40734 -0.127016 0.904401 39.2989 0.00364386 0.990048 0.140686 0.682209 -0.913269 0.0606024 -0.402823 -4.8967 
-0.40948 -0.123772 0.903884 40.1494 0.00492643 0.99044 0.137856 0.746388 -0.912306 0.0609021 -0.404956 -5.28029 
-0.411452 -0.120156 0.903476 40.9528 0.00600215 0.990893 0.134515 0.808687 -0.911412 0.0607693 -0.406984 -5.65514 
-0.414195 -0.1185 0.902441 41.7404 0.00685792 0.991054 0.133284 0.866101 -0.910163 0.0613943 -0.409677 -6.00044 
-0.417653 -0.118743 0.900814 42.4615 0.00785774 0.990915 0.134263 0.898443 -0.908573 0.0631538 -0.412925 -6.31707 
-0.421334 -0.115924 0.899466 43.2212 0.0123749 0.99097 0.133514 0.943365 -0.906821 0.0673848 -0.416095 -6.66803 
-0.424403 -0.115915 0.898023 43.9769 0.01411 0.990805 0.134559 0.99711 -0.905363 0.0697786 -0.418865 -7.02102 
-0.427369 -0.11921 0.896183 44.7253 0.0141149 0.990268 0.138456 1.04784 -0.903967 0.0718215 -0.421527 -7.36503 
-0.429343 -0.120635 0.895048 45.4723 0.0165802 0.989819 0.141361 1.09889 -0.902989 0.0755326 -0.422972 -7.71204 
-0.431589 -0.119858 0.894072 46.2146 0.0179708 0.989794 0.141365 1.16031 -0.901891 0.0770788 -0.42503 -8.05938 
-0.433775 -0.119892 0.893009 46.9169 0.0190011 0.98967 0.142099 1.17457 -0.900821 0.0786072 -0.427017 -8.37893 
-0.433808 -0.120293 0.892939 47.6617 0.019816 0.989534 0.142933 1.24344 -0.900787 0.0796999 -0.426884 -8.7188 
-0.431091 -0.119822 0.894317 48.4492 0.0233964 0.989326 0.143829 1.3218 -0.902005 0.0829272 -0.423687 -9.09144 
-0.426413 -0.12007 0.896524 49.173 0.0250702 0.989201 0.144406 1.37207 -0.904181 0.0840525 -0.418798 -9.42478 
-0.420955 -0.119773 0.899139 49.9366 0.0257429 0.989267 0.143831 1.43564 -0.906716 0.0836929 -0.413354 -9.76879 
-0.415138 -0.121682 0.901584 50.6961 0.0251102 0.989105 0.145056 1.49884 -0.909412 0.0828572 -0.407559 -10.0936 
-0.409263 -0.122516 0.904154 51.4786 0.0267569 0.988906 0.146112 1.55734 -0.912024 0.0839906 -0.401445 -10.433 
-0.403072 -0.122191 0.906974 52.2536 0.0278177 0.988953 0.145598 1.62443 -0.914745 0.0839163 -0.39522 -10.7659 
-0.396003 -0.119652 0.91042 52.9886 0.0317282 0.989099 0.143793 1.68708 -0.917701 0.0858286 -0.38789 -11.0795 
-0.388545 -0.118306 0.913803 53.769 0.0328932 0.98931 0.142067 1.75233 -0.920842 0.0852575 -0.3805 -11.3909 
-0.381012 -0.119873 0.916766 54.5065 0.0334767 0.989121 0.143247 1.79092 -0.923964 0.0852691 -0.372854 -11.673 
-0.373576 -0.121139 0.919655 55.2319 0.0350766 0.988882 0.144507 1.84442 -0.926936 0.0862427 -0.365174 -11.9521 
-0.366546 -0.120483 0.922566 55.9868 0.0372894 0.988881 0.143959 1.90327 -0.929653 0.0871694 -0.357977 -12.2364 
-0.359657 -0.120416 0.925282 56.7371 0.0387029 0.988859 0.143733 1.96109 -0.932281 0.0875058 -0.35099 -12.5126 
-0.352048 -0.12447 0.927669 57.5305 0.0349991 0.988675 0.145937 2.02263 -0.935328 0.0838443 -0.343704 -12.7933 
-0.344563 -0.127551 0.930057 58.3385 0.0350247 0.98829 0.148513 2.08675 -0.93811 0.0837473 -0.336061 -13.0746 
-0.336766 -0.129421 0.932652 59.0538 0.0339527 0.988195 0.149388 2.12955 -0.940976 0.081975 -0.328396 -13.3093 
-0.328624 -0.126401 0.935964 59.8379 0.0357 0.988633 0.146049 2.18429 -0.943786 0.081409 -0.320376 -13.5749 
-0.318218 -0.126666 0.939517 60.5661 0.0370392 0.988616 0.145831 2.19115 -0.947294 0.081205 -0.309904 -13.8234 
-0.305774 -0.129511 0.943255 61.3494 0.0378909 0.988265 0.147974 2.2388 -0.95135 0.0809873 -0.297279 -14.074 
-0.291405 -0.131678 0.947494 62.2109 0.0383822 0.988074 0.149122 2.32251 -0.955829 0.0798218 -0.282876 -14.346 
-0.275869 -0.133116 0.951933 62.9866 0.0396013 0.987949 0.149629 2.37707 -0.960379 0.0789758 -0.267273 -14.5627 
-0.259228 -0.132026 0.95675 63.7969 0.0405997 0.988247 0.147373 2.44702 -0.964963 0.0770469 -0.250821 -14.7506 
-0.240573 -0.132619 0.961528 64.5695 0.0402887 0.988404 0.146406 2.5108 -0.969794 0.0739601 -0.23244 -14.8884 
-0.2187 -0.133279 0.966647 65.459 0.0445495 0.988232 0.146334 2.58176 -0.974775 0.0750669 -0.210189 -15.0866 
-0.197478 -0.132209 0.971351 66.2879 0.0476102 0.988401 0.144209 2.62039 -0.97915 0.0747244 -0.188893 -15.191 
-0.174189 -0.12893 0.976235 67.0798 0.0518143 0.988818 0.139837 2.68145 -0.983348 0.0749411 -0.165561 -15.3054 
-0.151338 -0.125748 0.980451 67.8211 0.0614541 0.98876 0.1363 2.74668 -0.98657 0.08088 -0.141909 -15.3596 
-0.125557 -0.126404 0.984001 68.6296 0.0675834 0.988456 0.135599 2.79691 -0.989782 0.0835276 -0.115565 -15.4438 
-0.100938 -0.122961 0.987265 69.3811 0.0700493 0.988992 0.130338 2.82445 -0.992424 0.0823133 -0.0912138 -15.4729 
-0.0735125 -0.123328 0.989639 70.1666 0.0750909 0.988823 0.128805 2.85855 -0.994463 0.0837816 -0.06343 -15.4916 
-0.0464034 -0.125385 0.991022 70.9168 0.0827888 0.988195 0.128904 2.9069 -0.995486 0.0880271 -0.0354751 -15.4978 
-0.0184525 -0.129592 0.991396 71.7311 0.0865379 0.987636 0.130712 2.96259 -0.996078 0.0882052 -0.00700974 -15.4945 
0.0110675 -0.1258 0.991994 72.5713 0.0902719 0.988129 0.124303 3.0217 -0.995856 0.0881734 0.0222924 -15.4693 
0.0399402 -0.119288 0.992056 73.3734 0.092243 0.989049 0.115212 3.06206 -0.994935 0.0869087 0.0505062 -15.3959 
0.0695581 -0.11608 0.990801 74.1569 0.0965289 0.989329 0.10913 3.09403 -0.992897 0.0880501 0.0800209 -15.3095 
0.0990374 -0.119621 0.987868 74.9144 0.0971899 0.989165 0.110034 3.11919 -0.990326 0.0851132 0.10959 -15.1918 
0.129434 -0.124441 0.983749 75.642 0.0961457 0.988994 0.112454 3.14175 -0.986916 0.0800279 0.139974 -15.0694 
0.160347 -0.126454 0.978927 76.4159 0.0956619 0.989082 0.112097 3.1564 -0.982414 0.0756717 0.170693 -14.9098 
0.191461 -0.126041 0.973374 77.2082 0.0965204 0.989331 0.109122 3.17858 -0.976743 0.0730577 0.201584 -14.7238 
0.222799 -0.125543 0.966747 77.9525 0.0978467 0.989545 0.105954 3.18545 -0.969941 0.0709866 0.232754 -14.5362 
0.253744 -0.124968 0.959165 78.7075 0.0982778 0.989818 0.102963 3.19126 -0.962266 0.0681384 0.263442 -14.3035 
0.28354 -0.125738 0.950681 79.4342 0.0992553 0.98989 0.101321 3.18133 -0.95381 0.0656316 0.293153 -14.0402 
0.313838 -0.126662 0.94099 80.2017 0.10135 0.989869 0.0994389 3.18314 -0.944052 0.064162 0.323496 -13.7554 
0.344547 -0.127974 0.930005 80.901 0.103961 0.989773 0.0976836 3.18109 -0.932995 0.0630272 0.354328 -13.4852 
0.374614 -0.128084 0.918291 81.6121 0.107593 0.989726 0.0941552 3.17754 -0.920917 0.06353 0.384546 -13.1653 
0.405427 -0.128939 0.904988 82.3503 0.110238 0.989673 0.091619 3.17431 -0.907456 0.0626195 0.415454 -12.8219 
0.436788 -0.128737 0.890305 83.1041 0.112875 0.989728 0.0877366 3.18965 -0.892455 0.0621711 0.446832 -12.4433 
0.468294 -0.129473 0.874035 83.8412 0.11516 0.989712 0.0849077 3.18635 -0.876036 0.0608918 0.478386 -12.0561 
0.498913 -0.128423 0.857084 84.5564 0.116262 0.989939 0.0806529 3.20361 -0.858818 0.0594071 0.508824 -11.6296 
0.527494 -0.127939 0.83987 85.2022 0.11719 0.990103 0.0772215 3.20196 -0.841437 0.0576902 0.537266 -11.173 
0.555696 -0.128038 0.821467 85.8673 0.118066 0.990209 0.074471 3.19075 -0.82296 0.0556044 0.565372 -10.6664 
0.583715 -0.128872 0.801667 86.4797 0.120643 0.99013 0.0713245 3.16764 -0.802946 0.0550825 0.593501 -10.192 
0.610947 -0.128709 0.781139 87.084 0.121145 0.990274 0.0684178 3.1532 -0.782348 0.0528315 0.620597 -9.67592 
0.638362 -0.126432 0.759282 87.7585 0.122999 0.990498 0.0615215 3.16717 -0.759845 0.0541181 0.647848 -9.10037 
0.663389 -0.125393 0.737693 88.3184 0.124628 0.990605 0.0563076 3.15821 -0.737823 0.0545833 0.672784 -8.52913 
0.68824 -0.125961 0.714464 88.8641 0.125484 0.990637 0.0537723 3.13306 -0.714548 0.0526454 0.697603 -7.96735 
0.711723 -0.125354 0.691185 89.4026 0.125396 0.990817 0.0505744 3.1168 -0.691178 0.0506767 0.720906 -7.34924 
0.734791 -0.124704 0.666732 89.8836 0.125287 0.990993 0.0472766 3.09882 -0.666622 0.0487946 0.743797 -6.77367 
0.755995 -0.122213 0.643068 90.3974 0.123705 0.991388 0.0429811 3.08144 -0.642782 0.0470572 0.764602 -6.11789 
0.775343 -0.119264 0.620177 90.8607 0.119439 0.991976 0.0414402 3.04575 -0.620144 0.0419431 0.783366 -5.49243 
0.792464 -0.118683 0.59826 91.2956 0.118648 0.992144 0.039659 3.00984 -0.598267 0.0395544 0.80032 -4.87183 
0.807808 -0.11755 0.577605 91.7442 0.118639 0.992284 0.0360198 2.98073 -0.577383 0.0394292 0.815521 -4.20558 
0.821842 -0.117665 0.557433 92.1631 0.120064 0.992236 0.0324315 2.9393 -0.556921 0.0402739 0.829588 -3.54569 
0.835283 -0.117069 0.537213 92.5728 0.118879 0.992411 0.0314283 2.89865 -0.536816 0.0376117 0.842861 -2.8761 
0.847813 -0.115218 0.517627 92.963 0.117031 0.992697 0.0292808 2.86776 -0.51722 0.0357536 0.855105 -2.19292 
0.85841 -0.117442 0.49934 93.3051 0.120491 0.992367 0.0262653 2.81505 -0.498613 0.0376193 0.866008 -1.55866 
0.868429 -0.113958 0.48254 93.664 0.118249 0.992748 0.0216375 2.78271 -0.481507 0.0382691 0.875607 -0.838671 
0.876872 -0.115362 0.466676 94.0256 0.120521 0.992531 0.0188954 2.73282 -0.46537 0.0396756 0.884226 -0.122164 
0.884584 -0.114543 0.452097 94.401 0.120219 0.992614 0.0162654 2.6934 -0.450621 0.0399626 0.89182 0.632468 
0.89113 -0.113407 0.439348 94.7402 0.11912 0.992772 0.0146495 2.6518 -0.437834 0.0392804 0.898197 1.34786 
0.896566 -0.113783 0.428045 95.0534 0.11885 0.992799 0.0149657 2.60429 -0.426666 0.0374556 0.903633 2.0187 
0.901475 -0.113989 0.417552 95.3742 0.118577 0.992831 0.0150345 2.55237 -0.416272 0.035959 0.908529 2.74505 
0.905386 -0.109879 0.410126 95.6644 0.114195 0.993359 0.0140424 2.50144 -0.408946 0.0341206 0.911921 3.4594 
0.908573 -0.103879 0.404603 95.9758 0.108644 0.994017 0.0112355 2.45746 -0.40335 0.0337495 0.914423 4.19727 
0.910631 -0.107102 0.3991 96.269 0.109567 0.993839 0.0167061 2.41318 -0.398431 0.0285152 0.916755 4.89095 
0.911776 -0.107863 0.396271 96.5509 0.108015 0.993906 0.0220054 2.36866 -0.396229 0.0227392 0.91787 5.60443 
0.912587 -0.108534 0.394214 96.8451 0.108019 0.993869 0.0235701 2.32454 -0.394355 0.0210729 0.918716 6.28683 
0.913299 -0.110809 0.391926 97.1315 0.113915 0.993371 0.0154004 2.27627 -0.391034 0.0305811 0.919868 6.97387 
0.913697 -0.109556 0.39135 97.4164 0.121739 0.992542 -0.00637204 2.2092 -0.387733 0.0534646 0.92022 7.63416 
0.914188 -0.0989683 0.393022 97.6886 0.125643 0.991158 -0.0426641 2.11906 -0.385324 0.0883834 0.918539 8.26656 
0.914918 -0.0959588 0.392066 97.9737 0.125441 0.990829 -0.0502188 2.06014 -0.383652 0.0951272 0.918565 8.96151 
0.916132 -0.109729 0.385568 98.2915 0.129544 0.99124 -0.025707 2.00833 -0.379369 0.0734989 0.922321 9.72272 
0.916539 -0.135917 0.376143 98.6019 0.136139 0.990345 0.0261289 1.93192 -0.376063 0.0272594 0.926193 10.4977 
0.917555 -0.142347 0.371254 98.9151 0.138835 0.989649 0.0363225 1.8751 -0.372581 0.0182153 0.927821 11.228 
0.918448 -0.133606 0.372295 99.2473 0.138076 0.990312 0.0147617 1.8317 -0.37066 0.0378472 0.927997 12.0458 
0.9191 -0.126376 0.373209 99.5605 0.135862 0.990727 0.000892135 1.78065 -0.369861 0.049885 0.927747 12.9017 
0.91951 -0.127742 0.37173 99.8512 0.133255 0.991021 0.0109387 1.74086 -0.36979 0.0394765 0.928276 13.6474 
0.919368 -0.132975 0.370244 100.166 0.134474 0.990675 0.0218883 1.68817 -0.369702 0.0296649 0.928677 14.4366 
0.918905 -0.132972 0.371392 100.476 0.135653 0.990574 0.0190244 1.6395 -0.370421 0.032899 0.928281 15.2058 
0.918752 -0.132338 0.371995 100.792 0.136804 0.990492 0.0144897 1.5862 -0.370376 0.0375782 0.928121 15.9984 
0.919187 -0.132517 0.370856 101.141 0.136016 0.990564 0.0168308 1.52952 -0.369587 0.0349717 0.928538 16.877 
0.919809 -0.13242 0.369346 101.479 0.135206 0.990646 0.0184572 1.48089 -0.368335 0.0329608 0.929109 17.7436 
0.920468 -0.13114 0.368159 101.82 0.135488 0.990678 0.0141392 1.44062 -0.366581 0.0368663 0.929655 18.5903 
0.920837 -0.130461 0.367477 102.167 0.136647 0.990577 0.00925831 1.39218 -0.365222 0.0416892 0.929987 19.44 
0.921187 -0.131445 0.366247 102.503 0.137394 0.990467 0.00990217 1.33433 -0.364057 0.0411984 0.930465 20.3007 
0.921445 -0.133318 0.364919 102.829 0.137914 0.990351 0.0135682 1.26637 -0.363207 0.0378251 0.93094 21.1477 
0.921939 -0.134141 0.363366 103.16 0.137739 0.990337 0.0161214 1.21012 -0.362018 0.0351869 0.931507 21.9754 
0.921855 -0.137312 0.362393 103.503 0.140447 0.989928 0.0178203 1.16401 -0.36119 0.0344691 0.931855 22.8534 
0.922203 -0.137138 0.361573 103.836 0.140171 0.989964 0.0179653 1.10669 -0.360408 0.0341143 0.932171 23.6942 
0.92218 -0.135269 0.362336 104.131 0.13874 0.99019 0.0165558 1.05455 -0.361021 0.0350032 0.931901 24.4817 
0.921976 -0.134132 0.363276 104.463 0.138035 0.990309 0.0153236 1.00068 -0.361811 0.0360169 0.931556 25.3212 
0.921302 -0.134691 0.364777 104.806 0.13769 0.990313 0.0179071 0.947282 -0.363655 0.0337282 0.930923 26.1934 
0.920576 -0.134201 0.366783 105.151 0.135647 0.990514 0.0219599 0.893722 -0.366251 0.0295373 0.930047 27.0508 
0.919103 -0.13795 0.36908 105.512 0.138902 0.990012 0.0241318 0.840276 -0.368723 0.0290864 0.929084 27.9308 
0.917874 -0.138891 0.371775 105.885 0.139427 0.989902 0.0255861 0.782254 -0.371574 0.0283507 0.92797 28.8579 
0.91677 -0.139339 0.374322 106.239 0.13918 0.989882 0.0276066 0.720276 -0.374381 0.026789 0.926888 29.7458 
0.915946 -0.141351 0.375583 106.557 0.140686 0.989619 0.0293478 0.645974 -0.375832 0.0259583 0.926324 30.5856 
0.915217 -0.14258 0.376893 106.904 0.142917 0.98936 0.027231 0.601716 -0.376766 0.0289421 0.925856 31.4722 
0.915667 -0.140769 0.37648 107.29 0.141933 0.989566 0.0248005 0.536938 -0.376043 0.0307257 0.926093 32.3969 
0.916212 -0.140155 0.375382 107.669 0.141131 0.989674 0.0250449 0.482515 -0.375016 0.0300318 0.926532 33.3201 
0.916652 -0.141721 0.373717 108.05 0.141027 0.98957 0.0293539 0.428375 -0.37398 0.025797 0.927078 34.2622 
0.916862 -0.142731 0.372816 108.411 0.141649 0.989449 0.0304509 0.384923 -0.373228 0.0248897 0.927406 35.144 
0.916903 -0.143004 0.372612 108.766 0.14217 0.989391 0.0298717 0.327174 -0.372931 0.0255849 0.927506 36.0515 
0.916953 -0.142319 0.37275 109.116 0.142122 0.989448 0.0281647 0.284789 -0.372825 0.0271501 0.927504 36.9295 
0.916849 -0.143278 0.372639 109.473 0.143073 0.989306 0.0283636 0.229118 -0.372718 0.0273096 0.927543 37.7819 
0.916571 -0.144282 0.372935 109.852 0.144352 0.989133 0.0279024 0.174694 -0.372908 0.0282594 0.927438 38.6866 
0.916474 -0.14351 0.373472 110.22 0.142434 0.98933 0.0306356 0.128674 -0.373883 0.0251184 0.927136 39.5958 
0.916329 -0.144376 0.373493 110.635 0.142329 0.989262 0.0332145 0.0803166 -0.374278 0.0227236 0.927038 40.5911 
0.916037 -0.144038 0.374339 111.033 0.141518 0.989339 0.034372 0.0347029 -0.375299 0.0214898 0.926655 41.5523 
0.915853 -0.143446 0.375016 111.414 0.140993 0.989422 0.0341325 -0.0144759 -0.375946 0.0216144 0.92639 42.4693 
0.915729 -0.143454 0.375314 111.783 0.139924 0.989478 0.0367999 -0.0546136 -0.376644 0.0188169 0.926167 43.3731 
0.915538 -0.145487 0.374998 112.191 0.141642 0.98919 0.0379626 -0.101758 -0.376468 0.0183594 0.926248 44.3178 
0.914664 -0.148135 0.376092 112.553 0.144692 0.988764 0.0375604 -0.159321 -0.37743 0.0200625 0.925821 45.2402 
0.914666 -0.147064 0.376508 112.941 0.143595 0.988928 0.0374359 -0.194054 -0.377845 0.0198232 0.925657 46.1812 
0.914323 -0.149082 0.376547 113.352 0.145306 0.988634 0.0385905 -0.248651 -0.37802 0.0194303 0.925593 47.1556 
0.913878 -0.150474 0.377073 113.767 0.146836 0.988409 0.0385608 -0.260431 -0.378505 0.0201279 0.92538 48.1761 
0.913892 -0.149839 0.377292 114.231 0.14562 0.988537 0.0398638 -0.306672 -0.37894 0.01851 0.925236 49.2644 
0.912955 -0.153453 0.378107 114.622 0.14881 0.987988 0.0416641 -0.365725 -0.379959 0.0182286 0.924824 50.2472 
0.912478 -0.154553 0.37881 114.996 0.149431 0.987833 0.0430816 -0.408019 -0.38086 0.017295 0.924471 51.1858 
0.911883 -0.154608 0.380218 115.337 0.149075 0.98784 0.0441546 -0.441421 -0.382421 0.0164172 0.923842 52.0605 
0.912011 -0.152061 0.380938 115.707 0.146914 0.988225 0.0427442 -0.485926 -0.382952 0.0169822 0.923612 52.9892 
0.91161 -0.154084 0.381083 116.133 0.148445 0.987926 0.0443474 -0.532051 -0.383315 0.0161422 0.923476 53.9892 
0.911041 -0.156576 0.38143 116.566 0.149644 0.987575 0.0479732 -0.560044 -0.384202 0.0133733 0.923152 55.042 
0.910742 -0.153015 0.383582 116.915 0.146153 0.988137 0.0471655 -0.572539 -0.386249 0.0131063 0.922301 55.9282 
0.910109 -0.154778 0.384377 117.278 0.149055 0.987812 0.0448383 -0.602402 -0.386633 0.0164856 0.922086 56.8032 
0.909964 -0.154257 0.384929 117.684 0.148132 0.98791 0.0457149 -0.636862 -0.387327 0.0154213 0.921813 57.7617 
0.909143 -0.157347 0.385617 118.039 0.150509 0.987439 0.0480691 -0.681346 -0.388337 0.014337 0.921406 58.6379 
0.908728 -0.157633 0.386479 118.392 0.15102 0.987383 0.0476305 -0.7231 -0.389111 0.015083 0.921068 59.5004 
0.908217 -0.157394 0.387775 118.755 0.151066 0.987407 0.0469634 -0.748806 -0.390283 0.0159266 0.920557 60.3975 
0.908209 -0.157719 0.38766 119.14 0.150724 0.987381 0.0486003 -0.758704 -0.390434 0.0142903 0.92052 61.3283 
0.908407 -0.158315 0.386954 119.563 0.151445 0.98728 0.0483962 -0.756226 -0.389693 0.0146387 0.920828 62.2941 
0.908764 -0.159296 0.38571 119.951 0.152776 0.987108 0.0477176 -0.793755 -0.388338 0.015563 0.921385 63.1945 
0.909167 -0.161339 0.383907 120.35 0.154742 0.986776 0.048239 -0.812402 -0.386613 0.0155493 0.922111 64.1125 
0.909764 -0.162051 0.38219 120.7 0.15523 0.98667 0.0488438 -0.839691 -0.385011 0.0148911 0.922792 64.9495 
0.91017 -0.162942 0.380841 121.057 0.157098 0.986482 0.0466165 -0.85835 -0.383289 0.0174004 0.923465 65.8174 
0.910905 -0.164323 0.378484 121.463 0.158533 0.986251 0.0466469 -0.873047 -0.380945 0.0175112 0.924432 66.741 
0.911279 -0.166361 0.376689 121.837 0.159856 0.985938 0.0487091 -0.897309 -0.379496 0.0158286 0.925058 67.6187 
0.911427 -0.165777 0.376587 122.179 0.158698 0.986061 0.0499871 -0.931591 -0.379625 0.0142041 0.925032 68.4861 
0.911862 -0.164662 0.376024 122.547 0.157499 0.986255 0.0499458 -0.927463 -0.37908 0.0136799 0.925263 69.3645 
0.911689 -0.164209 0.37664 122.855 0.15694 0.986335 0.0501376 -0.940702 -0.379726 0.0134002 0.925002 70.1713 
0.911526 -0.164929 0.376722 123.179 0.157391 0.986222 0.0509417 -0.976482 -0.379933 0.012858 0.924925 70.9792 
0.911163 -0.164511 0.37778 123.483 0.1574 0.986275 0.0498603 -1.01118 -0.380798 0.0140318 0.924552 71.7731 
0.911109 -0.163848 0.3782 123.814 0.157584 0.986353 0.0476877 -1.02029 -0.380852 0.0161496 0.924495 72.596 
0.91093 -0.164042 0.378547 124.131 0.158074 0.986307 0.0470247 -1.04833 -0.381077 0.0170022 0.924387 73.3946 
0.910972 -0.164586 0.378209 124.502 0.159316 0.986182 0.0454222 -1.0415 -0.380459 0.0188764 0.924605 74.2702 
0.910872 -0.165443 0.378076 124.832 0.159938 0.986047 0.0461613 -1.06832 -0.380438 0.0184215 0.924623 75.0484 
0.910833 -0.165299 0.378231 125.166 0.159764 0.986073 0.0462102 -1.07114 -0.380602 0.0183381 0.924557 75.8573 
0.910883 -0.166274 0.377683 125.501 0.16024 0.98593 0.0475908 -1.08287 -0.380282 0.0171703 0.924711 76.65 
0.91082 -0.166988 0.377522 125.797 0.160543 0.985825 0.0487267 -1.11249 -0.380307 0.0162271 0.924718 77.3913 
0.910732 -0.166538 0.377932 126.102 0.159633 0.985921 0.0497725 -1.13977 -0.3809 0.015001 0.924494 78.183 
0.910644 -0.166684 0.378079 126.409 0.159967 0.985888 0.0493518 -1.15989 -0.38097 0.0155382 0.924457 78.9387 
0.910675 -0.165933 0.378336 126.714 0.159234 0.986016 0.0491695 -1.19016 -0.381204 0.0154664 0.924362 79.6853 
0.910507 -0.166229 0.378608 127.026 0.160009 0.985944 0.0480795 -1.21096 -0.381279 0.0168041 0.924307 80.446 
0.910447 -0.166571 0.378603 127.333 0.160136 0.985894 0.0486682 -1.24155 -0.381369 0.0163181 0.924279 81.2105 
0.910381 -0.168198 0.378042 127.635 0.160969 0.985646 0.0508945 -1.28132 -0.381176 0.0145199 0.924388 81.9598 
0.91068 -0.167916 0.377448 127.946 0.160264 0.985712 0.0518423 -1.28684 -0.38076 0.0132794 0.924579 82.7396 
0.910592 -0.168203 0.377531 128.266 0.161038 0.985644 0.0507209 -1.29553 -0.380643 0.0146107 0.924607 83.5315 
0.910803 -0.166281 0.377873 128.53 0.159453 0.985962 0.0495309 -1.31797 -0.380805 0.0151402 0.924532 84.2437 
0.910879 -0.166204 0.377724 128.847 0.159799 0.985958 0.0484823 -1.32901 -0.380478 0.0161984 0.924648 85.033 
0.911252 -0.165887 0.376963 129.158 0.159831 0.985999 0.0475328 -1.34923 -0.37957 0.0169358 0.925008 85.7896 
0.911499 -0.165443 0.376561 129.469 0.159876 0.986054 0.0462311 -1.36147 -0.378958 0.0180634 0.925237 86.5489 
0.911903 -0.163729 0.376332 129.783 0.158626 0.986324 0.0447427 -1.36753 -0.378511 0.0188949 0.925404 87.3256 
0.912155 -0.164534 0.375369 130.078 0.158511 0.986233 0.0471067 -1.37456 -0.377952 0.0165315 0.925678 88.1062 
0.912488 -0.164448 0.374595 130.388 0.158068 0.986264 0.0479299 -1.3779 -0.377332 0.0154761 0.925949 88.8783 
0.913217 -0.163446 0.373256 130.702 0.157364 0.986425 0.046939 -1.3948 -0.375861 0.0158714 0.92654 89.658 
0.913704 -0.163598 0.371996 131.004 0.15769 0.986394 0.0464804 -1.41237 -0.374539 0.0161907 0.92707 90.4387 
0.914198 -0.163137 0.370982 131.313 0.157505 0.986462 0.045655 -1.42263 -0.373408 0.0166938 0.927517 91.2361 
0.914411 -0.163465 0.370312 131.612 0.157489 0.986423 0.0465446 -1.4377 -0.372893 0.0157593 0.927741 91.9867 
0.914865 -0.16391 0.368994 131.933 0.158211 0.986339 0.0458788 -1.45536 -0.371473 0.0164058 0.928299 92.7831 
0.914928 -0.165059 0.368324 132.232 0.159271 0.986149 0.0462946 -1.47554 -0.370864 0.0163071 0.928544 93.5498 
0.914897 -0.167296 0.36739 132.544 0.161206 0.98578 0.0474451 -1.49395 -0.370103 0.0158179 0.928856 94.342 
0.91511 -0.166651 0.367153 132.822 0.159644 0.985927 0.0496074 -1.52483 -0.370253 0.0132177 0.928837 95.0735 
0.915107 -0.165886 0.367506 133.132 0.158619 0.986067 0.0501245 -1.53567 -0.3707 0.0124241 0.928669 95.8368 
0.91483 -0.164664 0.368743 133.422 0.156999 0.986285 0.0509255 -1.53854 -0.372072 0.0113041 0.928135 96.6091 
0.914731 -0.164672 0.368986 133.712 0.155097 0.986328 0.0556893 -1.55394 -0.373111 0.00628781 0.927765 97.3631 
0.914771 -0.165144 0.368674 134.01 0.154472 0.986263 0.0585049 -1.55692 -0.373272 0.00343122 0.927716 98.0878 
0.913886 -0.169692 0.368804 134.292 0.155534 0.985485 0.0680263 -1.55324 -0.374995 -0.00480673 0.927015 98.8506 
0.914794 -0.17094 0.365968 134.582 0.148259 0.984896 0.089438 -1.53068 -0.375729 -0.0275592 0.92632 99.6178 
0.914682 -0.175543 0.364061 134.869 0.147123 0.98357 0.104621 -1.51968 -0.376445 -0.0421332 0.92548 100.368 
0.914548 -0.176579 0.363898 135.144 0.147853 0.983357 0.105585 -1.50974 -0.376485 -0.0427589 0.925435 101.082 
0.914136 -0.172824 0.366725 135.427 0.148584 0.984464 0.0935646 -1.4862 -0.377198 -0.0310413 0.925612 101.781 
0.914198 -0.168221 0.368706 135.734 0.147299 0.985485 0.0843989 -1.44891 -0.377551 -0.0228473 0.925707 102.55 
0.914132 -0.16793 0.369002 136.015 0.14662 0.98551 0.0852756 -1.43715 -0.377976 -0.0238501 0.925508 103.267 
0.91389 -0.166194 0.370385 136.296 0.145655 0.98585 0.0829665 -1.40646 -0.378933 -0.0218736 0.925165 104.009 
0.913954 -0.165064 0.370731 136.559 0.143665 0.985984 0.0848251 -1.39828 -0.379537 -0.024265 0.924858 104.693 
0.913995 -0.163088 0.371505 136.852 0.141325 0.986284 0.085276 -1.38302 -0.380317 -0.0254387 0.924506 105.42 
0.914636 -0.156395 0.372803 137.109 0.134669 0.987341 0.0838031 -1.36966 -0.38119 -0.0264442 0.924118 106.114 
0.915194 -0.15178 0.373341 137.373 0.131255 0.988119 0.0799622 -1.36261 -0.381042 -0.024178 0.924242 106.753 
0.915476 -0.148717 0.37388 137.635 0.128537 0.988593 0.078496 -1.3394 -0.381289 -0.0238039 0.924149 107.409 
0.915714 -0.148258 0.37348 137.904 0.128197 0.988665 0.0781447 -1.32342 -0.380832 -0.0236792 0.924341 108.046 
0.916902 -0.141897 0.373037 138.163 0.122167 0.989584 0.0761438 -1.29829 -0.379956 -0.0242437 0.924687 108.663 
0.91771 -0.141026 0.371376 138.42 0.120803 0.989663 0.0772965 -1.2814 -0.378438 -0.0260726 0.92526 109.277 
0.918342 -0.13991 0.370233 138.661 0.120189 0.989842 0.075938 -1.27545 -0.377097 -0.0252392 0.92583 109.886 
0.918305 -0.141067 0.369888 138.896 0.122325 0.989744 0.0737745 -1.26272 -0.376501 -0.0225008 0.926143 110.446 
0.919207 -0.139376 0.368285 139.147 0.11994 0.989923 0.0752715 -1.251 -0.375065 -0.0250178 0.926661 111.029 
0.919633 -0.13972 0.367088 139.388 0.120044 0.989854 0.0760194 -1.23354 -0.373985 -0.0258432 0.927075 111.622 
0.91955 -0.142662 0.366164 139.62 0.122073 0.989379 0.078911 -1.22298 -0.373532 -0.0278637 0.927199 112.184 
0.919037 -0.149083 0.364892 139.855 0.127662 0.988398 0.0822894 -1.21815 -0.372926 -0.029044 0.927406 112.734 
0.918645 -0.151865 0.364731 140.074 0.130116 0.987964 0.0836426 -1.20077 -0.373043 -0.0293807 0.927349 113.279 
0.918368 -0.154526 0.364311 140.289 0.132676 0.987557 0.0844288 -1.18669 -0.372824 -0.0292015 0.927442 113.79 
0.918006 -0.15717 0.364092 140.48 0.135385 0.987159 0.0847819 -1.17688 -0.372741 -0.0285378 0.927496 114.246 
0.917864 -0.158905 0.363697 140.671 0.137425 0.986912 0.0843786 -1.15815 -0.372345 -0.0274671 0.927688 114.713 
0.917226 -0.162697 0.36363 140.857 0.142119 0.986377 0.0828456 -1.13856 -0.372155 -0.0243093 0.927852 115.15 
0.91659 -0.164157 0.364576 141.012 0.145143 0.986239 0.0791643 -1.13108 -0.372554 -0.0196457 0.927803 115.53 
0.916537 -0.162989 0.365232 141.164 0.145681 0.98651 0.0746602 -1.12216 -0.372474 -0.0152215 0.927918 115.9 
0.91668 -0.160847 0.365822 141.289 0.14407 0.986878 0.0729042 -1.12476 -0.372748 -0.0141258 0.927825 116.222 
0.916767 -0.158323 0.366704 141.402 0.142166 0.987304 0.0708477 -1.12047 -0.373265 -0.012818 0.927636 116.522 
0.916936 -0.156408 0.367103 141.503 0.141829 0.987652 0.0665452 -1.11705 -0.372978 -0.00895183 0.927797 116.78 
0.917026 -0.155508 0.367262 141.6 0.141966 0.987814 0.0637863 -1.11332 -0.372706 -0.00635479 0.927928 117.023 
0.916673 -0.155235 0.368257 141.685 0.142594 0.98787 0.0614778 -1.11596 -0.373334 -0.00384363 0.927689 117.232 
0.916754 -0.154804 0.368236 141.761 0.1427 0.987942 0.0600615 -1.11789 -0.373094 -0.00251445 0.92779 117.417 
0.916931 -0.154722 0.367829 141.828 0.142607 0.987955 0.0600751 -1.11966 -0.372693 -0.00262976 0.927951 117.588 
0.91701 -0.153666 0.368076 141.889 0.141484 0.988118 0.0600348 -1.11809 -0.372928 -0.00297544 0.927855 117.744 
0.917033 -0.153445 0.368111 141.938 0.141569 0.988155 0.0592325 -1.11995 -0.372839 -0.00220491 0.927893 117.872 
0.917021 -0.152833 0.368393 141.985 0.141869 0.988252 0.0568427 -1.11874 -0.372753 0.000137677 0.927931 117.988 
0.916783 -0.152429 0.369155 142.032 0.142537 0.98831 0.0541035 -1.12013 -0.373086 0.00301684 0.927792 118.101 
0.916947 -0.150812 0.369411 142.078 0.141185 0.988556 0.0531322 -1.11801 -0.373197 0.00343581 0.927746 118.221 
0.917614 -0.147536 0.369076 142.122 0.1374 0.989056 0.0537591 -1.11498 -0.372968 0.00138094 0.927843 118.347 
0.918527 -0.13954 0.369916 142.161 0.127674 0.990205 0.0565025 -1.11284 -0.374177 -0.00467048 0.927346 118.483 
0.920637 -0.130349 0.368018 142.201 0.11486 0.991332 0.0637871 -1.11186 -0.373143 -0.0164542 0.927628 118.635 
0.92084 -0.140799 0.363633 142.265 0.125419 0.989926 0.0656979 -1.11137 -0.36922 -0.0148908 0.929223 118.766 
0.915951 -0.164326 0.366101 142.356 0.154481 0.986393 0.0562495 -1.11481 -0.370363 0.00503387 0.928873 118.871 
0.911583 -0.175309 0.371864 142.433 0.170283 0.984293 0.0465981 -1.12146 -0.374192 0.020844 0.927117 118.983 
0.914275 -0.163138 0.370792 142.468 0.159145 0.98638 0.0415696 -1.13538 -0.372524 0.0210037 0.927785 119.118 
0.918727 -0.139731 0.369347 142.482 0.136054 0.990043 0.0361251 -1.14673 -0.370717 0.0170622 0.928589 119.257 
0.919841 -0.126829 0.371224 142.517 0.123645 0.991795 0.0324731 -1.1478 -0.372296 0.0160299 0.927975 119.396 
0.919271 -0.132596 0.370619 142.579 0.130247 0.990982 0.0314825 -1.15222 -0.371451 0.019331 0.928251 119.52 
0.91796 -0.140815 0.370838 142.649 0.139267 0.989766 0.0310987 -1.15074 -0.371422 0.0230982 0.928177 119.651 
0.917328 -0.141457 0.372155 142.709 0.140036 0.989661 0.0309952 -1.15402 -0.372692 0.0236824 0.927653 119.797 
0.918328 -0.135038 0.372073 142.757 0.133462 0.990596 0.0301171 -1.16063 -0.372641 0.0220004 0.927715 119.944 
0.918537 -0.131212 0.372925 142.811 0.129677 0.991123 0.0293207 -1.16804 -0.373461 0.0214275 0.927398 120.101 
0.91768 -0.133611 0.374182 142.88 0.132374 0.990772 0.0291321 -1.17016 -0.374621 0.0227981 0.926898 120.26 
0.916763 -0.136519 0.375377 142.955 0.135779 0.990327 0.0285626 -1.17205 -0.375645 0.0247831 0.926432 120.425 
0.91645 -0.133727 0.377143 143.02 0.134046 0.990646 0.0255318 -1.1732 -0.377029 0.0271559 0.925803 120.592 
0.916863 -0.122971 0.37979 143.077 0.125108 0.991958 0.0191573 -1.17411 -0.379091 0.02995 0.924874 120.764 
0.917555 -0.11121 0.381739 143.134 0.116559 0.993141 0.00916081 -1.1662 -0.38014 0.0360897 0.924225 120.946 
0.917675 -0.127337 0.376375 143.235 0.13228 0.99113 0.0127989 -1.16899 -0.374666 0.0380417 0.926379 121.133 
0.913671 -0.149579 0.377931 143.353 0.151747 0.988122 0.0242268 -1.18138 -0.377066 0.0352144 0.925517 121.315 
0.911788 -0.155224 0.380194 143.445 0.153815 0.987504 0.0342918 -1.19573 -0.380766 0.0272128 0.924271 121.519 
0.915004 -0.142945 0.377272 143.501 0.138972 0.989571 0.0378884 -1.20893 -0.378754 0.0177621 0.925327 121.712 
0.915482 -0.131452 0.380281 143.562 0.127041 0.991215 0.0367976 -1.20994 -0.381777 0.0146238 0.924139 121.914 
0.914296 -0.135236 0.381804 143.65 0.132365 0.990621 0.03391 -1.20859 -0.382809 0.0195338 0.923621 122.11 
0.91277 -0.146029 0.38148 143.769 0.144262 0.988976 0.0333989 -1.2078 -0.382151 0.0245476 0.923774 122.341 
0.911058 -0.149798 0.384102 143.877 0.147871 0.988397 0.0347305 -1.21633 -0.384848 0.0251563 0.922637 122.584 
0.911557 -0.144933 0.384784 143.986 0.142635 0.989168 0.0346783 -1.22189 -0.385642 0.0232722 0.922355 122.863 
0.912033 -0.14063 0.385251 144.1 0.136738 0.989892 0.0376339 -1.22874 -0.38665 0.0183552 0.922044 123.157 
0.911213 -0.143876 0.385993 144.245 0.138443 0.989479 0.0419994 -1.23272 -0.387975 0.0151675 0.921545 123.493 
0.909822 -0.151519 0.386349 144.406 0.14621 0.988306 0.0432816 -1.24285 -0.388389 0.0171096 0.921337 123.831 
0.908091 -0.157692 0.387949 144.58 0.15383 0.987238 0.0412111 -1.2381 -0.389497 0.0222548 0.920759 124.191 
0.90702 -0.158438 0.390143 144.743 0.155084 0.987079 0.0403097 -1.2451 -0.391489 0.0239431 0.919871 124.567 
0.905584 -0.159266 0.393132 144.9 0.154863 0.986994 0.0431219 -1.25184 -0.394887 0.0218313 0.91847 124.929 
0.9032 -0.160095 0.398246 145.059 0.155094 0.986875 0.0449798 -1.2657 -0.40022 0.0211399 0.916175 125.287 
0.899956 -0.159503 0.405756 145.22 0.156058 0.986863 0.0418041 -1.27031 -0.407093 0.0256996 0.913025 125.623 
0.895898 -0.156271 0.415867 145.391 0.154557 0.987252 0.0380214 -1.27002 -0.416507 0.0302119 0.90863 125.975 
0.889347 -0.159039 0.428682 145.563 0.156767 0.98679 0.0408647 -1.28119 -0.429518 0.0308603 0.902531 126.298 
0.879619 -0.166894 0.445439 145.765 0.163919 0.985423 0.0455169 -1.27936 -0.446543 0.0329786 0.894154 126.638 
0.867809 -0.172415 0.466026 145.98 0.171769 0.984143 0.0442412 -1.278 -0.466264 0.041656 0.883664 126.96 
0.85427 -0.171892 0.490587 146.199 0.175902 0.98366 0.0383521 -1.27088 -0.489164 0.0535323 0.870548 127.29 
0.839175 -0.16516 0.518176 146.447 0.170662 0.984618 0.0374484 -1.27301 -0.516391 0.057007 0.854454 127.667 
0.821672 -0.162457 0.546318 146.694 0.165744 0.985201 0.0436842 -1.26997 -0.545329 0.054655 0.836438 127.995 
0.800656 -0.164294 0.576158 146.968 0.163234 0.985105 0.0540692 -1.26959 -0.576459 0.0507577 0.815548 128.331 
0.776471 -0.167364 0.607522 147.268 0.160579 0.984809 0.0660668 -1.25707 -0.60935 0.0462562 0.791551 128.667 
