1 0 0 0 0 1 0 0 0 0 1 0 
0.999994 0.000349773 -0.00341681 0.0374729 -0.000235303 0.999441 0.0334452 -0.485763 0.00342659 -0.0334442 0.999435 0.185666 
0.999979 -0.000889884 -0.00647233 0.0682145 0.00109224 0.999509 0.0313283 -0.453432 0.00644127 -0.0313347 0.999488 0.374001 
0.999817 -0.000911159 -0.0191346 0.240616 0.00189755 0.998666 0.0515953 -0.74293 0.019062 -0.0516221 0.998485 0.568214 
0.999511 -0.00262872 -0.031163 0.401217 0.004963 0.997166 0.0750667 -1.07242 0.0308774 -0.0751847 0.996691 0.787208 
0.999716 -0.0034955 -0.0235535 0.271775 0.00418914 0.999557 0.0294647 -0.394193 0.0234401 -0.029555 0.999288 0.932543 
0.999563 -0.00320354 -0.0293712 0.338902 0.00454605 0.998942 0.0457561 -0.633191 0.0291936 -0.0458696 0.998521 1.10484 
0.999748 -0.00285482 -0.0222634 0.216452 0.00409909 0.99842 0.0560448 -0.773454 0.0220682 -0.0561219 0.99818 1.29103 
0.999903 -0.00438133 -0.0132444 0.0667382 0.00502027 0.998806 0.0486004 -0.653535 0.0130156 -0.0486622 0.99873 1.48033 
0.999953 -0.00602894 -0.00756821 -0.0291707 0.00633538 0.999133 0.0411421 -0.53634 0.00731361 -0.0411881 0.999125 1.63812 
0.999638 -0.0059325 -0.0262489 0.227594 0.00698162 0.999173 0.0400586 -0.516889 0.0259895 -0.0402274 0.998852 1.8313 
0.999139 -0.00295964 -0.0413913 0.432677 0.00631172 0.996687 0.0810907 -1.10929 0.0410141 -0.0812821 0.995847 2.02391 
0.998823 -0.00413726 -0.0483273 0.513943 0.00663011 0.998649 0.0515368 -0.656765 0.0480488 -0.0517965 0.997501 2.2516 
0.998326 -0.00204244 -0.0578016 0.634118 0.00852503 0.993657 0.11213 -1.53755 0.0572059 -0.112435 0.992011 2.48083 
0.998591 0.000163635 -0.0530727 0.543462 0.00947913 0.983366 0.181387 -2.52713 0.0522195 -0.181634 0.981979 2.80143 
0.998015 0.000381164 -0.0629775 0.666899 0.0127706 0.977982 0.208297 -2.88051 0.0616702 -0.208688 0.976036 3.09997 
0.998004 0.000932667 -0.0631452 0.643286 0.0124015 0.977528 0.210442 -2.87107 0.0619224 -0.210805 0.975565 3.30779 
0.99817 0.00132357 -0.0604639 0.577661 0.0116059 0.976987 0.212982 -2.86476 0.0593543 -0.213294 0.975183 3.51637 
0.998196 0.000278395 -0.0600374 0.541403 0.013582 0.973018 0.230329 -3.06801 0.0584816 -0.230729 0.971259 3.79518 
0.997554 0.00130566 -0.0698942 0.66097 0.0149904 0.972573 0.232116 -3.03634 0.0682803 -0.232596 0.970174 4.0319 
0.998103 0.00126745 -0.0615516 0.512515 0.0117318 0.977552 0.210369 -2.67021 0.0604365 -0.210692 0.975682 4.16397 
0.997283 0.0027308 -0.0736088 0.665058 0.0139192 0.974322 0.22473 -2.83935 0.0723323 -0.225144 0.971637 4.41663 
0.997023 0.00436158 -0.0769806 0.686369 0.0137696 0.972277 0.233426 -2.92111 0.0758646 -0.233791 0.969323 4.62839 
0.997063 0.00595452 -0.076359 0.651301 0.014591 0.963948 0.265692 -3.35485 0.0751881 -0.266025 0.961029 4.90829 
0.998032 0.00727862 -0.0622859 0.419172 0.0101793 0.961265 0.275438 -3.45803 0.061878 -0.27553 0.959299 5.0951 
0.998334 0.0069115 -0.0572866 0.318913 0.00875449 0.963165 0.268768 -3.30276 0.0570341 -0.268822 0.9615 5.26804 
0.999165 0.00772071 -0.0401188 0.0445445 0.00469576 0.953771 0.300498 -3.72209 0.0405842 -0.300436 0.952938 5.54368 
0.998466 0.0101372 -0.0544349 0.235511 0.00990721 0.934527 0.355755 -4.47466 0.0544772 -0.355748 0.932993 6.00193 
0.99911 0.00953528 -0.0410827 0.0176924 0.00554023 0.935992 0.351979 -4.34145 0.0418093 -0.351893 0.935106 6.16644 
0.998823 0.00995152 -0.0474789 0.0894992 0.00794886 0.931929 0.362553 -4.42077 0.0478549 -0.362503 0.930753 6.44067 
0.998398 0.010572 -0.0555823 0.186545 0.0111519 0.926345 0.376511 -4.56871 0.0554688 -0.376527 0.924743 6.67476 
0.998543 0.0131353 -0.0523462 0.11514 0.00900465 0.915784 0.40157 -4.86422 0.0532126 -0.401456 0.914331 7.00978 
0.998248 0.0151672 -0.0571936 0.162356 0.00997038 0.909652 0.415252 -4.98348 0.0583245 -0.415095 0.907907 7.29031 
0.998615 0.0113177 -0.0513764 0.048773 0.00909733 0.924723 0.380533 -4.38184 0.0518156 -0.380474 0.923339 7.26855 
0.998384 0.0100505 -0.0559275 0.0928082 0.0122617 0.922941 0.384746 -4.36715 0.0554847 -0.38481 0.921327 7.48011 
0.997793 0.00919872 -0.0657606 0.215108 0.0163715 0.925704 0.377895 -4.19342 0.064351 -0.378138 0.92351 7.61785 
0.997769 0.010115 -0.0659857 0.193624 0.0168701 0.918165 0.395839 -4.38023 0.0645897 -0.39607 0.915946 7.90878 
0.997825 0.0107071 -0.0650369 0.153344 0.0163607 0.915603 0.401749 -4.39004 0.0638496 -0.40194 0.913437 8.12481 
0.997963 0.0127594 -0.0625009 0.0919533 0.0163405 0.895967 0.443821 -4.95393 0.0616616 -0.443938 0.893933 8.5294 
0.998213 0.0122775 -0.05848 0.0100666 0.014556 0.899223 0.437248 -4.77034 0.0579549 -0.437317 0.897438 8.65133 
0.996945 0.0118108 -0.0772044 0.260653 0.0239043 0.894921 0.445583 -4.80224 0.0743545 -0.446068 0.891905 8.91804 
0.997419 0.0121931 -0.0707629 0.138963 0.0217691 0.887752 0.459808 -4.924 0.0684264 -0.460161 0.885194 9.19633 
0.997282 0.0140108 -0.0723327 0.136779 0.0231066 0.872744 0.487631 -5.22968 0.06996 -0.487977 0.870048 9.60345 
0.99747 0.0164492 -0.0691553 0.0627934 0.0210733 0.860699 0.508678 -5.45062 0.0678892 -0.508849 0.858175 9.93288 
0.997667 0.0164106 -0.0662733 -0.0072814 0.019593 0.86104 0.50816 -5.3308 0.0654031 -0.508273 0.858709 10.1195 
0.997272 0.017724 -0.0716607 0.0497009 0.0218682 0.856245 0.516107 -5.35825 0.0705066 -0.516266 0.853521 10.3509 
0.998289 0.0193211 -0.0551925 -0.213805 0.0131091 0.845874 0.533222 -5.52917 0.0569883 -0.533033 0.844173 10.6209 
0.998443 0.0208862 -0.051732 -0.286574 0.0114671 0.830647 0.556682 -5.78493 0.0545979 -0.556408 0.829113 10.9734 
0.998525 0.0208287 -0.0501347 -0.33493 0.0118665 0.817406 0.575939 -5.9314 0.0529765 -0.575685 0.815954 11.362 
0.999134 0.0199549 -0.0365092 -0.554366 0.00476192 0.816874 0.576797 -5.84955 0.0413333 -0.576471 0.816071 11.4967 
0.999487 0.0195949 -0.0253318 -0.735496 -0.00226232 0.832201 0.55447 -5.42416 0.0319459 -0.554128 0.831818 11.4037 
0.99909 0.0185696 -0.0383977 -0.560788 0.00488397 0.844522 0.535499 -5.03314 0.0423717 -0.535199 0.843663 11.4023 
0.999294 0.018285 -0.0328189 -0.660145 0.00266939 0.8368 0.547502 -5.10537 0.0374739 -0.547203 0.83616 11.6669 
0.999701 0.0173739 -0.0171889 -0.908235 -0.00457289 0.823862 0.566772 -5.30206 0.0240083 -0.566524 0.823695 11.9841 
0.999549 0.0183159 -0.0237918 -0.828473 -0.00014599 0.795345 0.606156 -5.80201 0.0300251 -0.60588 0.79499 12.5091 
0.999398 0.0190612 -0.0290023 -0.770997 0.00259893 0.792222 0.610228 -5.75826 0.0346079 -0.609936 0.791695 12.6913 
0.999396 0.0181449 -0.0296216 -0.780014 0.00394942 0.787852 0.615853 -5.7283 0.034512 -0.615598 0.787304 12.9002 
0.997863 0.0167734 -0.0631566 -0.307524 0.0241831 0.803084 0.595375 -5.32693 0.0607065 -0.59563 0.800962 12.8297 
0.997925 0.0214621 -0.0607078 -0.359927 0.022357 0.768669 0.639256 -5.88871 0.060384 -0.639287 0.766594 13.437 
0.999019 0.0211333 -0.0389057 -0.702237 0.00923048 0.760006 0.64985 -5.91736 0.043302 -0.649572 0.759066 13.6925 
0.998829 0.0218802 -0.0431505 -0.655858 0.0104802 0.772865 0.634484 -5.57058 0.0472322 -0.634193 0.77173 13.6508 
0.998776 0.0224033 -0.0441013 -0.662551 0.00998079 0.781947 0.623265 -5.2679 0.0484481 -0.622943 0.780766 13.6864 
0.999127 0.0243616 -0.0339459 -0.830253 0.00324063 0.764807 0.644252 -5.46983 0.0416571 -0.643799 0.76406 14.0636 
0.999029 0.0251444 -0.0361771 -0.815052 0.00461819 0.756851 0.653571 -5.45279 0.0438144 -0.653103 0.756 14.3582 
0.999066 0.0262835 -0.0343017 -0.859573 0.00405989 0.733168 0.680035 -5.70974 0.0430226 -0.679539 0.732377 14.8476 
0.999081 0.0260498 -0.0340423 -0.881895 0.00434824 0.728476 0.685058 -5.63294 0.0426446 -0.684576 0.727693 15.0761 
0.999031 0.0274286 -0.0344113 -0.8931 0.00621945 0.686123 0.727459 -6.13091 0.0435636 -0.726968 0.685288 15.8154 
0.998759 0.026509 -0.0421743 -0.794797 0.0132141 0.675318 0.737408 -6.15798 0.048029 -0.73705 0.67413 16.0935 
0.998678 0.0261446 -0.0442486 -0.786013 0.0151153 0.673461 0.739068 -6.04055 0.0491223 -0.73876 0.672176 16.2481 
0.998848 0.0255993 -0.0405831 -0.862242 0.0131689 0.667058 0.744889 -5.9843 0.0461399 -0.744566 0.665953 16.4644 
0.999498 0.02624 -0.0177665 -1.213 -0.0032705 0.643077 0.765795 -6.15037 0.0315197 -0.765352 0.64284 16.9211 
0.999201 0.0252113 -0.0310033 -1.03422 0.00665182 0.660092 0.751155 -5.78307 0.0394026 -0.750761 0.659397 16.8061 
0.998949 0.0261122 -0.0376621 -0.951703 0.011591 0.651125 0.758882 -5.75063 0.0443388 -0.758522 0.650138 17.0668 
0.999395 0.0259098 -0.023223 -1.18444 7.99624e-05 0.66573 0.746193 -5.40457 0.034794 -0.745743 0.665325 16.9918 
0.999383 0.0246618 -0.0250148 -1.17354 0.00218836 0.667022 0.745035 -5.21907 0.0350593 -0.74463 0.666556 17.1242 
0.999117 0.0242313 -0.0343159 -1.05334 0.00920581 0.670728 0.741647 -5.00119 0.0409877 -0.741308 0.669913 17.2216 
0.999213 0.0261634 -0.0298205 -1.13689 0.0062105 0.639262 0.768964 -5.2851 0.0391818 -0.768544 0.638596 17.7814 
0.99932 0.0284728 -0.0234223 -1.24656 0.00112261 0.611495 0.791247 -5.4601 0.0368517 -0.790736 0.611048 18.3127 
0.999367 0.0292543 -0.0202239 -1.31004 -0.000466165 0.579384 0.815054 -5.70879 0.0355613 -0.814529 0.579032 18.8568 
0.999279 0.0302464 -0.0229399 -1.2873 7.24467e-06 0.60414 0.796878 -5.27056 0.0379616 -0.796304 0.603704 18.6152 
0.999187 0.031247 -0.0254941 -1.26519 0.00142056 0.604509 0.796597 -5.09018 0.0403026 -0.795985 0.603973 18.7479 
0.999376 0.0299884 -0.0186437 -1.38359 -0.0031264 0.601052 0.799204 -4.95844 0.0351727 -0.798647 0.600771 18.9239 
0.999519 0.0294178 -0.00985643 -1.52242 -0.00966502 0.597125 0.80209 -4.84032 0.0294813 -0.801609 0.597122 19.1037 
0.999547 0.0299894 -0.00240749 -1.64749 -0.0154966 0.581784 0.813196 -4.86917 0.0257879 -0.81279 0.581985 19.4193 
0.999302 0.0293951 -0.0230717 -1.35691 0.0031215 0.549593 0.835427 -5.09104 0.0372375 -0.834915 0.549117 19.9712 
0.999355 0.0298294 -0.0200114 -1.42036 0.00137425 0.524951 0.851132 -5.18005 0.0358938 -0.85061 0.524571 20.4231 
0.999296 0.0318617 -0.0197913 -1.44022 0.00140547 0.495474 0.868621 -5.28576 0.0374819 -0.868038 0.495081 20.9467 
0.999241 0.0333353 -0.0201406 -1.45166 0.0012271 0.489922 0.871765 -5.12925 0.0389279 -0.871128 0.48951 21.1404 
0.999298 0.0321894 -0.0191619 -1.48406 0.00105081 0.487227 0.873275 -4.96432 0.0374464 -0.872682 0.486851 21.2781 
0.999202 0.0342709 -0.0205327 -1.47923 0.000664742 0.499614 0.866248 -4.66076 0.0399456 -0.86557 0.499192 21.2157 
0.999011 0.0364575 -0.0254587 -1.42096 0.00486977 0.479389 0.877589 -4.68933 0.0441994 -0.876845 0.478737 21.5898 
0.998984 0.0367651 -0.0260674 -1.42833 0.0046471 0.491282 0.870988 -4.38674 0.0448284 -0.870224 0.490612 21.531 
0.998576 0.0354227 -0.0398957 -1.24634 0.016961 0.498217 0.866886 -4.17588 0.0505842 -0.866328 0.496907 21.5209 
0.999225 0.0346043 -0.018756 -1.57321 -0.0011893 0.502845 0.864376 -4.00906 0.0393425 -0.863684 0.502496 21.5154 
0.999228 0.0358187 -0.0161675 -1.62596 -0.00493105 0.522429 0.852668 -3.66912 0.0389878 -0.85193 0.522202 21.3278 
0.999188 0.0363936 -0.0173115 -1.62243 -0.00470519 0.531961 0.846756 -3.42119 0.0400255 -0.845986 0.5317 21.286 
0.999148 0.0369518 -0.0183617 -1.6225 -0.00482345 0.546543 0.837417 -3.1012 0.0409796 -0.836615 0.546256 21.183 
0.99924 0.0382798 -0.00735548 -1.8002 -0.015291 0.558511 0.829356 -2.82467 0.0358557 -0.828613 0.558672 21.1061 
0.999264 0.0375011 -0.00809838 -1.80244 -0.0150837 0.578101 0.815826 -2.47282 0.0352761 -0.815103 0.578241 20.9215 
0.999219 0.0380697 -0.0105939 -1.78004 -0.0130514 0.570987 0.820855 -2.38243 0.0372987 -0.820076 0.571038 21.141 
0.999246 0.0369464 -0.0119473 -1.77266 -0.011223 0.569349 0.822019 -2.24452 0.0371729 -0.821265 0.569334 21.2675 
0.999225 0.0381606 -0.00965706 -1.8215 -0.0131004 0.55373 0.832593 -2.27642 0.0371197 -0.831821 0.553801 21.5837 
0.999308 0.037199 0.000730952 -1.98767 -0.021551 0.562705 0.826377 -1.99266 0.0303291 -0.825821 0.563117 21.5786 
0.999236 0.0389488 0.00337072 -2.03944 -0.0250017 0.570368 0.821009 -1.75939 0.0300548 -0.820465 0.570906 21.5725 
0.999266 0.0383106 0.000871229 -2.01493 -0.0213482 0.537663 0.842889 -1.95263 0.0318232 -0.842289 0.538086 22.1395 
0.999244 0.0385414 -0.00504794 -1.94018 -0.0164463 0.536872 0.843503 -1.74346 0.0352199 -0.842783 0.5371 22.2975 
0.999231 0.0386149 -0.00685809 -1.925 -0.0138701 0.511504 0.859169 -1.80531 0.0366847 -0.858413 0.511646 22.7729 
0.999296 0.0374659 0.00199117 -2.06734 -0.0202676 0.494396 0.869001 -1.7777 0.0315735 -0.868429 0.494807 23.1252 
0.999224 0.0378892 0.0108073 -2.20741 -0.0288788 0.517701 0.855074 -1.40286 0.0268031 -0.854722 0.518393 22.8734 
0.999332 0.0365173 0.0017042 -2.08598 -0.0194881 0.49271 0.869975 -1.47621 0.0309295 -0.869427 0.493092 23.3249 
0.999114 0.0349879 0.023401 -2.41597 -0.0373758 0.481721 0.875527 -1.40623 0.0193601 -0.875626 0.482601 23.5677 
0.999084 0.0345109 0.0252946 -2.45215 -0.0387178 0.477515 0.87777 -1.26689 0.018214 -0.877946 0.478414 23.7266 
0.99859 0.0331844 0.0414319 -2.70101 -0.0522292 0.4748 0.878543 -1.14832 0.00948201 -0.879468 0.475864 23.834 
0.997837 0.0345732 0.0559183 -2.91941 -0.06572 0.501992 0.862372 -0.736259 0.00174439 -0.864181 0.503178 23.5268 
0.997711 0.03341 0.058797 -2.96309 -0.0676233 0.484659 0.872085 -0.702754 0.000639857 -0.874065 0.485809 23.8826 
0.996763 0.0279071 0.0753982 -3.20485 -0.0799699 0.440707 0.894082 -0.860569 -0.00827721 -0.897217 0.441512 24.6151 
0.996818 0.0272497 0.0749061 -3.19258 -0.0792664 0.43774 0.8956 -0.685778 -0.00838455 -0.898688 0.438508 24.7549 
0.996562 0.0272362 0.078246 -3.23775 -0.0822098 0.442317 0.893083 -0.464799 -0.0102854 -0.896445 0.443036 24.7822 
0.996493 0.0256486 0.0796437 -3.25988 -0.0830755 0.416722 0.90523 -0.512087 -0.00997149 -0.908672 0.417392 25.2211 
0.996192 0.026513 0.083058 -3.30714 -0.0864555 0.423541 0.901742 -0.300883 -0.0112706 -0.905489 0.42422 25.2 
0.993462 0.0229996 0.111824 -3.72322 -0.111901 0.390259 0.91388 -0.317916 -0.0226214 -0.920418 0.390281 25.7682 
0.992756 0.0240754 0.117711 -3.79331 -0.117635 0.394103 0.911507 -0.0660671 -0.0244453 -0.918751 0.39408 25.8009 
0.992229 0.020728 0.12269 -3.85416 -0.121624 0.369738 0.921141 -0.0119813 -0.0262698 -0.928905 0.369385 26.2485 
0.992634 0.0190164 0.119648 -3.79736 -0.118169 0.369715 0.9216 0.180108 -0.0267102 -0.92895 0.369239 26.3301 
0.993597 0.0202545 0.111149 -3.66373 -0.110243 0.389018 0.91461 0.456907 -0.0247138 -0.921008 0.38876 26.1163 
0.994726 0.0182899 0.100923 -3.5031 -0.100356 0.376744 0.920865 0.548424 -0.0211795 -0.926137 0.376593 26.3708 
0.9934 0.0169484 0.11344 -3.67315 -0.111658 0.36915 0.922638 0.753037 -0.0262393 -0.929215 0.368606 26.5755 
0.993632 0.0150773 0.111665 -3.6413 -0.109685 0.356308 0.927908 0.820777 -0.0257967 -0.934247 0.355692 26.8202 
0.993389 0.0128593 0.114074 -3.66727 -0.11162 0.340338 0.933655 0.905222 -0.0268175 -0.940215 0.339524 27.1211 
0.994089 0.0108879 0.108023 -3.56292 -0.105522 0.331012 0.937708 1.08683 -0.0255472 -0.943564 0.330204 27.3465 
0.992578 0.0112887 0.121086 -3.74637 -0.118014 0.32979 0.936649 1.29392 -0.0293593 -0.943987 0.328674 27.4368 
0.992661 0.00865326 0.120617 -3.73139 -0.117318 0.310774 0.943216 1.37147 -0.0293226 -0.950444 0.309509 27.7806 
0.988686 0.00410003 0.149945 -4.14155 -0.145075 0.280207 0.948914 1.51106 -0.038125 -0.959931 0.277631 28.3179 
0.988522 -0.00312453 0.151042 -4.14953 -0.146142 0.233596 0.961288 1.4554 -0.0382864 -0.972329 0.230459 29.0427 
0.985903 -0.00560597 0.167224 -4.36609 -0.161797 0.222695 0.961368 1.66256 -0.0426294 -0.974872 0.218648 29.2665 
0.986333 -0.00517316 0.164686 -4.31078 -0.159512 0.22043 0.962271 1.82317 -0.0412797 -0.975389 0.216592 29.3391 
0.985672 -0.00451506 0.168615 -4.34618 -0.163252 0.225911 0.960371 2.05321 -0.0424282 -0.974137 0.221937 29.3035 
0.983511 -0.00242702 0.180834 -4.5031 -0.175626 0.22578 0.958217 2.28065 -0.0431542 -0.974175 0.22163 29.3523 
0.981586 -0.000253478 0.191019 -4.62924 -0.185649 0.234182 0.954302 2.5195 -0.0449752 -0.972193 0.229823 29.2771 
0.982336 0.000223691 0.187126 -4.54439 -0.181877 0.23634 0.954497 2.72552 -0.0440119 -0.97167 0.232206 29.2927 
0.980626 -0.00415444 0.195846 -4.65326 -0.190345 0.216 0.95766 2.84704 -0.0462814 -0.976384 0.211025 29.6386 
0.981462 -0.00736702 0.191515 -4.57267 -0.186388 0.196 0.962727 2.91182 -0.0446295 -0.980576 0.190994 29.9636 
0.979162 0.000533293 0.203078 -4.72015 -0.197332 0.238706 0.950831 3.26475 -0.047969 -0.971092 0.233838 29.3749 
0.978315 -0.00276984 0.207105 -4.75579 -0.20132 0.222329 0.95396 3.39911 -0.0486878 -0.974968 0.21695 29.6663 
0.976822 -0.0060355 0.213969 -4.83011 -0.208368 0.202055 0.956952 3.53844 -0.0490092 -0.979356 0.196114 30.0138 
0.972563 -0.0209948 0.231691 -5.04829 -0.226694 0.138214 0.964109 3.66452 -0.0522642 -0.99018 0.129662 31.0304 
0.973992 -0.0245982 0.225243 -4.9137 -0.220128 0.132846 0.966383 3.85948 -0.0536938 -0.990831 0.123976 31.144 
0.971163 -0.0312548 0.236357 -5.05489 -0.231877 0.106756 0.966869 4.0013 -0.0554519 -0.993794 0.0964305 31.5628 
0.96814 -0.0274622 0.2489 -5.19745 -0.243869 0.122292 0.962067 4.28593 -0.0568588 -0.992114 0.111698 31.3594 
0.96643 -0.0234679 0.255855 -5.24692 -0.250739 0.131137 0.959131 4.56404 -0.0560609 -0.991086 0.12085 31.2533 
0.963109 -0.0258322 0.267869 -5.37667 -0.262876 0.122739 0.956991 4.81956 -0.0575993 -0.992103 0.111421 31.4235 
0.964953 -0.0213715 0.261549 -5.23271 -0.256156 0.139783 0.956475 5.05031 -0.0570014 -0.989952 0.12941 31.1936 
0.968828 -0.033279 0.245488 -4.96358 -0.240748 0.107186 0.964651 5.10523 -0.0584156 -0.993682 0.0958331 31.7044 
0.969284 -0.0338377 0.243606 -4.89927 -0.238884 0.106102 0.965234 5.28996 -0.0585084 -0.993779 0.09476 31.741 
0.971555 -0.0324309 0.234583 -4.718 -0.229683 0.112213 0.966775 5.50999 -0.0576767 -0.993155 0.101573 31.6666 
0.974943 -0.0389671 0.219016 -4.45165 -0.215625 0.0765723 0.973469 5.61402 -0.0547039 -0.996302 0.0662513 32.2065 
0.975384 -0.0436905 0.21614 -4.37542 -0.214047 0.0480063 0.975643 5.78397 -0.0530024 -0.997891 0.0374728 32.6422 
0.975766 -0.0464755 0.213823 -4.30332 -0.212525 0.031333 0.976653 6.00277 -0.0520902 -0.998428 0.0206965 32.8999 
0.977657 -0.0557327 0.202685 -4.11959 -0.203277 -0.00510023 0.979108 6.12188 -0.0535346 -0.998433 -0.0163154 33.446 
0.97927 -0.0542029 0.195174 -3.97027 -0.195465 -6.09272e-05 0.980711 6.35437 -0.0531455 -0.99853 -0.0106544 33.3599 
0.977513 -0.0536641 0.203932 -4.07613 -0.204305 -0.00148739 0.978906 6.5776 -0.0522288 -0.998558 -0.0124178 33.3822 
0.975586 -0.0535132 0.212997 -4.17076 -0.213405 -0.00196081 0.976962 6.8415 -0.0518627 -0.998565 -0.0133329 33.3998 
0.977061 -0.0524301 0.206403 -4.04253 -0.206813 -0.002457 0.978377 7.03715 -0.0507893 -0.998622 -0.0132438 33.3986 
0.972136 -0.0564141 0.227528 -4.3175 -0.229057 -0.0222113 0.97316 7.32835 -0.0498462 -0.99816 -0.0345144 33.7067 
0.967872 -0.0559242 0.245147 -4.54304 -0.246469 -0.018011 0.968983 7.58743 -0.0497743 -0.998273 -0.0312159 33.6503 
0.970764 -0.0588145 0.232717 -4.32338 -0.23468 -0.0289217 0.971642 7.75167 -0.0504161 -0.99785 -0.0418787 33.7981 
0.966215 -0.0646672 0.249494 -4.552 -0.252774 -0.0486797 0.9663 7.96019 -0.0503426 -0.996719 -0.0633812 34.1081 
0.969005 -0.0722415 0.236244 -4.32149 -0.241342 -0.0725767 0.967722 8.13278 -0.052764 -0.994743 -0.087762 34.4489 
0.971206 -0.0768709 0.225499 -4.13404 -0.231728 -0.0849971 0.96906 8.29737 -0.0553258 -0.993411 -0.100363 34.6156 
0.972868 -0.0729711 0.219553 -4.01254 -0.224584 -0.0698287 0.97195 8.45933 -0.0555931 -0.994887 -0.0843222 34.3616 
0.973624 -0.0734333 0.216018 -3.93742 -0.22155 -0.0780624 0.972019 8.63334 -0.0545157 -0.99424 -0.0922726 34.4636 
0.975765 -0.0693079 0.207554 -3.78561 -0.211938 -0.0633212 0.97523 8.77495 -0.0544485 -0.995584 -0.0764756 34.2187 
0.972219 -0.0710531 0.223029 -3.99075 -0.227983 -0.0714943 0.971037 9.00316 -0.0530499 -0.994907 -0.085707 34.3418 
0.971193 -0.0766047 0.225646 -4.00066 -0.232596 -0.0988927 0.967533 9.22872 -0.0518028 -0.992145 -0.113862 34.7372 
0.968567 -0.081929 0.234872 -4.10234 -0.243415 -0.117643 0.962761 9.48701 -0.0512471 -0.989671 -0.133888 35.0101 
0.96434 -0.0801359 0.252242 -4.31283 -0.260266 -0.114085 0.958773 9.77957 -0.0480551 -0.990234 -0.130874 34.932 
0.966677 -0.084862 0.241526 -4.11852 -0.25119 -0.132377 0.958843 9.96968 -0.0493968 -0.98756 -0.149283 35.1746 
0.965945 -0.0801488 0.24602 -4.1404 -0.254175 -0.115988 0.960178 10.1737 -0.0484216 -0.990012 -0.13241 34.8945 
0.966238 -0.091216 0.240964 -4.03703 -0.252866 -0.156318 0.95479 10.4376 -0.0494252 -0.983486 -0.174106 35.4799 
0.965464 -0.0901079 0.244459 -4.05084 -0.256226 -0.158402 0.95355 10.6504 -0.0471995 -0.983254 -0.17602 35.4733 
0.967497 -0.0925894 0.235324 -3.88317 -0.248145 -0.168292 0.953993 10.8189 -0.0487265 -0.981379 -0.185798 35.5845 
0.967027 -0.0901125 0.238199 -3.88772 -0.250224 -0.162101 0.954521 11.0108 -0.0474019 -0.982651 -0.179305 35.4574 
0.966734 -0.0994474 0.23566 -3.81053 -0.251326 -0.198058 0.947422 11.3232 -0.0475443 -0.975133 -0.216463 35.9612 
0.964046 -0.103439 0.244778 -3.91671 -0.26182 -0.212164 0.941508 11.5774 -0.0454556 -0.971744 -0.231619 36.149 
0.963101 -0.105889 0.247434 -3.91361 -0.265335 -0.219521 0.938833 11.8254 -0.0450952 -0.969844 -0.239517 36.2167 
0.965682 -0.0966761 0.241064 -3.77638 -0.255465 -0.186096 0.948739 11.8851 -0.0468594 -0.977764 -0.204407 35.6573 
0.96735 -0.0942753 0.235259 -3.65443 -0.249169 -0.183954 0.950829 12.0527 -0.0463628 -0.978403 -0.201438 35.5726 
