1 0 0 0 0 1 0 0 0 0 1 0 
0.999994 0.000220382 0.00343241 -0.12167 -0.000280817 0.999845 0.0176169 -0.513166 -0.00342799 -0.0176178 0.999839 0.386953 
0.999972 0.00142326 0.00732994 -0.253275 -0.00166436 0.999454 0.0329912 -0.960614 -0.00727899 -0.0330025 0.999429 0.827203 
0.999733 -0.000500515 0.0230864 -0.727859 -0.000739655 0.998558 0.0536789 -1.54849 -0.0230799 -0.0536817 0.998291 1.13098 
0.999984 -0.00227586 0.00518052 -0.216451 0.00196928 0.998289 0.0584331 -1.66489 -0.00530465 -0.058422 0.998278 1.47589 
0.999803 -0.00320104 0.0196079 -0.659154 0.00191014 0.99785 0.0655039 -1.84364 -0.0197754 -0.0654535 0.99766 1.91628 
0.999779 -0.00444719 0.0205615 -0.705232 0.00280147 0.99684 0.0793858 -2.23827 -0.0208495 -0.0793107 0.996632 2.26927 
0.999721 -0.00439452 0.0232051 -0.79354 0.00230867 0.996015 0.0891606 -2.49127 -0.0235044 -0.0890821 0.995747 2.65887 
0.999862 -0.00658361 0.015273 -0.571183 0.00516594 0.995831 0.0910713 -2.50678 -0.0158089 -0.0909798 0.995727 3.0019 
0.999894 -0.00752259 0.0124511 -0.502428 0.00643918 0.996371 0.0848746 -2.29234 -0.0130444 -0.0847854 0.996314 3.35104 
0.999923 -0.00769151 0.00976591 -0.439234 0.00676553 0.995778 0.0915459 -2.46301 -0.0104288 -0.0914727 0.995753 3.77764 
0.999958 -0.00690844 0.00597778 -0.344813 0.00605928 0.991236 0.131965 -3.61291 -0.00683707 -0.131924 0.991236 4.22288 
0.999894 -0.0072882 0.0126323 -0.550352 0.00529178 0.988455 0.151425 -4.10438 -0.01359 -0.151342 0.988388 4.80709 
0.999788 -0.00740822 0.0192366 -0.758659 0.0038211 0.983621 0.180208 -4.90754 -0.0202565 -0.180097 0.98344 5.25183 
0.999706 -0.0107481 0.021743 -0.843606 0.00514916 0.970068 0.242779 -6.66794 -0.0237016 -0.242595 0.969838 5.99583 
0.999853 -0.0124236 0.0118299 -0.563882 0.00878628 0.963137 0.268868 -7.32521 -0.0147341 -0.268724 0.963104 6.60791 
0.99973 -0.0129143 0.0193073 -0.800436 0.00706405 0.960864 0.276931 -7.46645 -0.022128 -0.27672 0.960696 7.03001 
0.999597 -0.0130069 0.0252474 -0.991002 0.00547217 0.960513 0.278182 -7.38705 -0.0278687 -0.277932 0.960196 7.45039 
0.999637 -0.0151328 0.0222784 -0.921306 0.00784524 0.954955 0.296646 -7.80029 -0.0257639 -0.296363 0.954728 8.03192 
0.999818 -0.0151781 0.0115315 -0.615814 0.010796 0.94947 0.313671 -8.16381 -0.0157098 -0.31349 0.949462 8.59133 
0.999726 -0.0151568 0.0178375 -0.810413 0.00920541 0.955224 0.295741 -7.50854 -0.0215213 -0.295496 0.955102 8.83962 
0.999877 -0.0146274 0.00567032 -0.46773 0.0121401 0.95037 0.310884 -7.83596 -0.00993632 -0.310777 0.950431 9.35855 
0.999914 -0.0126748 0.00331665 -0.418477 0.0110163 0.950407 0.310815 -7.69755 -0.00709168 -0.310752 0.950465 9.75083 
0.999741 -0.0131932 0.0185515 -0.88238 0.00625021 0.942698 0.33359 -8.26047 -0.0218895 -0.333387 0.942536 10.2976 
0.999669 -0.0122266 0.0226393 -1.00749 0.00417288 0.945275 0.326248 -7.93142 -0.0253893 -0.326046 0.945013 10.5598 
0.999667 -0.0140424 0.0216371 -0.984962 0.00541104 0.934327 0.356376 -8.66874 -0.0252205 -0.35614 0.934092 11.2845 
0.999443 -0.0158719 0.0293456 -1.22303 0.0032907 0.922196 0.386708 -9.42258 -0.0332002 -0.386396 0.921735 11.9869 
0.999668 -0.0176245 0.0187731 -0.923248 0.00776452 0.901443 0.432828 -10.6379 -0.0245513 -0.432539 0.901281 12.8924 
0.999741 -0.0183067 0.0135405 -0.786988 0.0103711 0.89549 0.444961 -10.8369 -0.0202711 -0.444705 0.895447 13.3724 
0.999852 -0.0167619 0.00397996 -0.518415 0.0133197 0.89864 0.438485 -10.4485 -0.0109264 -0.438367 0.89873 13.688 
0.999791 -0.0160941 -0.0125981 -0.052108 0.019998 0.897589 0.440379 -10.3557 0.00422041 -0.440539 0.897723 14.0321 
0.99987 -0.015258 -0.00515665 -0.295701 0.0159763 0.899083 0.437488 -10.1288 -0.00203894 -0.437513 0.89921 14.2992 
0.999758 -0.0139864 -0.0170029 0.027946 0.0202099 0.889373 0.456735 -10.5391 0.00873383 -0.456968 0.88944 14.903 
0.999759 -0.0149393 -0.0160926 -0.0256461 0.020768 0.881327 0.472051 -10.8595 0.0071307 -0.472271 0.881425 15.378 
0.999632 -0.0162687 -0.0217274 0.113196 0.024651 0.879187 0.475839 -10.7822 0.0113611 -0.476199 0.879264 15.7886 
0.999623 -0.0172058 -0.0214002 0.076647 0.025537 0.868971 0.494203 -11.1525 0.010093 -0.494563 0.869083 16.3967 
0.999491 -0.0169804 -0.0270249 0.213224 0.0283709 0.860558 0.508562 -11.3737 0.0146209 -0.50907 0.860601 16.9879 
0.999454 -0.0179325 -0.0277507 0.207654 0.0296446 0.857581 0.513494 -11.3155 0.0145902 -0.514037 0.857644 17.4163 
0.999056 -0.0178155 -0.0396321 0.526842 0.0363089 0.843312 0.536196 -11.8419 0.0238696 -0.537129 0.843163 18.0701 
0.999277 -0.0180126 -0.0334877 0.311307 0.0330256 0.847631 0.529558 -11.435 0.0188465 -0.530281 0.847613 18.2704 
0.998782 -0.0186956 -0.045666 0.636696 0.0401221 0.846417 0.531007 -11.2642 0.028725 -0.532192 0.846136 18.6479 
0.998535 -0.0168921 -0.0513972 0.765275 0.042602 0.831076 0.554525 -11.7309 0.0333479 -0.555903 0.830578 19.4613 
0.998416 -0.0160215 -0.0539287 0.800915 0.0443614 0.813736 0.579539 -12.2294 0.0345987 -0.581014 0.813158 20.3016 
0.998538 -0.0128772 -0.0525007 0.723699 0.042056 0.795244 0.604829 -12.7821 0.0339623 -0.606153 0.794623 21.1097 
0.998323 -0.0130987 -0.0563906 0.796305 0.0441342 0.802579 0.594911 -12.2365 0.0374653 -0.596402 0.801811 21.2451 
0.997208 -0.0115716 -0.0737694 1.26425 0.0547391 0.785226 0.616785 -12.6242 0.0507884 -0.619102 0.783667 22.1212 
0.998059 -0.010727 -0.0613412 0.860877 0.0472834 0.771553 0.634405 -12.9509 0.0405228 -0.636074 0.770563 22.7488 
0.997435 -0.00829973 -0.0710886 1.11065 0.0528949 0.754588 0.654063 -13.3234 0.0482141 -0.656146 0.753092 23.4948 
0.997446 -0.00779036 -0.0709978 1.05423 0.053427 0.741089 0.669278 -13.4442 0.0474018 -0.671362 0.739613 24.2577 
0.998341 -0.00844074 -0.0569544 0.603838 0.0442236 0.745845 0.664649 -13.0437 0.0368691 -0.666066 0.744981 24.4017 
0.999174 -0.00936214 -0.0395402 0.0577647 0.032543 0.767073 0.640734 -12.1037 0.0243316 -0.641491 0.766744 24.0284 
0.999352 -0.0100377 -0.0345526 -0.121761 0.0294925 0.778614 0.62681 -11.4328 0.0206113 -0.627423 0.778405 24.0049 
0.999534 -0.0101482 -0.0287847 -0.321719 0.0262152 0.768434 0.639392 -11.5559 0.0156305 -0.639848 0.768342 24.5912 
0.99983 -0.0122801 -0.0137339 -0.790392 0.0182416 0.764314 0.644586 -11.482 0.00258145 -0.644728 0.764408 24.9759 
0.99981 -0.0112537 -0.0159378 -0.756635 0.0189849 0.749483 0.661751 -11.7182 0.00449796 -0.661928 0.749554 25.7193 
0.999772 -0.0100138 -0.0188478 -0.702726 0.0200019 0.747694 0.663742 -11.5494 0.00744583 -0.663968 0.747724 26.0286 
0.999797 -0.0108182 -0.0169831 -0.783787 0.0192645 0.759348 0.6504 -10.8592 0.00585988 -0.650595 0.759402 26.0374 
0.999541 -0.00958076 -0.028743 -0.457655 0.0262674 0.746808 0.66452 -11.0563 0.0150989 -0.66497 0.746717 26.667 
0.999453 -0.00898319 -0.0318261 -0.394743 0.0277855 0.749981 0.660875 -10.6719 0.0179322 -0.661398 0.749821 26.8915 
0.999897 -0.0100405 -0.010304 -1.05949 0.014359 0.741055 0.671291 -10.7161 0.00089576 -0.671369 0.741123 27.4297 
0.999932 -0.00933177 -0.00704866 -1.17338 0.0116558 0.746128 0.665701 -10.2785 -0.000952962 -0.665737 0.746186 27.587 
0.999864 -0.0078443 -0.0144801 -0.976717 0.0154664 0.749301 0.662048 -9.90311 0.00565667 -0.662183 0.749321 27.8021 
0.999978 -0.00546281 -0.00372859 -1.31183 0.00654162 0.733734 0.679406 -10.2023 -0.000975676 -0.679415 0.733753 28.4982 
0.9999 -0.00454172 -0.0133984 -1.0446 0.0124089 0.736404 0.676428 -9.78611 0.00679452 -0.676527 0.736387 28.7713 
0.999829 -0.00359967 -0.0181598 -0.930592 0.0152702 0.714942 0.699017 -10.168 0.010467 -0.699175 0.714874 29.7001 
0.999831 -0.00457732 -0.0178011 -0.966002 0.0158059 0.708428 0.705606 -10.0564 0.00938101 -0.705768 0.708381 30.1989 
0.999714 -0.00400813 -0.023576 -0.821032 0.0198576 0.688471 0.724992 -10.4103 0.0133255 -0.725253 0.688353 30.9864 
0.999492 -0.00433741 -0.0315756 -0.608311 0.0261996 0.675969 0.736464 -10.5007 0.0181498 -0.736917 0.675739 31.5937 
0.999827 -0.00527454 -0.0178194 -1.04249 0.0164775 0.69501 0.718811 -9.71215 0.00859325 -0.71898 0.694977 31.2741 
0.999766 -0.00680771 -0.0205305 -0.989307 0.019633 0.683942 0.729272 -9.7179 0.00907701 -0.729505 0.683915 31.8784 
0.999963 -0.00769987 0.00380649 -1.72505 0.00227817 0.665046 0.746798 -9.94642 -0.00828174 -0.746762 0.66504 32.6854 
0.999967 -0.00813075 -2.20898e-05 -1.63148 0.0054917 0.673392 0.739265 -9.43138 -0.0059959 -0.73924 0.673415 32.7025 
0.999952 -0.00812058 -0.00543609 -1.49109 0.00947025 0.668078 0.744031 -9.2956 -0.00241023 -0.744047 0.668123 33.0999 
0.999907 -0.00808529 0.0110114 -1.99438 -0.00251932 0.683084 0.730336 -8.58413 -0.0134267 -0.730295 0.683 32.9635 
0.999942 -0.0108021 -0.000187715 -1.6824 0.00717006 0.650527 0.759449 -9.18069 -0.00808156 -0.759406 0.650566 34.1612 
0.999893 -0.0101209 0.0105429 -2.01275 -0.000742615 0.685278 0.728281 -7.95947 -0.0145957 -0.728211 0.685197 33.4122 
0.99989 -0.0092046 0.0116557 -2.0594 -0.00276862 0.655516 0.755177 -8.50998 -0.0145916 -0.755125 0.655418 34.5005 
0.999969 -0.00780795 0.000515289 -1.74621 0.00488635 0.674519 0.738241 -7.72258 -0.00611172 -0.738216 0.674537 34.2079 
0.999939 -0.00810844 -0.00745174 -1.53097 0.0109764 0.679109 0.733956 -7.28762 -0.000890692 -0.733993 0.679157 34.3576 
0.999956 -0.00682925 -0.00636084 -1.58953 0.00932356 0.700902 0.713197 -6.36938 -0.000412276 -0.713225 0.700935 34.0018 
0.999973 -0.00670048 0.00312789 -1.88676 0.00242328 0.696578 0.717477 -6.22461 -0.00698626 -0.71745 0.696575 34.3952 
0.999902 -0.00830124 0.0112728 -2.14518 -0.0023719 0.693132 0.720806 -6.01997 -0.0137972 -0.720762 0.693045 34.7937 
0.99968 -0.00846153 0.0238583 -2.51926 -0.011132 0.699519 0.714528 -5.56127 -0.0227354 -0.714564 0.6992 34.8915 
0.999658 -0.00940788 0.0243945 -2.5469 -0.0112877 0.686301 0.72723 -5.6812 -0.0235837 -0.727257 0.68596 35.5164 
0.999674 -0.00896819 0.0239067 -2.53897 -0.0111993 0.687415 0.726179 -5.37156 -0.0229463 -0.72621 0.68709 35.7544 
0.999665 -0.010586 0.0236023 -2.54308 -0.0107942 0.658479 0.752522 -5.90747 -0.0235079 -0.752525 0.658144 36.8195 
0.99931 -0.00882237 0.0360769 -2.91415 -0.0210142 0.666622 0.7451 -5.33058 -0.0306232 -0.745344 0.665977 36.9114 
0.999274 -0.00819164 0.0372009 -2.94765 -0.0222552 0.667038 0.744692 -4.96676 -0.0309146 -0.744979 0.666371 37.2119 
0.999471 -0.011739 0.0303308 -2.7551 -0.0156231 0.644649 0.764319 -5.2312 -0.0285251 -0.764388 0.644125 38.127 
0.999698 -0.0094632 0.0226685 -2.53135 -0.0108459 0.657952 0.752982 -4.56213 -0.0220404 -0.753 0.657651 38.0383 
0.999712 -0.00820103 0.0225654 -2.5425 -0.0119871 0.643849 0.765058 -4.69273 -0.020803 -0.765108 0.643565 38.6381 
0.999551 -0.00780312 0.0289301 -2.73651 -0.0171368 0.643142 0.765555 -4.35989 -0.0245799 -0.765707 0.64272 38.9561 
0.99952 -0.0103444 0.0292082 -2.75988 -0.016072 0.632839 0.774116 -4.3288 -0.0264919 -0.774214 0.632369 39.5055 
0.999238 -0.0125002 0.0369665 -2.988 -0.0216412 0.610768 0.791514 -4.5062 -0.032472 -0.791711 0.610032 40.4203 
0.999496 -0.0109482 0.0298102 -2.78357 -0.0173646 0.597528 0.80166 -4.56384 -0.0265891 -0.801773 0.597036 40.9884 
0.999575 -0.0108521 0.0270616 -2.70829 -0.0149547 0.60594 0.79537 -4.07538 -0.0250291 -0.795436 0.60552 40.966 
0.999553 -0.0100314 0.0281643 -2.74754 -0.0166807 0.594662 0.803803 -3.99908 -0.0248115 -0.803913 0.594229 41.5392 
0.999801 -0.00751214 0.018466 -2.47097 -0.0102445 0.601024 0.799166 -3.51529 -0.017102 -0.799196 0.600827 41.5976 
0.999801 -0.00733614 0.0185463 -2.48585 -0.00999534 0.620388 0.784232 -2.77546 -0.0172591 -0.784261 0.620191 41.2568 
0.999782 -0.00758643 0.0194638 -2.52792 -0.010751 0.612004 0.790782 -2.64654 -0.0179111 -0.790818 0.611789 41.7565 
0.99969 -0.0079559 0.0236046 -2.65855 -0.0136453 0.617882 0.786152 -2.21042 -0.0208394 -0.78623 0.617582 41.8107 
0.998908 -0.00928537 0.0457947 -3.32587 -0.0314137 0.592076 0.80527 -2.46662 -0.0345912 -0.805829 0.591138 42.8165 
0.997339 -0.0104714 0.0721457 -4.09028 -0.0512367 0.603309 0.79586 -1.79883 -0.05186 -0.797438 0.601168 42.8175 
0.997435 -0.00687842 0.0712483 -4.05586 -0.052087 0.612996 0.788367 -1.27534 -0.0490977 -0.790056 0.611065 42.765 
0.997634 -0.0112051 0.0678233 -3.95632 -0.0486533 0.581913 0.811794 -1.71942 -0.0485635 -0.813174 0.579991 43.8602 
0.998303 -0.00982499 0.0573953 -3.63535 -0.0410467 0.580397 0.813298 -1.34965 -0.0413027 -0.814274 0.579009 44.1938 
0.998731 -0.0097202 0.049413 -3.38715 -0.0345867 0.580796 0.813314 -0.931974 -0.0366045 -0.813991 0.579723 44.4751 
0.998493 -0.0114945 0.0536635 -3.50857 -0.0377739 0.565403 0.823949 -0.912292 -0.0398124 -0.824735 0.564117 45.1769 
0.998759 -0.00976145 0.0488392 -3.3684 -0.0345557 0.570369 0.820662 -0.505326 -0.0358672 -0.821331 0.569323 45.2309 
0.999218 -0.0120708 0.0376414 -3.04583 -0.0250401 0.543542 0.839008 -0.76556 -0.0305872 -0.839295 0.542815 46.1865 
0.998398 -0.0135842 0.0549184 -3.55474 -0.0393646 0.530401 0.846833 -0.709228 -0.0406323 -0.847638 0.529017 46.7838 
0.998511 -0.0132716 0.0529056 -3.4915 -0.0380281 0.525958 0.84966 -0.462648 -0.0391025 -0.850407 0.524671 47.1233 
0.997786 -0.0144536 0.0649163 -3.85399 -0.0476168 0.526179 0.84904 -0.1791 -0.0464292 -0.850251 0.524326 47.2977 
0.998872 -0.0140828 0.0453574 -3.27547 -0.0307948 0.535011 0.844283 0.270714 -0.0361566 -0.844727 0.533974 47.2037 
0.998699 -0.0149456 0.0487437 -3.3788 -0.0339358 0.51863 0.854325 0.326143 -0.0380484 -0.854868 0.517449 47.9079 
0.99843 -0.0150456 0.0539561 -3.52095 -0.0377739 0.530421 0.846893 0.946819 -0.0413615 -0.847601 0.52902 47.8117 
0.998702 -0.0144494 0.0488472 -3.36483 -0.0339435 0.526244 0.849656 1.2321 -0.0379826 -0.850211 0.52507 48.1539 
0.998777 -0.014314 0.047317 -3.3198 -0.0323398 0.534736 0.8444 1.74382 -0.0373889 -0.844898 0.533619 48.1347 
0.999231 -0.0163125 0.0356615 -2.98418 -0.0224684 0.50717 0.861553 1.48981 -0.0321406 -0.861692 0.506413 49.085 
0.999111 -0.0161133 0.0389555 -3.08545 -0.0253212 0.509428 0.860141 1.83169 -0.0337047 -0.860362 0.508567 49.2098 
0.998362 -0.0160471 0.0549162 -3.55048 -0.0382727 0.526145 0.849533 2.4712 -0.0425264 -0.850244 0.524669 48.9367 
0.998763 -0.0164201 0.0469278 -3.30973 -0.031354 0.524503 0.850831 2.80267 -0.0385845 -0.85125 0.52334 49.1994 
0.998651 -0.0168905 0.0490978 -3.36988 -0.0333262 0.516604 0.855576 3.00935 -0.0398152 -0.856058 0.515344 49.6531 
0.99926 -0.0190687 0.0334189 -2.9165 -0.019202 0.505516 0.862604 3.13327 -0.0333425 -0.862607 0.504775 50.1591 
0.998794 -0.0215943 0.0440898 -3.23966 -0.0280167 0.486759 0.873087 3.11603 -0.0403148 -0.873269 0.485567 50.89 
0.998958 -0.0228614 0.0395076 -3.10603 -0.0233844 0.487002 0.873088 3.50573 -0.0392002 -0.873102 0.485959 51.1015 
0.998049 -0.0252063 0.0571146 -3.61746 -0.0381571 0.477796 0.877642 3.81846 -0.0494113 -0.878109 0.475903 51.6316 
0.998148 -0.0265617 0.0547245 -3.5495 -0.0358793 0.469403 0.882255 3.97469 -0.049122 -0.882584 0.467581 52.0302 
0.997893 -0.0280649 0.0584898 -3.65964 -0.0393336 0.455234 0.889502 4.08393 -0.0515904 -0.889929 0.453172 52.6225 
0.998468 -0.0292325 0.0469713 -3.31069 -0.0290261 0.44599 0.894567 4.39457 -0.0470991 -0.894561 0.444458 53.1147 
0.998082 -0.0278791 0.0552692 -3.55006 -0.0367802 0.451074 0.891728 4.84946 -0.0497911 -0.892051 0.449183 53.1649 
0.997979 -0.0285682 0.0567544 -3.59443 -0.0382218 0.443617 0.895401 5.05616 -0.0507572 -0.895761 0.441629 53.5463 
0.995626 -0.0289757 0.0888198 -4.5248 -0.0671857 0.438556 0.896189 5.43384 -0.0649202 -0.898237 0.434691 53.9458 
0.995334 -0.028712 0.0921195 -4.60624 -0.0702116 0.439359 0.895563 5.78019 -0.066187 -0.897852 0.435293 54.0868 
0.993603 -0.0309048 0.108615 -5.06994 -0.0850797 0.427577 0.899966 6.03597 -0.0742545 -0.90345 0.422213 54.6591 
0.993974 -0.0301624 0.10538 -4.95632 -0.0825584 0.426403 0.900758 6.32926 -0.0721035 -0.90403 0.421343 54.8393 
0.993632 -0.0295589 0.108728 -5.02741 -0.086375 0.419816 0.90349 6.62935 -0.0723517 -0.907128 0.414589 55.206 
0.992805 -0.0287935 0.116229 -5.22017 -0.0945311 0.407333 0.908374 6.85159 -0.0734991 -0.912826 0.40168 55.7462 
0.993609 -0.0332121 0.107883 -4.95136 -0.0870717 0.382712 0.919756 6.86168 -0.071835 -0.923271 0.377374 56.6128 
0.994126 -0.0322128 0.103325 -4.79195 -0.0829863 0.385976 0.918768 7.28547 -0.0694773 -0.921946 0.381036 56.6689 
0.993471 -0.0337571 0.108979 -4.94015 -0.0891385 0.366512 0.926134 7.40665 -0.0712056 -0.929801 0.36111 57.3821 
0.994775 -0.0341107 0.0962256 -4.54205 -0.0777469 0.357769 0.930568 7.57308 -0.0661689 -0.933187 0.353248 57.7301 
0.995756 -0.0334882 0.08572 -4.2254 -0.0675618 0.366446 0.927983 7.94381 -0.0624882 -0.929837 0.362628 57.5702 
0.995317 -0.0338431 0.0905489 -4.35493 -0.0719077 0.366815 0.927511 8.3288 -0.0646046 -0.929678 0.362664 57.7142 
0.994178 -0.0316825 0.102983 -4.70362 -0.0832253 0.381232 0.920726 8.89704 -0.0684313 -0.923936 0.376375 57.4671 
0.994524 -0.0364876 0.0979321 -4.53681 -0.0806191 0.328442 0.941077 8.66382 -0.0665026 -0.943819 0.323702 59.163 
0.994677 -0.0381949 0.0957001 -4.44928 -0.077716 0.331749 0.940161 9.04372 -0.0676578 -0.942594 0.327015 59.1865 
0.995049 -0.0383349 0.0916895 -4.31058 -0.0742774 0.32608 0.94242 9.35512 -0.0660256 -0.944565 0.321618 59.4706 
0.993679 -0.0376753 0.105748 -4.70249 -0.0870521 0.336169 0.93777 9.89042 -0.0708799 -0.941048 0.330765 59.3358 
0.992378 -0.0340663 0.118425 -5.02961 -0.0993841 0.346919 0.932615 10.5166 -0.0728546 -0.937276 0.340889 59.2092 
0.989289 -0.0321219 0.142394 -5.70742 -0.121879 0.355066 0.926862 11.0415 -0.0803318 -0.934289 0.347348 59.1644 
0.989526 -0.0301327 0.141173 -5.61624 -0.120129 0.370387 0.921077 11.6608 -0.0800432 -0.928389 0.362887 58.8938 
0.988304 -0.0285586 0.149799 -5.82676 -0.127847 0.380307 0.915981 12.1883 -0.0831287 -0.924419 0.372208 58.7644 
0.987086 -0.0313433 0.157098 -6.0087 -0.134879 0.366479 0.920598 12.3586 -0.0864277 -0.929898 0.357519 59.3203 
0.990485 -0.0321845 0.133805 -5.28083 -0.113154 0.362942 0.924916 12.6077 -0.0783316 -0.931256 0.355847 59.5158 
0.991137 -0.0379927 0.127293 -5.04318 -0.108456 0.321893 0.940544 12.5483 -0.0767084 -0.946014 0.314919 60.8617 
0.991759 -0.0404505 0.121564 -4.83998 -0.10461 0.292115 0.950645 12.6427 -0.0739646 -0.955527 0.285476 61.8554 
0.992655 -0.0428977 0.113115 -4.55574 -0.096638 0.281299 0.954742 12.947 -0.0727752 -0.958661 0.275087 62.2913 
0.993114 -0.0483763 0.106695 -4.34738 -0.0917032 0.245731 0.96499 12.9612 -0.0729009 -0.96813 0.239603 63.4216 
0.992941 -0.0487709 0.108119 -4.35575 -0.0929251 0.246611 0.964649 13.4311 -0.07371 -0.967887 0.240338 63.5123 
0.991804 -0.0461315 0.119154 -4.66549 -0.103617 0.255267 0.961302 13.8932 -0.0747624 -0.96577 0.248395 63.3642 
0.990963 -0.0465118 0.125811 -4.81849 -0.109889 0.256335 0.960321 14.3773 -0.0769161 -0.965468 0.248908 63.48 
0.991804 -0.0448565 0.119636 -4.60837 -0.104256 0.257173 0.960725 14.7724 -0.073862 -0.965324 0.250389 63.5501 
0.991149 -0.046643 0.124287 -4.70313 -0.109054 0.247781 0.962659 15.191 -0.0756972 -0.967693 0.240501 63.9636 
0.990635 -0.046028 0.128546 -4.80106 -0.112897 0.253364 0.960761 15.6292 -0.0767908 -0.966275 0.245795 63.9017 
0.991888 -0.0465904 0.118268 -4.45829 -0.10342 0.245175 0.963947 15.9463 -0.073907 -0.968359 0.238367 64.227 
0.993203 -0.0471115 0.106433 -4.08915 -0.0919321 0.243304 0.965583 16.2294 -0.0713856 -0.968805 0.23732 64.3425 
0.994548 -0.0511185 0.0908897 -3.61629 -0.0777334 0.217558 0.972947 16.3877 -0.0695093 -0.974708 0.212398 65.1563 
0.995196 -0.0530232 0.0823016 -3.36109 -0.0693107 0.212135 0.974779 16.6795 -0.069145 -0.975801 0.207441 65.3762 
0.995236 -0.0512563 0.0829315 -3.36853 -0.0692165 0.227572 0.971298 17.1499 -0.068658 -0.972411 0.22294 65.0038 
0.99542 -0.0494069 0.0818458 -3.33152 -0.0687167 0.225441 0.97183 17.4819 -0.0664665 -0.973003 0.221013 65.1394 
0.994763 -0.0474802 0.0905106 -3.57353 -0.076607 0.239858 0.967781 17.9789 -0.0676602 -0.969646 0.234965 64.8262 
0.993882 -0.0478709 0.0995317 -3.82822 -0.0858149 0.232594 0.968781 18.2694 -0.0695269 -0.971395 0.227063 65.1363 
0.993891 -0.0506004 0.0980789 -3.76965 -0.0860505 0.201144 0.975775 18.4128 -0.0691026 -0.978254 0.195561 66.1378 
0.992867 -0.0544318 0.106073 -3.98324 -0.0947969 0.179137 0.979246 18.691 -0.0723037 -0.982317 0.172699 66.886 
0.991291 -0.0540205 0.120099 -4.36224 -0.108157 0.186297 0.976522 19.2464 -0.0751263 -0.981007 0.178831 66.7871 
0.992332 -0.0556025 0.110388 -4.04847 -0.0994497 0.171148 0.980213 19.5323 -0.073395 -0.983675 0.164306 67.2829 
0.990533 -0.0527025 0.126756 -4.49789 -0.114598 0.190905 0.974896 20.1073 -0.0755779 -0.980193 0.183058 66.8056 
0.991514 -0.0527802 0.118806 -4.22626 -0.105925 0.201829 0.973676 20.607 -0.0753693 -0.977998 0.194525 66.5558 
0.992235 -0.0508638 0.113501 -4.03599 -0.10069 0.207217 0.9731 21.0474 -0.0730148 -0.976972 0.200486 66.4676 
0.992684 -0.0505525 0.109654 -3.89428 -0.0968534 0.208925 0.973124 21.4126 -0.0721032 -0.976624 0.2025 66.4853 
0.99273 -0.0487903 0.110031 -3.87767 -0.0971029 0.215528 0.971658 21.8616 -0.0711223 -0.975278 0.209224 66.3855 
0.993258 -0.0524334 0.103392 -3.65029 -0.0924454 0.179907 0.97933 22.0614 -0.0699506 -0.982285 0.173846 67.5095 
0.991742 -0.0544812 0.1161 -4.00664 -0.105618 0.166554 0.980359 22.3793 -0.072748 -0.984526 0.159424 67.9979 
0.990038 -0.0562741 0.129063 -4.36 -0.118794 0.158187 0.980237 22.7707 -0.0755781 -0.985804 0.149926 68.349 
0.990006 -0.0557699 0.129526 -4.32782 -0.119482 0.156159 0.980479 23.2264 -0.0749078 -0.986156 0.147935 68.4838 
0.990791 -0.0553295 0.123582 -4.11442 -0.114179 0.14918 0.982196 23.6228 -0.0727804 -0.987261 0.141489 68.736 
